 tempo     81     84    87    90     93     96     99
     0   4.31   1.41 24.98 43.43  52.22  61.92  55.72
     1   6.00   6.14 27.89 49.94  65.22  66.51  60.78
     2  10.64  20.78 42.85 49.29  62.19  66.56  65.79
     3  19.63  38.51 43.65 50.84  57.77  59.24 -12.83
     4  22.01  36.20 35.64 34.77  19.78  10.93 -30.36
     5  34.16  24.94 41.22 30.28  -5.14 -26.05 -40.89
     6  36.94  29.86 16.27 -0.12 -16.70 -26.12 -49.68
     7  16.00   8.49  2.63 -8.57 -16.83 -19.97 -27.24
     8   4.82  -2.48  1.78  5.08  10.16  13.32   4.38
     9  -2.98  -1.44  6.85 22.91  34.76  29.04   7.29
    10 -12.79   7.88 13.96 30.17  40.58  33.53   5.00
    11 -22.49 -10.10 23.25 37.48  37.85  32.46  15.56
    12  -7.45   4.96 11.85 33.01  40.54  21.06   2.85
    13    NaN  28.56 16.01 25.79  31.19  28.24 -37.79
    14    NaN  34.91 39.10 48.16  35.72  19.54    NaN
    15 -16.53 -20.84 45.62 40.09  49.90  42.71    NaN
    16 -28.42   3.96  7.25 62.23  19.26  30.45    NaN
    17    NaN    NaN   NaN   NaN    NaN    NaN    NaN
    18    NaN    NaN   NaN   NaN    NaN    NaN    NaN
    19    NaN  20.84   NaN 62.49    NaN    NaN    NaN
    20    NaN   9.64   NaN 35.93  53.70    NaN    NaN
    21  13.12  44.83 67.16 21.97  29.37 -44.04    NaN
    22   8.39  32.65 48.94 62.05  54.23  13.71 -10.15
    23  25.20  15.35 44.59 64.01  43.08  22.87   5.77