 tempo     81     84     87     90     93     96     99
     0 -56.26 -23.59 -31.65 -42.50 -35.93 -21.64 -21.37
     1 -40.65 -37.06 -28.99 -36.35 -41.45 -26.15 -28.81
     2 -20.14 -36.41 -29.40 -25.99 -27.98 -21.21   4.67
     3  -4.10 -34.35 -44.47 -26.95 -16.46  -2.15  10.91
     4 -18.52 -45.36 -32.93  -8.25  -4.33  12.60  36.74
     5  -2.67 -34.00 -25.67   0.81  12.39  25.82  38.62
     6 -45.25 -36.13 -21.29 -11.84  -7.53   3.25  15.02
     7 -21.38  -9.79 -25.15 -10.15  -6.57  -3.97  30.42
     8 -15.23 -29.80 -26.53 -10.60  -8.58   3.54  31.48
     9 -26.15 -23.49 -19.67 -10.44 -10.32  -0.69  20.34
    10   4.04 -24.40 -19.23 -22.50 -25.38   6.92  47.41
    11  -6.57 -35.10 -36.03 -35.19 -10.87  43.05  27.73
    12 -24.16 -29.75 -26.39 -32.67  -4.58  48.80 101.20
    13 -29.27 -24.90 -25.59 -20.73  -2.83  38.76    NaN
    14   6.02 -28.04 -32.33 -21.28   9.27  24.90    NaN
    15   3.49   3.37 -14.49  13.12  20.56    NaN    NaN
    16 -17.31 -22.89  -4.16  42.87 -15.42    NaN    NaN
    17 -19.73 -23.41  -2.52  22.30    NaN    NaN    NaN
    18    NaN    NaN  48.20    NaN    NaN    NaN    NaN
    19    NaN   3.61  14.19    NaN    NaN    NaN    NaN
    20  17.29  11.67  29.61  27.84    NaN    NaN    NaN
    21  11.67  22.72  39.95  21.74 -24.19 -65.46    NaN
    22   9.08  21.14  17.65 -19.71 -40.56 -62.12 -42.46
    23  20.06  17.81  30.14 -10.74 -43.89 -72.02 -27.57