 tempo    81     84     87     90     93     96      99
     0  8.95  22.29   1.96 -13.44 -21.94  -5.63   -8.29
     1   NaN  24.96   8.53  -9.15 -17.04 -11.23   -3.33
     2   NaN  14.89   3.24 -13.21 -17.17  -9.62  -16.11
     3 13.54  10.13 -11.38 -20.73 -16.64   0.77   -4.52
     4  3.50   7.92  -9.48 -17.39  -2.78  -2.09  -10.83
     5 18.65  11.98   5.30   9.21  15.05  18.37    8.83
     6 18.54  24.03  11.01  28.54  41.19  27.32   12.50
     7 23.34  32.53  32.38  40.47  37.87  26.35    6.71
     8 32.43  38.21  35.79  24.89   6.62  -7.35    3.26
     9 30.24  26.56  22.86   7.22  -1.82 -24.06  -33.12
    10 11.01  11.82  13.86   8.59  -8.93 -29.88  -53.96
    11 14.17  10.09  14.00  -3.94 -22.68 -39.52  -58.54
    12  7.89  11.24  -0.88  -9.39 -28.76 -48.10  -30.38
    13 12.54   8.16 -16.36 -19.27 -37.64 -38.90 -120.30
    14 11.40 -12.84 -22.37 -30.03 -45.22 -44.63     NaN
    15  8.77  -7.71 -26.09 -34.35 -41.25 -49.28     NaN
    16 22.13   1.60 -20.12 -49.05 -46.82 -12.97     NaN
    17   NaN -15.32 -20.02 -32.99  13.33    NaN     NaN
    18 20.55  -1.90 -12.43  -9.55    NaN    NaN     NaN
    19   NaN    NaN   3.72  -4.32    NaN    NaN     NaN
    20   NaN  -0.55    NaN   6.88   6.44  12.75     NaN
    21   NaN  10.51   6.39  13.44   4.36    NaN     NaN
    22   NaN   9.05  21.26  46.76  14.25 -11.31     NaN
    23   NaN  18.69  36.65  45.28  17.62  34.67     NaN