 tempo     81     84     87     90     93     96     99
     0 -12.18 -23.08  -2.36  -6.17 -14.48 -23.67 -10.63
     1    NaN -25.41 -13.51  -9.32 -10.71   2.39 -11.03
     2  14.52 -50.27 -12.01  -2.23   8.29   8.63  -7.79
     3 -48.18 -49.39 -12.57   0.13   6.83   6.97   0.30
     4  -2.50 -26.39  -5.52  23.18  10.98   8.22  10.35
     5  -1.40   6.08  10.43  12.46   8.78   1.51   8.42
     6 -15.95  27.41  30.58  23.07   9.11  -9.54 -27.95
     7 -11.37  21.53  22.45  -5.44 -26.17 -35.33 -65.78
     8  14.82   2.50   5.27 -12.36 -28.26 -40.89   4.08
     9  16.61   5.88   2.91 -22.36 -43.54 -59.78  13.53
    10   7.27   4.00 -24.90 -32.64 -43.48 -33.52   5.73
    11  -8.31 -11.79  -8.01 -35.22 -41.55 -19.40  49.03
    12   2.48   8.84  -0.74 -20.07 -36.17 -41.35  -3.56
    13  23.30   0.68  -0.66 -20.33 -23.61 -29.60   5.82
    14  -5.71 -17.26  -5.61 -14.12 -13.28  32.07    NaN
    15 -30.04  17.70  17.41  -4.31  28.53 -67.79    NaN
    16    NaN  32.80  24.02  41.99  44.17    NaN    NaN
    17    NaN    NaN  -1.00  -7.53 -31.98    NaN    NaN
    18 -52.11  26.12 -38.41  33.91    NaN    NaN    NaN
    19  -9.54  25.07  28.55  44.78    NaN    NaN    NaN
    20  -0.52  36.75  44.62  23.78 -21.71 -26.00    NaN
    21  -0.39  46.70  30.23   2.62 -15.87 -57.57    NaN
    22  17.93  31.11  36.72 -25.90 -49.12 -58.46 -50.97
    23  66.92  52.14 -22.77 -62.40 -70.13 -76.20 -73.12