 tempo     81     84     87     90     93     96     99
     0  -9.28   2.50  26.42  11.19 -41.41 -73.96 -53.20
     1    NaN  -5.06   7.08  -3.42 -35.16 -52.35 -37.03
     2    NaN  -6.61  21.53   3.78 -11.77 -32.42  -3.68
     3 -18.72 -16.12  22.92  15.45  -3.28  -4.62  29.27
     4 -18.88   2.33  27.90  10.27  -5.80  15.70  38.11
     5  30.30  11.74  17.57   4.12  -9.81  -1.66  31.76
     6   3.86   7.42  17.36 -19.42 -21.07 -14.26 -17.86
     7   7.86   7.56  -4.29 -29.89 -45.45 -34.91  -2.51
     8  22.08   6.98 -15.01 -41.15 -55.32 -43.31 -28.16
     9  14.06 -10.55 -26.92 -51.87 -51.48 -12.27  34.00
    10  12.65 -13.52 -38.91 -49.93 -49.56 -14.76  37.35
    11   0.48 -15.67 -62.69 -68.66 -60.79 -19.50  39.66
    12 -45.83 -51.41 -68.63 -66.75 -54.76 -19.87  36.45
    13 -39.28 -53.44 -55.26 -58.18 -55.85  -1.02  32.67
    14 -41.59 -55.57 -50.89 -55.24 -34.67 -16.30    NaN
    15 -13.84 -38.67 -50.74 -36.24 -13.27   3.73    NaN
    16  -6.41 -35.83 -33.61 -31.03   0.28  26.42    NaN
    17    NaN -40.61 -31.27 -15.80   1.08    NaN    NaN
    18 -26.55  -1.09  -7.02  13.93    NaN    NaN    NaN
    19    NaN    NaN -16.72   0.33    NaN    NaN    NaN
    20    NaN  20.24    NaN  44.10  66.95  74.45    NaN
    21    NaN   5.12  15.63  48.32  56.74    NaN    NaN
    22    NaN   4.95  17.02  36.58  27.34 -39.63    NaN
    23    NaN  13.65  -2.34  20.46   4.46 -23.70    NaN