 tempo     81     84     87     90     93     96     99
     0 -37.53  -6.96  -4.40 -17.95 -41.67 -34.86  33.13
     1   2.12  15.29 -44.17 -34.72 -41.37 -33.58  15.65
     2 -20.31 -39.16 -57.69 -94.64 -57.47 -37.84  -9.29
     3 -32.97 -41.79 -61.54 -52.37 -46.15   0.93  16.92
     4  -6.53 -28.76 -43.10 -34.51 -26.40  -5.29  28.69
     5 -20.49 -15.96 -17.38 -30.04 -14.98  11.01  11.52
     6  15.30  -4.22  -5.82  -6.71   7.36  12.11  37.95
     7   1.70   2.02  -3.90  -3.97   3.75 -10.02 -46.82
     8 -11.07  -0.73  -1.77   0.80   8.47   0.58 -22.06
     9   3.08   2.29  -4.17   2.37  10.83   7.64 -20.49
    10  -6.21  -3.43   3.78   4.71   6.40 -11.91 -41.32
    11 -18.13 -10.18  -6.74   6.01   6.80 -16.19 -35.63
    12 -20.41  -4.44  -2.57  -1.08 -19.24 -22.12    NaN
    13  -5.09  -6.16  -5.23  -6.14   3.19    NaN    NaN
    14  -2.34  -8.35   1.59  -1.65  11.86  -3.97    NaN
    15 -28.43  -4.37  -9.08   0.09  14.85  29.72    NaN
    16 -15.54  -4.15 -10.38   0.18  22.42    NaN    NaN
    17  -7.89  -7.27   0.05  11.27  29.95    NaN    NaN
    18 -16.33 -43.64 -14.51   5.81    NaN    NaN    NaN
    19   9.66   3.50   9.63   9.83    NaN    NaN    NaN
    20    NaN  -9.92    NaN    NaN   6.90    NaN    NaN
    21 -47.23  31.60  13.82   6.46    NaN  15.54  47.41
    22 -50.74   6.26   6.84  14.07  11.36  29.25  -8.99
    23 -26.88   0.18   6.42  13.99   4.60   7.80  12.40