 tempo     81     84     87     90    93    96     99
     0 -57.07 -18.71  -1.86   4.96  3.61 17.74  -9.35
     1 -41.08 -18.09  -7.85  -4.61 -8.28 -4.66   6.27
     2 -22.51 -10.93 -10.42  -6.02  0.21 -6.27  16.88
     3 -26.05 -14.18 -10.99   4.20 10.33  8.04 -16.40
     4 -34.72 -18.25 -17.82   1.31 13.38 14.95   8.32
     5 -36.00 -23.12 -15.20   9.40 21.30 29.21  34.27
     6 -29.46 -19.05   1.02  20.43 26.83 24.59  29.90
     7 -32.36 -23.94   0.35  23.56 22.38 27.27  18.94
     8 -46.88 -17.56   3.22  14.45 16.36 28.78  36.88
     9 -47.55 -28.05 -10.76   5.96 14.19 25.45  13.67
    10 -57.41 -27.59 -18.72  -4.46  3.96  9.61   8.59
    11 -58.88 -44.63 -20.34  -5.63 -2.70 12.31   3.86
    12 -50.82 -32.96 -27.71  -9.37  0.40  0.41 -13.39
    13 -32.04 -32.70 -26.63 -11.85 -0.43 -5.32    NaN
    14 -55.95 -42.15 -23.24 -12.58 17.74 21.10    NaN
    15 -46.68 -21.79  -3.90   0.56 12.51  3.39    NaN
    16 -50.41 -42.71 -19.11  16.69 23.51  5.41    NaN
    17    NaN    NaN    NaN    NaN   NaN   NaN    NaN
    18    NaN    NaN    NaN    NaN   NaN   NaN    NaN
    19    NaN    NaN  -3.35    NaN   NaN   NaN    NaN
    20 -64.85 -41.56   5.83  16.89  4.24   NaN    NaN
    21 -66.05  -7.48   2.61  12.30 24.24 52.70    NaN
    22 -99.67 -14.94   2.04  11.00 25.34 15.59  11.35
    23 -42.35 -49.71  -5.67  -8.08 26.45 19.49  45.95