 tempo     81     84     87     90     93     96     99
     0    NaN   9.41  34.62  55.79  31.06  24.46  26.62
     1  22.85  50.60  41.21  -2.96   4.42  20.65  17.50
     2   5.69   7.85  20.17  -2.81   0.72  -9.86 -15.55
     3  36.51   1.13 -21.45 -25.22 -33.46 -11.55 -30.04
     4   9.91  12.51  -9.02 -35.83 -39.45 -30.55 -22.49
     5  26.88  -4.14 -22.03 -46.27 -42.67 -30.28 -20.07
     6   5.44  -8.34 -30.80 -35.56 -34.97 -19.33 -14.55
     7  15.57 -11.64 -36.95 -41.09 -11.42   0.09  38.37
     8  -2.97 -21.56 -48.80 -36.81 -10.90  29.13  62.39
     9  -5.12 -21.15 -43.22 -43.86   4.42  52.97  73.29
    10   4.61 -27.10 -51.14 -38.23  18.08  42.64  65.75
    11 -19.33 -15.61 -40.14 -17.41  22.05  20.51  10.81
    12  -7.58 -41.82 -49.29  -9.90   7.97  21.94   1.09
    13 -33.05 -45.35 -45.12   8.21  37.03  38.45    NaN
    14 -47.90 -40.74 -16.09  14.34  61.68  10.00    NaN
    15   4.42 -47.18 -11.23  31.45  45.61    NaN    NaN
    16 -44.04 -44.72 -18.18  50.17  54.39  20.81    NaN
    17 -28.13  15.53  37.75  89.46  79.18    NaN    NaN
    18    NaN -37.67  28.71    NaN    NaN    NaN    NaN
    19    NaN  18.93    NaN  69.49  86.23    NaN    NaN
    20  18.10  28.53  70.91  73.93  58.77  75.24    NaN
    21 -19.53  42.66  61.09  33.27  42.98  44.27    NaN
    22  -7.48  25.88  48.76  22.19   7.37  -5.17    NaN
    23  -8.18  21.05  35.00  24.04  13.14 -14.10 -62.67