 tempo     81     84     87     90     93     96     99
     0  55.92  40.59  32.05   0.70 -24.50 -21.47 -23.54
     1  11.01  18.07  28.09   2.86 -24.54 -27.80 -25.76
     2  36.70  31.49   8.59 -20.55 -40.09 -37.46 -48.72
     3  49.78   9.86 -19.79 -59.77 -64.74 -59.95 -54.95
     4  31.00 -12.32 -54.20 -62.59 -47.24 -34.87 -39.22
     5  10.73 -63.84 -72.19 -53.32 -40.45 -41.75 -57.29
     6 -24.26 -72.97 -80.50 -56.06 -44.22 -58.95 -78.23
     7 -18.79 -51.88 -51.93 -28.69  -7.28 -20.98 -28.80
     8  38.68 -36.07 -22.90  15.55  19.26   9.23   9.13
     9 -11.64 -30.11  -3.59  20.10  20.00  17.28  25.59
    10 -11.94 -22.28  17.51  18.59  16.91   1.21   0.47
    11 -12.89 -28.24  -9.98   7.68   7.61 -10.98    NaN
    12 -18.93 -26.63 -18.31  -8.79 -11.13 -13.23 -19.40
    13   8.75 -12.74  -2.44   7.93  23.20    NaN    NaN
    14 -20.51 -23.07  48.94   7.93   0.97    NaN    NaN
    15 -46.07 -43.03 -20.88   4.83  32.73    NaN    NaN
    16 -62.97 -54.78   1.09  56.44    NaN    NaN    NaN
    17    NaN -37.60    NaN    NaN    NaN    NaN    NaN
    18 -20.39    NaN  49.92   7.19    NaN    NaN    NaN
    19 -11.62  10.25  19.70  -4.28    NaN    NaN    NaN
    20    NaN  26.30  15.96   2.35 -49.81    NaN    NaN
    21 -21.10  10.94   8.62 -43.29 -52.59 -43.48    NaN
    22   6.36   5.78 -18.81 -33.92 -35.25 -29.02 -24.66
    23 -21.16  -0.34  15.34  -5.06 -13.58 -24.54 -23.05