 tempo     81      84     87     90     93     96     99
     0 105.79   -6.13 -56.29 -70.64 -68.62 -59.99 -48.58
     1    NaN  -33.24 -62.28 -80.62 -90.56 -80.76    NaN
     2  52.79  -73.26 -97.40 -62.78 -63.57 -77.94 -79.62
     3  -8.48  -96.55 -90.20 -62.18 -64.55 -62.97  -5.65
     4 -57.11  -89.68 -94.66 -59.31 -50.75 -49.01   3.26
     5 -71.57 -120.29 -93.85 -60.02 -41.47 -27.49  38.93
     6 -49.75  -82.49 -71.70 -43.60 -27.54   1.31  45.44
     7 -56.97  -79.13 -39.39   0.69  14.96  23.04  39.03
     8 -67.30  -56.78 -16.60   6.07  22.99  33.19  46.78
     9 -34.98  -49.86  -3.17  13.66  18.84  25.27  38.10
    10  -7.20    7.89  10.96  13.40  19.27  31.64  60.13
    11 -50.53   -5.38  -4.57  17.66  22.19  39.39  47.46
    12  -9.15  -34.64 -14.62 -11.25  -7.26  13.11  16.42
    13  -5.76  -44.38 -41.19 -27.75 -25.76 -25.35    NaN
    14 -66.93  -45.85 -35.13 -20.85 -34.50 -38.23    NaN
    15 -59.75  -41.07 -50.84 -18.15 -11.72 -16.11    NaN
    16 -59.64  -49.17  -8.73  37.68  19.37  -6.84 -41.72
    17 -48.69  -27.08   1.26  41.87  36.43  19.70    NaN
    18    NaN  -10.67  22.39  86.14  62.69    NaN    NaN
    19    NaN     NaN  17.67  87.70  64.43    NaN    NaN
    20 -20.15   47.99  69.97  59.16  31.62    NaN  48.54
    21 -20.35   23.63  56.62  72.12  46.75  45.90    NaN
    22 -11.31    4.75  49.53  54.86  27.50  -1.34    NaN
    23  -6.88   37.82  49.67  38.51  23.36  -6.42  18.03