 tempo     81    84     87     90     93     96     99
     0  13.45 -5.80  -4.04 -22.52 -16.51   5.91  77.68
     1 -11.95  2.83 -15.77 -12.30  14.36  40.22  21.91
     2 -22.82 -9.49   1.97   5.31  13.32   0.86 -15.98
     3 -20.33  2.20   4.75   9.49   4.47   3.86 -76.83
     4  -0.88  6.52  11.21   5.26  -2.42 -20.93 -55.28
     5   2.26 14.19  22.27  21.15  15.29 -17.42  12.32
     6  19.12 27.65  26.37  19.56  11.26  -7.73 -11.45
     7   1.07 15.30  21.56  17.60   6.64 -10.03 -25.59
     8  13.25 17.52  13.03   2.32   0.27 -19.74 -49.36
     9  12.15 18.19  19.29  12.90  -5.45 -14.21 -46.58
    10  16.91 15.49  13.45   2.57 -10.84 -38.05 -55.23
    11   9.15  7.95   7.52   4.75  -7.04 -23.03 -42.22
    12  13.45 10.99  14.39   5.32   1.55 -34.99 -42.76
    13  -6.87 -1.59  -7.68 -23.53  -9.10  -7.44    NaN
    14  34.12 20.72   6.60  -5.94 -35.29    NaN    NaN
    15   7.92 52.74  31.12 -52.07 -38.79    NaN    NaN
    16    NaN 44.72  30.06  19.14 -36.24    NaN    NaN
    17    NaN  8.64   3.70  14.13    NaN    NaN    NaN
    18    NaN   NaN   3.73    NaN    NaN    NaN    NaN
    19    NaN 38.27    NaN    NaN    NaN    NaN    NaN
    20    NaN   NaN    NaN  15.05    NaN    NaN    NaN
    21    NaN 21.71  14.84   0.46 -13.96    NaN    NaN
    22  35.20 42.20  27.93  24.85  37.44  24.14    NaN
    23    NaN 25.88  28.27  13.88  17.16  24.77  40.48