 tempo     81     84     87     90     93     96     99
     0  27.04 -19.09 -30.98 -51.82 -38.91   5.67  21.68
     1 -33.01 -27.41 -30.93 -59.10 -42.08 -13.06   3.74
     2  -2.97 -33.80 -58.75 -65.80 -43.53 -14.36 -10.09
     3 -35.39 -43.45 -69.24 -73.24 -58.93 -31.39 -20.78
     4 -36.86 -60.02 -69.70 -70.17 -57.14 -29.64 -12.28
     5 -41.38 -53.78 -63.50 -61.89 -34.48 -12.44   7.66
     6 -35.24 -44.81 -56.00 -58.79 -35.50 -18.09  -7.33
     7 -39.26 -37.58 -47.94 -57.57 -48.59 -26.72  -7.86
     8 -27.24 -46.14 -52.73 -52.54 -24.72   6.51  34.05
     9 -40.02 -36.41 -40.46 -29.37  -4.46   5.17  27.40
    10 -32.66 -32.09 -39.21 -38.23 -15.31  -2.13   1.01
    11 -29.36 -28.85 -47.50 -37.85  -0.86  15.91  -1.65
    12 -54.81 -45.04 -45.27  -1.08   4.49  -6.48 -14.44
    13 -58.68 -51.22 -37.74  -4.88   3.00   2.25    NaN
    14 -61.31 -41.47 -38.57 -22.19 -26.76 -63.74    NaN
    15 -53.48 -16.88 -19.89   4.14  -3.88 -12.98    NaN
    16 -40.35 -13.57  13.15   9.22 -13.87 -60.82    NaN
    17 -42.20 -29.69 -18.71 -17.34    NaN    NaN    NaN
    18 -38.88  -9.37 -18.49 -36.46 -50.54    NaN    NaN
    19 -33.39    NaN -39.68    NaN    NaN    NaN    NaN
    20 -28.57 -31.24  -6.35    NaN    NaN  -6.63    NaN
    21  -7.77 -18.30 -20.56 -32.96  -9.47  30.56  51.67
    22 -19.21  -6.95 -29.13 -38.27  15.30  28.55  48.60
    23 -18.54 -11.18 -12.81 -10.46  10.96  32.56  46.56