 tempo     81     84    87     90     93     96      99
     0    NaN    NaN 62.88   4.91 -17.10 -20.33     NaN
     1    NaN    NaN -6.27 -26.46 -20.20    NaN    2.64
     2    NaN    NaN   NaN -30.78 -71.47 -39.94     NaN
     3   2.77  -9.81 -5.60 -18.46 -47.43 -35.37     NaN
     4  -2.46 -16.67 -5.02 -13.14 -32.21 -11.45     NaN
     5    NaN    NaN -6.25 -23.82 -18.09  -9.01   77.88
     6  14.16 109.16 -9.71 -17.43   1.29  36.61  142.19
     7    NaN  45.29 -0.35  -5.38   2.16  67.12     NaN
     8   9.13  47.36  9.01  -7.76  -4.09  64.90   75.80
     9  31.20  32.95  8.10  -6.93  -5.67   3.62   43.32
    10  -2.95  16.99  5.20  -8.41  -3.38   9.76   18.75
    11 -12.52   6.48 -4.89  -9.47  -5.24  13.61   30.38
    12 -20.15 -10.20 12.51  -6.44  -4.58  -6.25     NaN
    13   0.77  16.85  8.51 -13.88   3.10  -4.16     NaN
    14 -13.59  -0.84  7.33 -11.98  35.34    NaN     NaN
    15 -33.61   3.41 22.34  67.90    NaN    NaN     NaN
    16    NaN    NaN 61.02    NaN    NaN    NaN     NaN
    17    NaN  15.42 40.94  57.57    NaN    NaN     NaN
    18    NaN  20.09   NaN    NaN    NaN    NaN     NaN
    19    NaN    NaN   NaN    NaN    NaN    NaN     NaN
    20    NaN    NaN   NaN    NaN    NaN    NaN     NaN
    21    NaN  57.97 30.18    NaN  14.62 -59.07     NaN
    22    NaN    NaN 39.79   8.65  -1.48 -31.91     NaN
    23    NaN  30.16 29.01  47.83 -28.25 -36.41 -123.80