 tempo     81     84     87     90     93     96     99
     0    NaN -43.22 -10.12   8.91  26.00  44.41    NaN
     1    NaN -20.37   7.15  14.91  48.16  38.41    NaN
     2    NaN  17.34  24.14  50.12  52.77  49.57  60.52
     3    NaN   8.75  36.21  61.08  65.75  62.72  33.01
     4   6.07  38.95  51.49  59.95  54.81  40.25  26.86
     5    NaN  57.68  60.70  50.68  43.66  31.84  17.25
     6  47.23  62.60  53.65  43.64  36.77  18.10   7.97
     7  21.01  31.28  37.61  30.86   5.01  -7.91 -19.89
     8    NaN  10.00   6.22 -10.08 -13.56 -18.69 -25.47
     9 -22.24  -9.23  -9.55 -17.01 -17.78 -19.70 -14.13
    10 -13.80 -13.42 -17.13 -25.34 -25.45 -15.81 -11.08
    11 -15.13 -12.69 -23.68 -21.04 -11.66 -12.84 -33.54
    12    NaN -11.04  -1.68  -2.85  -5.05   0.79    NaN
    13  -5.03   3.31   4.01  10.35  -0.25  24.58    NaN
    14  -8.17  -0.46  10.40  12.68  25.41  -6.29    NaN
    15 -22.76 -27.09   0.71  30.81  13.34   7.64    NaN
    16    NaN   7.91  14.70  15.81 -11.84    NaN    NaN
    17   7.35   7.39    NaN -36.52    NaN    NaN    NaN
    18    NaN    NaN    NaN    NaN    NaN    NaN    NaN
    19    NaN    NaN    NaN    NaN    NaN    NaN    NaN
    20    NaN    NaN    NaN    NaN    NaN    NaN    NaN
    21    NaN -27.10    NaN -48.15    NaN    NaN    NaN
    22    NaN -29.66 -34.29 -49.94 -59.03 -63.44    NaN
    23    NaN -31.73 -30.39 -37.95 -20.38   4.84    NaN