 tempo     81    84     87     90     93     96     99
     0   6.46 14.87  10.05   9.31  23.95  25.30   9.70
     1    NaN  4.41   9.52   9.27  13.54  14.84   7.62
     2   6.99 13.48  19.51  13.42  11.94  13.27  17.90
     3  21.76 16.49  15.72  16.24  14.02  12.29  10.92
     4  12.65  5.74   9.88  10.28   6.10  10.62  15.86
     5  20.96 16.77   9.54  15.07  15.27  20.49  15.60
     6  10.80 19.09  17.53  27.86  37.00  38.61  10.48
     7  15.48 13.59  34.58  38.73  33.19  20.14   2.99
     8  20.78 21.82  23.75  28.43  20.69   1.01 -48.17
     9   5.17 11.12  17.69  21.18  16.26 -13.76 -40.26
    10  -3.43  5.34   9.41  12.58   2.04 -18.32 -45.20
    11 -19.94  6.73  23.00  11.62 -13.18 -38.00 -43.02
    12   2.11 23.72  19.89   6.48 -23.49 -15.68  21.89
    13   3.39 14.64  10.09   2.43 -14.56 -52.13 -26.65
    14  -8.10 -2.20  -6.65 -27.93 -31.02 -35.22 -34.56
    15  -9.99 -3.79 -11.79  -1.65 -17.03 -23.02    NaN
    16 -19.45  9.69  15.18   3.44   1.30 -12.74    NaN
    17    NaN -4.05   4.36   3.44  -7.92 -13.95    NaN
    18  -5.85 -6.10    NaN -12.38  -7.67    NaN    NaN
    19    NaN 15.34  15.13    NaN  -9.14 -10.37    NaN
    20    NaN  9.47  35.93  18.49  -9.94 -24.13    NaN
    21  17.77  0.24  21.27  17.76  10.77  -5.78    NaN
    22   0.20 28.20  23.69   6.38  -0.62  -4.95 -12.09
    23 -12.17 21.67  28.66  23.27  12.69  -8.44  -8.62