 tempo     81     84     87     90     93     96     99
     0  14.08  -4.17 -16.02   0.05   8.00  10.22 -12.58
     1 -20.13 -10.60  12.87  14.01   6.09  -3.71 -12.58
     2  -5.27   6.60  16.41   6.61  -4.36  -7.86 -16.77
     3   5.36   9.50  16.56   0.86 -21.76 -22.72 -42.88
     4   5.51   0.30  -8.86 -22.32 -35.80 -42.18 -42.37
     5 -20.02 -30.06 -36.24 -36.93 -41.73 -42.33 -49.87
     6  -2.03  -9.01 -33.59 -41.25 -58.48 -61.90 -57.66
     7   0.13 -22.81 -28.28 -33.35 -37.45 -45.65 -25.87
     8 -18.36 -28.23 -30.91 -29.39 -31.06 -34.56 -43.03
     9  -6.02 -24.31 -29.30 -32.31 -32.16 -38.08 -50.24
    10 -24.07 -31.62 -32.80 -34.50 -35.40 -45.69 -36.20
    11 -38.92 -35.70 -38.53 -29.06 -37.70 -41.38 -56.12
    12 -10.61 -16.81 -27.47 -37.56 -50.15 -64.50 -80.45
    13  -2.49 -14.23 -30.48 -37.58 -55.04 -78.21    NaN
    14  -6.19 -30.19 -39.80 -41.92 -51.12 -40.74    NaN
    15   2.71 -39.45 -34.48 -38.83 -40.75    NaN    NaN
    16  -5.03 -13.83 -40.95 -78.56  -8.54    NaN    NaN
    17  -7.00 -16.09 -31.12 -38.63    NaN    NaN    NaN
    18    NaN    NaN -19.29    NaN    NaN    NaN    NaN
    19    NaN -19.45 -15.10    NaN    NaN    NaN    NaN
    20  -3.48 -32.33 -24.70   7.83    NaN    NaN    NaN
    21 -14.30  -4.56  16.51   8.78  10.37   4.38    NaN
    22   6.54   1.36  -6.60   5.65   5.46  29.92  70.09
    23  -5.47  -3.04  -4.09   8.64  12.43  40.55  62.11