 tempo      81     84     87     90     93     96     99
     0  -95.46 -56.26 -40.85  -1.42  18.79  30.30  34.94
     1     NaN -70.75 -34.42   5.76  27.11  35.33    NaN
     2  -88.63 -87.65 -40.28  38.64  53.23  69.12 -26.07
     3  -51.26 -27.43 -10.76  21.97  33.99  18.82 -10.32
     4  -25.02 -49.32   1.45  14.11  29.84  29.15   9.55
     5  -25.86  -0.90   0.42  25.03  31.22  20.20  14.72
     6  -58.39 -15.90  -9.16  20.19  30.20  24.67   3.11
     7  -46.12 -27.83  17.42  41.52  47.10  33.73  26.01
     8  -32.59 -17.33  26.29  48.55  55.98  34.81  15.36
     9  -39.43 -13.79  10.17  34.96  40.45  32.39  17.72
    10 -112.37 -49.58  -3.21  40.61  44.36  37.86  24.56
    11  -90.07 -20.35  11.48  49.72  51.11  39.45  18.72
    12  -44.83  -7.27  34.31  58.64  56.11  38.91  36.65
    13  -22.41  33.74  28.33  43.13  52.18  43.85    NaN
    14  -38.47  24.73  54.78  48.17  40.07  42.39    NaN
    15  -53.68  54.82  40.26  48.81  36.34  29.69    NaN
    16  -44.18  -6.09  55.54  47.64  43.65  36.58  32.71
    17  -18.20   5.21  36.66  64.48  45.43  44.97    NaN
    18     NaN -24.90  47.58  46.82  31.41    NaN    NaN
    19     NaN    NaN  28.06  37.94  31.83    NaN    NaN
    20  -24.85  36.92  19.48 -15.82   2.78    NaN  14.32
    21  -21.04  -7.09  -0.79   0.30  -7.94 -14.94    NaN
    22  -27.30 -23.98  -8.58  -8.35 -11.09   4.73    NaN
    23  -36.05 -20.58 -12.92   3.51  13.77   3.29  31.91