 tempo     81     84    87     90     93     96     99
     0  13.92  17.85 43.17  47.83  25.41  20.04   6.25
     1  16.23  33.93 44.24  41.13  21.52   7.16  29.62
     2    NaN  37.77 34.77  36.05   0.54  -3.64 -23.55
     3  -0.00  39.54 30.75   2.52 -12.15 -39.48 -40.20
     4  14.68  28.06 17.77   0.16 -20.63 -28.44  -9.40
     5  11.70  28.04 12.48  -6.15 -23.07 -19.68  -8.39
     6  14.34  17.34  8.84 -13.19 -22.44 -15.56  -4.67
     7   5.20   2.87 10.41   9.27   9.71   8.94  -1.65
     8  -3.05  14.12 21.24  12.65  25.87  39.92  31.49
     9  -7.40   1.19  9.63   9.75  28.89  53.24  44.07
    10  11.72  11.64 14.25  31.48  43.89  57.45  33.61
    11 -10.49   5.05 23.69  48.53  64.93  43.61  20.62
    12  -1.39  12.34 47.79  76.89  54.62  14.53  -7.78
    13  -9.26   2.92 58.35  82.97  39.23  -9.15    NaN
    14  18.60  40.63 51.65  62.16  25.11 -17.97    NaN
    15 -15.36  12.68 60.11  52.37  25.78   0.23    NaN
    16 -10.28 -22.45 41.24  52.02  27.11  16.10    NaN
    17 -22.28  -5.41 33.52  60.98  13.61  -4.94    NaN
    18    NaN   3.21 74.34  70.70  81.70    NaN    NaN
    19    NaN  -5.48 66.26  71.82  21.40    NaN    NaN
    20 -34.42  10.16 57.62  66.81  -1.81 -20.50    NaN
    21 -16.43  35.67 86.17  26.47 -18.12 -40.72 -29.15
    22  -0.00  40.99 73.18  14.56  -3.74 -44.35 -39.98
    23  -3.73  69.72 74.64  31.37 -25.29 -63.67 -55.40