 tempo     81     84     87     90     93     96     99
     0  70.03  61.02  40.02  17.85  10.50  -3.03 -36.73
     1  37.11  27.83  17.99  12.31   2.05 -21.07 -60.16
     2   9.07  20.21  24.36  -5.12 -37.06 -51.08 -41.49
     3  -0.34  -8.27   1.66  -5.32 -20.39 -38.82 -33.51
     4  -1.45 -18.00  -8.56 -10.48 -20.67 -31.05 -34.52
     5  -8.67 -23.43 -19.91 -30.72 -41.18 -52.53 -52.70
     6 -28.10 -29.04 -41.22 -52.59 -54.03 -58.69 -74.21
     7 -34.30 -39.46 -58.33 -63.85 -71.73 -74.75 -65.67
     8 -39.17 -51.64 -66.96 -71.19 -72.13 -75.98 -70.99
     9 -45.86 -48.50 -58.57 -69.39 -70.43 -75.49 -32.17
    10 -65.03 -56.87 -65.13 -61.33 -65.17 -47.00   2.69
    11 -36.24 -56.74 -68.06 -53.86 -48.63 -52.10   8.89
    12  -7.17 -40.26 -50.69 -52.21 -40.40 -37.30  47.57
    13 -27.85 -30.63 -55.27 -43.55  -3.74    NaN    NaN
    14 -30.15 -32.02 -38.13 -52.41  36.38    NaN    NaN
    15 -22.14 -23.75 -39.32 -36.54  -0.42    NaN    NaN
    16 -27.26 -56.28 -46.31 -10.13  13.13    NaN    NaN
    17  37.06 -22.12 -21.30    NaN    NaN    NaN    NaN
    18 -57.99    NaN    NaN    NaN    NaN    NaN    NaN
    19    NaN -31.90 -19.51    NaN    NaN    NaN    NaN
    20  -6.33  -7.57  49.86    NaN    NaN    NaN    NaN
    21 -10.42  -6.43  74.31  56.25 -14.63 -47.92    NaN
    22 -28.11   0.19  35.86  51.98  37.67  32.67 -27.03
    23 -10.76  22.85  61.66  72.17  63.56   1.48 -26.56