 tempo     81     84     87     90     93     96     99
     0  38.12  52.36 -28.16 -49.49 -72.38 -85.25 -85.69
     1   6.32 -15.35 -28.68 -42.81 -74.47 -90.70 -85.35
     2    NaN -31.06 -28.28 -37.01 -65.77 -90.75 -50.75
     3  11.86 -31.24 -38.85 -52.44 -64.36 -64.71 -17.92
     4 -13.30 -20.09 -37.46 -48.21 -59.55 -52.41 -44.31
     5  -4.47 -21.88 -28.17 -44.56 -52.94 -50.66 -29.60
     6  -8.38  -1.85  -9.83 -31.34 -45.23 -51.58 -36.66
     7   9.07   3.81  -3.85 -22.98 -35.96 -37.83 -18.92
     8  12.91  -2.69  -5.27 -24.49 -28.27 -18.35 -15.76
     9  20.30  18.28   6.64  -6.91 -14.33 -21.95 -28.53
    10  15.60   8.58   1.21  -9.20 -14.26 -21.66 -19.08
    11  19.25   8.32  -0.30 -10.71 -22.23 -26.64 -25.25
    12  24.03   4.42 -10.78 -17.77 -43.05 -32.87 -27.35
    13  13.16   0.02 -17.87 -54.61 -53.14 -31.47    NaN
    14  -4.11 -11.53 -25.38 -37.70 -50.03 -50.34    NaN
    15 -13.23 -23.28 -45.80 -53.02 -78.83  21.39    NaN
    16  -2.66 -34.54 -56.56 -42.00 -51.47 -38.91    NaN
    17  18.84 -17.11 -38.75 -51.71 -78.98 -43.24    NaN
    18    NaN -10.35 -16.02 -32.20 -84.41    NaN    NaN
    19    NaN -11.74 -24.41 -46.57 -63.86    NaN    NaN
    20   9.06 -21.76 -20.02 -37.30 -49.04 -14.56    NaN
    21  17.07   8.39   0.42 -31.06 -46.51 -45.26 -36.08
    22  19.12  34.59  -1.35 -14.95 -62.97 -53.05 -73.01
    23  22.43  28.36 -16.47 -40.88 -87.90 -77.40 -68.49