 tempo     81     84     87     90     93     96     99
     0 -21.72 -22.20  26.50  45.86  40.99  69.80    NaN
     1 -64.69  24.91  50.10  50.20  30.86  41.35  -7.15
     2 -50.57  18.15  37.72  23.86  -6.93 -48.54 -86.91
     3 -22.36   9.16  27.82  25.55 -18.78 -38.60 -54.89
     4 -28.50   2.02  21.09  11.33 -18.43 -57.47 -48.46
     5 -29.95   0.70   4.00   6.84  -4.83 -16.13 -22.23
     6 -51.38 -14.66  -0.30   6.44   1.43  -6.46  -1.08
     7 -37.90 -16.05   4.62   7.41   4.89  -5.06  43.71
     8 -34.12 -31.46   5.90  10.99   1.19   2.16  69.66
     9 -49.20 -10.14  16.34  20.68  11.81  19.05  41.35
    10 -48.06 -14.91  21.67  27.62  26.18  40.59  40.79
    11 -40.12  -3.27  26.55  37.40  32.24  58.32 -18.44
    12 -48.90   1.69  21.45  23.34  14.25  13.82 -21.25
    13 -39.35   0.18  19.38  22.60  -4.04 -17.19    NaN
    14 -21.11   5.74  12.13  -1.25 -40.61 -49.66    NaN
    15 -31.40 -12.24  29.33 -54.28 -66.58    NaN    NaN
    16 -26.27 -10.27   6.42 -40.57 -59.51    NaN    NaN
    17    NaN  16.59 -14.92    NaN    NaN    NaN    NaN
    18    NaN    NaN    NaN    NaN    NaN    NaN    NaN
    19    NaN    NaN  10.79 -17.77 -12.38    NaN    NaN
    20    NaN  41.59  32.72    NaN  -7.44    NaN    NaN
    21 -11.91   8.04  32.81 -12.88 -15.28   0.10    NaN
    22  -9.98  32.19  28.19 -11.48 -35.41 -41.78 -21.28
    23   3.40  34.89  21.42  -5.46 -34.53 -38.45 -26.29