 tempo     81     84     87     90     93     96     99
     0  -0.46   6.56  37.65  30.38 -22.78 -31.38 -33.45
     1   2.17  22.45  26.00   5.42 -33.56 -31.20 -38.40
     2  -6.63   0.08 -11.40 -25.88 -43.84 -43.42 -30.47
     3  -6.46  -7.27 -22.13 -44.24 -69.10 -59.65 -46.64
     4 -15.91 -26.64 -42.12 -52.90 -58.78 -53.05 -48.86
     5 -24.70  -4.56 -35.12 -52.92 -64.03 -47.60 -18.32
     6 -13.69 -23.27 -32.45 -49.47 -59.46 -44.28 -24.26
     7 -23.08 -28.70 -32.16 -42.65 -56.55 -50.25 -35.41
     8 -37.69 -31.13 -40.44 -50.95 -48.05  -4.75  43.53
     9 -21.81 -42.12 -51.70 -52.67 -23.42  25.19  90.77
    10 -10.42 -20.78 -33.42 -29.85   4.67  58.73  75.23
    11  -3.40 -35.63 -39.87 -11.41  35.11  68.33  91.56
    12 -15.36 -25.11 -26.99  17.34  64.91  77.94  83.31
    13 -27.08 -27.20   0.16  30.91  63.56  70.15  82.10
    14 -21.62 -22.23   4.31  40.06  42.09  59.05  76.47
    15 -21.20 -16.54   4.17   8.96  10.38  25.42  27.51
    16 -23.98 -13.20  -0.27  -3.27  -9.90  23.77  34.81
    17  -7.00  -0.17   3.30  10.71  63.80    NaN    NaN
    18    NaN -22.86  -9.51    NaN    NaN    NaN    NaN
    19  -4.68 -23.10   5.03  32.18  46.76  52.84    NaN
    20    NaN    NaN  35.53  26.35  28.41  40.90    NaN
    21  -0.07    NaN  37.30  41.29  24.33  24.74  46.84
    22 -28.46   2.41  25.09  40.45  22.03  14.45  -9.81
    23 -37.34  -3.09  28.26  36.34  30.61  11.03  10.37