 tempo     81     84     87     90     93      96     99
     0    NaN    NaN  16.11  -5.45 -39.16  -33.57    NaN
     1    NaN    NaN  24.05  13.91 -35.05     NaN  -4.62
     2    NaN    NaN    NaN -39.84 -58.21  -72.88    NaN
     3   4.51   0.47  -5.61 -21.23 -35.81  -32.27    NaN
     4  -1.93   1.24 -12.16 -22.15 -42.64  -36.73    NaN
     5    NaN    NaN -29.54 -41.92 -54.32  -55.28 -36.73
     6  13.38 -66.17 -44.20 -51.28 -57.93  -83.54 -55.58
     7    NaN -37.27 -49.67 -60.59 -65.58  -89.60    NaN
     8   2.01 -22.90 -55.04 -63.68 -69.54  -81.48 -77.15
     9 -23.92 -28.77 -56.48 -58.74 -67.61  -68.07 -89.32
    10 -16.08 -33.52 -48.53 -51.02 -55.08  -50.87 -28.73
    11 -32.89 -26.81 -37.86 -50.90 -49.58  -50.08 -38.68
    12 -39.20 -42.43 -57.68 -48.98 -55.64  -54.45    NaN
    13 -34.63 -40.91 -52.00 -58.23 -46.58 -183.43    NaN
    14 -26.11 -33.06 -41.16 -46.22 -53.90     NaN    NaN
    15 -18.03 -38.03 -47.29 -84.48    NaN     NaN    NaN
    16    NaN    NaN -61.88    NaN    NaN     NaN    NaN
    17    NaN  -4.55 -41.22 -40.86    NaN     NaN    NaN
    18    NaN -17.63    NaN    NaN    NaN     NaN    NaN
    19    NaN    NaN    NaN    NaN    NaN     NaN    NaN
    20    NaN    NaN    NaN    NaN    NaN     NaN    NaN
    21    NaN  26.14   7.05    NaN -31.68  -36.54    NaN
    22    NaN    NaN -19.15 -10.84 -33.78  -63.80    NaN
    23    NaN  -4.56 -18.45 -14.12  -5.78   -0.40 -86.54