 tempo     81     84     87     90     93     96     99
     0 -19.10 -10.94  20.55  25.18  20.73   6.25  -5.23
     1    NaN   8.51  25.99  33.45  28.14  21.66  15.86
     2  -1.33  16.42  16.13  33.21  26.70  19.26  -4.79
     3   3.04  16.91  29.72  33.32  28.83  24.05  14.55
     4  22.64  20.19  43.11  42.67  36.77  38.56  53.41
     5  35.50  44.35  46.05  40.71  43.10  39.68  22.56
     6  32.73  48.68  43.62  41.07  36.78  25.26  12.64
     7  12.81  22.62  20.89  16.04  15.47  11.74 -24.34
     8   4.95   9.53  16.46  12.21   6.52  -0.96 -57.61
     9 -15.86   0.70   4.98   4.90  -6.26 -33.81 -86.50
    10 -14.31  -7.07   1.15   1.18  -9.62 -37.88 -75.06
    11 -14.12  -9.43   0.90   6.65  -7.80 -44.42 -90.02
    12 -15.64  12.26  25.12  17.17  -0.60 -13.55 -45.21
    13  18.31  36.44  31.67  26.39   2.47 -24.88 -71.09
    14  36.43  30.87  24.70  13.59  -4.72 -22.41    NaN
    15  15.69  16.81  30.48   0.65 -32.82   9.30    NaN
    16    NaN  16.98  -1.28   6.85 -38.70    NaN    NaN
    17    NaN    NaN  32.61  38.54 -19.55    NaN    NaN
    18 -13.43  15.25 -14.46 -24.49    NaN    NaN    NaN
    19   8.20   2.18 -22.98 -39.09    NaN    NaN    NaN
    20  17.08  20.38  -2.31 -42.65 -34.29 -34.28    NaN
    21   2.04   7.70 -14.38  -1.05  -0.62  11.29    NaN
    22   8.79  -4.72  -9.39   2.25  16.55   0.57 -10.65
    23   2.04  13.63   0.34 -10.15   8.63  12.97   7.40