tempo_decorrido;70.0km;72.5km;75.0km;77.5km;80.0km;82.5km;85.0km;87.5km;90.0km;92.5km;95.0km;97.5km;100.0km;70.0km;72.5km;75.0km;77.5km;80.0km;82.5km;85.0km;87.5km;90.0km;92.5km;95.0km;97.5km;100.0km
2.3005555555555555;;;;;24.16627133009973;22.510967993402684;21.027352187091935;18.957627224945636;17.062102156533935;15.561141988941557;14.795064717668524;15.575421342615423;18.31125500887364;;;;;24.16627133009973;22.510967993402684;21.027352187091935;18.957627224945636;17.062102156533935;15.561141988941557;14.795064717668524;15.575421342615423;18.31125500887364
2.336388888888889;;;;;24.691854932345603;23.744111691111968;22.13737450557315;19.61219875485663;17.221562066200615;15.393766595606158;14.82903975313304;16.073392299076136;18.027135934473893;;;;;24.691854932345603;23.744111691111968;22.13737450557315;19.61219875485663;17.221562066200615;15.393766595606158;14.82903975313304;16.073392299076136;18.027135934473893
2.3722222222222222;;;;;23.497659457911972;23.12956765700561;22.559453007553174;20.951227171695695;17.614044112582437;13.743036418492094;12.348807229850177;15.82606678868758;18.148468254924435;;;;;23.497659457911972;23.12956765700561;22.559453007553174;20.951227171695695;17.614044112582437;13.743036418492094;12.348807229850177;15.82606678868758;18.148468254924435
3.9547222222222222;;;;;;;;;;;;;;;;;;;;;;;;;;
3.9905555555555554;;;;;;;;;;;;;;;;;;;;;;;;;;
14.383055555555556;;;;;;29.402197196808267;25.228505702875072;24.00574931136289;19.961010996440034;18.458353122638;19.336866343852098;19.221821453754064;18.869180162370593;;;;;;29.402197196808267;25.228505702875072;24.00574931136289;19.961010996440034;18.458353122638;19.336866343852098;19.221821453754064;18.869180162370593
14.418888888888889;;;;;;25.743576868803604;23.006600139959836;20.280965706790198;18.657276328553426;16.746399613051157;16.05859333814765;17.07899353006494;17.45800532706987;;;;;;25.743576868803604;23.006600139959836;20.280965706790198;18.657276328553426;16.746399613051157;16.05859333814765;17.07899353006494;17.45800532706987
16.036944444444444;;;;;;29.884193146210258;23.056690135403215;19.26877370254786;15.348724051203735;13.371059045565538;11.65502380949949;13.950337271908518;14.212489929635835;;;;;;29.884193146210258;23.056690135403215;19.26877370254786;15.348724051203735;13.371059045565538;11.65502380949949;13.950337271908518;14.212489929635835
16.073055555555555;;;;;;25.295394837796067;20.10758563328775;19.049820471595;12.582223571372431;10.632625263781282;9.67084794627648;8.882300377717474;9.411268777375344;;;;;;25.295394837796067;20.10758563328775;19.049820471595;12.582223571372431;10.632625263781282;9.67084794627648;8.882300377717474;9.411268777375344
