tempo_decorrido;70.0km;72.5km;75.0km;77.5km;80.0km;82.5km;85.0km;87.5km;90.0km;92.5km;95.0km;97.5km;100.0km;std_70.0km;std_72.5km;std_75.0km;std_77.5km;std_80.0km;std_82.5km;std_85.0km;std_87.5km;std_90.0km;std_92.5km;std_95.0km;std_97.5km;std_100.0km
2.5283333333333333;;;;;-112.75057;-95.39937;-99.467026;-120.785324;-131.32446;-135.48547;-130.43594;-128.31367;-128.06366;;;;;25.06742607448958;19.846849372129572;12.032918183051025;8.554236669627512;9.1716209036353;10.515889406036942;11.880333328657072;13.7506138044816;18.179658137599837
14.611666666666668;;;;;-9.219938;-0.5203953;-10.6935215;-36.45137;-29.768286;-12.108847;-24.570303;-43.06255;-49.141777;;;;;23.08013366512421;25.481136159912495;21.98340737920307;17.552588128250488;15.893386360370153;16.34360731295267;16.48222557787631;17.27579318005399;16.00434159845384
14.611388888888888;;;;;;-26.257526;-38.865585;-54.69865;-35.271786;-5.527551;8.680776;-3.8401697;-3.8760195;;;;;;23.637792621139564;20.963020774687983;17.20993840779217;15.511227546522552;15.719337772310894;15.460055627325536;16.385038907491186;15.803865982727137
16.30138888888889;;;;;;;;;;;;;;;;;;;;;;;;;;
16.265277777777776;;;;;;44.728283;90.55754;91.19667;66.443245;0.6841874;-42.243214;-26.527735;-14.160406;;;;;;25.52422182947014;18.249110389276513;14.432159575060137;13.275795644706196;14.67646074501615;14.747573359709047;14.420572110703514;15.816607411199154
2.600277777777778;;;;;7.902052;-2.6121387;-28.686592;-51.40367;-61.09929;-42.016026;-0.86058426;;;;;;;25.796025662880705;25.143156921914162;24.15275760653429;21.730404966313905;17.0232664315636;10.85015299431303;10.968393866013383;;
2.5641666666666665;;;;;-11.557138;2.831478;-3.611547;-28.970324;-52.76835;-53.16447;-23.06475;25.809185;;;;;;22.689595633241243;19.672655387618622;15.88800805639272;13.667421117387141;11.83669717446552;9.847431644850346;9.909422788437276;13.376624013554391;
2.5283333333333333;;;;;-28.44033;-5.7811112;-3.9705248;-24.94969;-45.315178;-53.031162;-26.416674;;;;;;;27.407224230118597;21.97969585776837;13.646117396534445;9.830951632471802;10.826429697735076;12.220718064009167;12.421360634004634;;
16.30138888888889;;;;;;-15.96462;13.185784;33.521145;26.210777;14.7952585;6.6485124;16.454044;-3.4392798;;;;;;21.066606276284748;16.199488572174122;12.754873578362115;11.993456132408205;13.275698475033243;15.73144112915279;15.674002679596555;11.798167654343619
16.265277777777776;;;;;;23.527443;59.833588;58.94127;48.971783;-1.8277224;-18.92544;8.310494;-6.851918;;;;;;24.311184668789796;16.87321753549097;14.428293038332704;14.079488627077334;15.502609135239139;16.538366908494925;16.649386174871434;15.898787375142797
14.6475;;;;;-18.635948;-7.109709;-14.850719;-28.323751;-51.420944;-54.108288;-41.51181;-24.042946;-9.042309;;;;;29.72717780079367;21.007879474140175;18.54499177675741;16.546029735256734;15.456882609375022;15.457862400733163;16.537144251653608;15.73705499767984;15.7639049730706
5.873055555555555;;;;;;;;;;;;;;;;;;;;;;;;;;
2.5641666666666665;;;;;-127.037964;-116.53785;-122.118706;-133.83311;-131.71346;-101.58699;-108.810425;-173.95558;-205.64397;;;;;25.3135596074515;22.502938252592703;18.470063616566133;14.89509113768694;12.043993108599823;10.75095391116528;12.609833464403883;14.348646277611;18.732574836364595
2.600555555555556;;;;;-18.985079;-26.35745;-44.902588;-54.9912;-56.432213;-37.774605;-6.8007545;23.53952;18.119572;;;;;25.767896693366342;25.134018779335708;24.099150192486043;21.55343870476356;16.87567894930453;12.036400624771511;11.901557881218743;16.120712763398522;20.939775547985228
2.564722222222222;;;;;-16.620205;2.1399212;-1.6641641;-25.968857;-54.464676;-59.410507;-30.654762;14.470678;39.771973;;;;;22.811058721593785;19.63077380033706;15.602776675963801;13.425526805306374;11.670538976414072;10.084264970735349;10.724163137513342;13.713824047288925;18.042354336394126
2.528611111111111;;;;;-16.85931;5.630257;3.4715686;-22.077662;-44.784912;-55.11661;-31.323204;12.799406;42.88574;;;;;27.60653636369474;22.088092946200675;13.35150291165755;9.559543922175367;10.518391987371453;12.189508603713277;13.692757209561558;16.076344422784675;20.84660931662509
16.30138888888889;;;;;;82.53912;82.06409;113.216736;102.37445;122.01349;73.11546;-3.8619347;65.15828;;;;;;16.63611733548426;14.327064947155087;12.716054026308633;12.102901305059047;12.10174863397848;11.962441222426131;12.52786733646234;12.673077368973962
16.265277777777776;;;;;-18.808277;-22.962212;-19.002516;32.156883;56.403088;139.556;84.474686;22.148426;-16.66973;;;;;25.712098319662672;21.691463758815356;17.95153475332959;14.792814133896227;14.036505975491195;14.426296822123133;15.13842891452082;14.843267497421179;15.816689286952563
14.6475;;;;;-133.93251;-130.60643;-109.5444;-143.71321;-201.90445;-198.84897;-199.26358;-190.287;-191.72787;;;;;22.297010561956505;20.082614371639963;18.289271992072294;16.928919634755196;15.835207924116437;15.624991839997868;16.411580362658558;15.774423285813018;15.97252046484837
14.611388888888888;;;;;-129.24773;-131.18758;-150.52753;-186.43893;-175.15524;-147.82782;-168.64073;-178.86363;-183.40402;;;;;24.35139708517768;21.988472434437096;21.057758665157124;17.68051696076786;16.118924591919896;16.364062148500903;16.385616558433192;17.61907290410026;17.181392842258163
5.872777777777778;;;;;-227.72266;-91.33201;43.285812;133.01376;169.25931;109.52861;24.163593;-97.70319;-201.76303;;;;;33.51339582913077;39.41794388346506;38.433071696131705;35.06293199377371;29.941935976152244;30.28096431753784;34.47162601328809;36.71329050902411;33.07914297559718
2.600277777777778;;;;;-124.00792;-109.2188;-105.89961;-104.964005;-104.80984;-121.28983;-101.764084;-81.233505;-98.91348;;;;;24.92050160008823;24.92719498860632;24.293178054754385;20.45728672136166;14.737550678454001;11.753121287555915;11.786432030092907;16.391264441768975;20.825022929159047
14.647222222222222;;;;;;-42.444977;-59.858;-57.982544;-45.256355;-13.557192;7.631324;9.961476;0.66042614;;;;;;21.85175667995596;19.15461041107336;16.822829726297535;15.483846744268686;15.442585599568487;16.652920464591187;15.87880883441828;16.13501224046638
