tempo_decorrido;70.0km;72.5km;75.0km;77.5km;80.0km;82.5km;85.0km;87.5km;90.0km;92.5km;95.0km;97.5km;100.0km;std_70.0km;std_72.5km;std_75.0km;std_77.5km;std_80.0km;std_82.5km;std_85.0km;std_87.5km;std_90.0km;std_92.5km;std_95.0km;std_97.5km;std_100.0km
9.049722222222222;;;;;-7.2418823;-51.94422;-111.02513;-142.09244;-123.95707;-92.24696;-80.80954;-78.404945;-56.745083;;;;;26.49789048207423;21.380315713291047;14.74490420450401;13.918523987837217;15.3328829644004;16.240672092004075;20.58363184668828;23.124517292259313;25.17414943945475
9.085555555555556;;;;;-196.13127;-198.40826;-110.45983;-27.9121;-70.33281;-50.13443;-63.342216;-82.409546;-58.240265;;;;;24.454309231708017;20.09413098394653;15.24882716801525;15.32393454697585;14.502314987614907;16.924502356051715;20.466567127879557;22.811185852559266;25.009535581453726
21.274722222222223;;;;;;;;;;;;;;;;;;;;;;;;;;
21.23861111111111;;;;;;;;;;;;;;;;;;;;;;;;;;
10.739444444444445;;;;;;;;;;;;;;;;;;;;;;;;;;
10.703611111111112;;;;;;27.292442;61.4978;67.97421;31.413065;1.4819641;-39.5104;-77.410126;-123.10483;;;;;;19.70996752914626;15.262566953170099;13.123198924042871;13.792207582544572;14.984442265229628;15.241127254898176;14.851596547172967;15.113871443147849
9.085833333333332;;;;;;;;;;;;;;;;;;;;;;;;;;
9.049722222222222;;;;;;;;;;;;;;;;;;;;;;;;;;
21.31083333333333;;;;;-61.99578;-39.429264;61.421795;75.076996;78.77441;42.641617;-5.723383;-41.09021;-14.349602;;;;;17.688092604913624;10.859189656691699;9.807713291078608;11.401314397910445;8.105468277650589;7.292039220958703;8.411029069025977;10.522812836879691;12.885777430950762
21.275;;;;;-96.37939;-71.49071;27.675354;52.76078;67.806656;33.6175;-11.514879;-52.95047;-52.39088;;;;;19.56790305576967;11.675946642563934;8.612412553982768;12.310835065096112;8.375897265368051;7.560291661040598;8.902734973029355;10.920280216184931;14.304582482547332
21.239166666666662;;;;;-130.76297;-103.55215;-6.071084;27.3203;57.972355;25.731346;-17.778648;-65.83607;-94.238525;;;;;21.99905043405283;12.975851802482948;8.372783885900795;15.086490645607414;9.842425717271125;8.766398918598219;10.336357191970487;12.61301431062377;17.297128952516946
10.739722222222222;;;;;;-166.12471;-112.61874;-59.24413;-24.227692;-40.873627;-69.53735;-58.669434;-56.75336;;;;;;30.435923840093963;26.917063361369863;22.583280983949166;19.89094643298805;19.19533068222582;20.039265705110054;20.685281240534295;21.569881084512264
10.703611111111112;;;;;;-102.618706;-76.7193;-30.255047;-2.726272;3.784937;-39.11755;-81.794945;-105.608215;;;;;;23.026745319302073;19.432029230113873;16.219799012318248;14.811527605213447;15.137948672128598;15.285934711361291;15.468146301351045;15.830256788820577
9.08611111111111;;;;;-103.577774;-95.09008;-41.708687;6.753045;-0.03256607;-6.0692663;-7.994406;-13.656843;-23.41661;;;;;23.631290696870536;16.924538398432023;13.388524937423092;13.126047386780225;9.040138605132114;7.3673303848816225;7.417718786796922;9.40530137741476;11.911850402015633
9.050555555555556;;;;;-148.86551;-151.60849;-62.00471;3.1184387;-11.10059;-22.229961;-27.297277;-28.391441;-29.30848;;;;;27.04134907877194;18.51402360374427;14.502815933466163;11.202495704083086;8.142546284793228;6.538020495532267;7.507009124811292;9.671151430931065;11.878539051583743
22.964722222222225;;;;;26.486431;-166.06133;-177.06404;-193.26505;-206.29799;-199.16548;-149.69908;-77.82609;-43.359398;;;;;25.049087807742623;25.887806009779972;25.376991547462833;23.06694604840441;18.461677334413576;12.238179603192625;9.927434462135723;12.06272896155758;15.309531671478393
22.928611111111117;;;;;13.79672;-130.29933;-207.38872;-261.192;-246.83368;-220.11438;-139.97194;-73.76564;-39.78308;;;;;25.407834224900004;26.186412507252687;23.135732104258125;19.399649481369504;16.47618645196758;11.82783750311104;9.572451619099466;12.326575761337777;14.801858667072862
22.892777777777777;;;;;1.1070054;-136.305;-196.04623;-227.34302;-188.69054;-127.54677;-77.745255;-59.127434;-61.826653;;;;;26.350903210326585;24.471178148998057;20.38623555245058;15.392550795758318;12.88621550339742;10.454365117021693;9.672166768620153;11.276058974659541;14.645220039316582
21.31083333333333;;;;;-53.400097;-72.148254;-89.39209;-81.09059;-31.704144;48.29654;96.65462;84.31278;39.97247;;;;;32.163224340852395;25.15622785713311;19.782236981696485;18.657828383817876;16.72196968063272;15.139889365513872;17.790960626115723;22.70342331015303;24.452291303679498
21.274722222222223;;;;;-43.962574;-37.11163;-40.1496;-27.107695;18.643238;91.0606;130.32436;106.72928;59.77605;;;;;28.904776421899548;21.50727969781395;16.295995827196325;15.015512645261234;12.984953600225147;12.400720140378946;15.745962974680209;20.38652814973653;20.510559231771328
21.23861111111111;;;;;-42.99398;-14.514488;9.347734;31.994677;65.98867;113.04288;135.59933;100.58257;33.819923;;;;;26.110182687985926;17.834270941084192;12.367823979989366;12.348232667066165;11.125268086657508;10.610328458629356;14.22578996049077;19.484949833140448;18.11907917086296
10.739444444444445;;;;;-247.16469;-29.07024;26.57304;87.93392;75.19175;0.86914396;9.8408985;17.423107;53.389282;;;;;39.74789679970501;26.258375806587885;23.777389680114172;21.606508278757122;21.263225531419263;21.05860061827471;21.71007715324844;23.942232560895402;22.787152740085805
10.703611111111112;;;;;221.44977;246.11893;193.51733;138.91336;-52.228832;-142.20999;-83.978485;33.689713;152.25127;;;;;22.68520112319924;19.64224783470568;15.011835996972522;15.322142147885197;12.583259116778928;18.229919363507893;16.57476787167772;17.890950226301563;17.7461533860158
21.31055555555556;;;;;;;;;;;;;;;;;;;;;;;;;;
