tempo_decorrido;70.0km;72.5km;75.0km;77.5km;80.0km;82.5km;85.0km;87.5km;90.0km;92.5km;95.0km;97.5km;100.0km;std_70.0km;std_72.5km;std_75.0km;std_77.5km;std_80.0km;std_82.5km;std_85.0km;std_87.5km;std_90.0km;std_92.5km;std_95.0km;std_97.5km;std_100.0km
2.0194444444444444;;;;;;;;;;;;;;;;;;;;;;;;;;
2.055277777777777;;;;;;;;;;;;;;;;;;;;;;;;;;
2.091666666666667;;;;;;;;;;;;;;;;;;;;;;;;;;
10.82972222222222;;;;;-23.456303;-5.1363773;-1.7896132;-2.8366485;0.14925766;-11.044445;-32.324554;-40.49726;-35.403168;;;;;28.234811846371493;19.202025153613356;16.81332031456012;15.486516070440116;12.962919424265507;11.192899088261271;10.718576398011072;12.422191433076533;14.115316503713263
10.865277777777775;;;;;-24.646194;27.816147;29.460222;33.695614;20.508593;21.973328;16.913807;5.1846294;0.091537476;;;;;26.91735313882106;27.487472783069745;24.595792323078353;19.525996261394706;15.55935634915532;14.882363387580616;16.526687508390783;18.477054689533176;19.643818366091658
14.1025;;;;;;26.895048;-16.339481;-50.35299;-62.548855;-76.46143;-63.80441;-36.344414;-28.44775;;;;;;27.09829883959508;25.76193995024443;24.572262818063784;23.11039376557656;22.567969780199547;21.32807914463935;20.925400832481085;21.10670604334082
14.138333333333332;;;;;;-29.576143;-50.17312;-38.038387;-48.291367;-60.777878;-60.35087;-57.77856;-83.92947;;;;;;23.359916523823454;21.818920229928885;27.63155352129156;24.618592567407262;23.50258070936041;23.139009486146982;23.327944615846462;19.196018337144814
23.02055555555556;;;;;96.04405;69.83469;45.103687;21.425184;3.070534;-6.8071547;-21.41088;-40.633358;-80.12941;;;;;29.93911321332013;25.137867849123563;19.083821944254247;18.363496399106573;20.223119937339046;22.097531536350388;23.99317402929425;25.808673929514473;28.01253826414165
23.05638888888889;;;;;48.033283;40.645523;37.46401;26.311712;7.0617943;-16.974688;-32.76767;-30.212566;-23.597197;;;;;25.14877531809452;22.190808908194402;17.226255251795152;14.341584640478192;14.737271796367196;16.20085244670786;18.583667560522063;22.13566511311553;24.675641835624052
