tempo_decorrido;70.0km;72.5km;75.0km;77.5km;80.0km;82.5km;85.0km;87.5km;90.0km;92.5km;95.0km;97.5km;100.0km;std_70.0km;std_72.5km;std_75.0km;std_77.5km;std_80.0km;std_82.5km;std_85.0km;std_87.5km;std_90.0km;std_92.5km;std_95.0km;std_97.5km;std_100.0km
1.0427777777777778;;;;;;;;;;;;;;;;;;;;;;;;;;
1.0791666666666666;;;;;;;;;;;;;;;;;;;;;;;;;;
9.961944444444445;;;;;;-13.489368;-6.586936;-5.136097;-2.2598424;-5.0246396;-6.9991245;-13.8176365;-32.20124;;;;;;20.97323127226704;17.561727705439463;15.50764166467616;13.238719348940062;12.115592020202726;14.60025034031951;17.369262505932713;18.083598646287193
9.997777777777776;;;;;;-34.47558;-16.852694;8.767906;29.82809;24.789587;17.386662;-2.9468498;-38.43023;;;;;;24.818068015057094;20.17773351989762;17.57327089644953;15.1215604353519;14.737066193784976;17.348973456663078;18.40685198506252;16.81006751919813
13.235277777777778;;;;;-75.52042;0.80846024;21.896692;38.946854;23.103607;-28.833204;-35.738335;-43.897133;-65.14097;;;;;26.023963956323026;24.719041243543405;22.826828513834332;20.398235217782936;18.8992592447429;18.482104046888168;17.64186781494522;17.167281380579745;18.02762879582337
13.271388888888888;;;;;-61.10548;-30.027306;8.174256;36.371407;35.252785;-17.432053;-26.730074;-35.823112;-32.40831;;;;;24.308317506565526;24.067233949916222;22.33970232568017;20.79497896127813;19.28600399253303;18.812474053138253;19.401652764648684;18.819250250740595;17.894913802530596
13.3075;;;;;-46.690548;-5.514248;-1.2291181;16.601849;14.965149;25.357517;35.19023;-36.46006;-62.787865;;;;;23.406500379168175;28.906976666541937;26.90876437148313;25.448970509629657;25.22396677765018;24.151656257904964;21.85816460730406;21.492770877669543;23.3087344143778
22.046666666666667;;;;;;;;;;;;;;;;;;;;;;;;;;
22.0825;;;;;;;;;;;;;;;;;;;;;;;;;;
