tempo_decorrido;70.0km;72.5km;75.0km;77.5km;80.0km;82.5km;85.0km;87.5km;90.0km;92.5km;95.0km;97.5km;100.0km;std_70.0km;std_72.5km;std_75.0km;std_77.5km;std_80.0km;std_82.5km;std_85.0km;std_87.5km;std_90.0km;std_92.5km;std_95.0km;std_97.5km;std_100.0km
4.0408333333333335;;;;;11.986211;18.488909;20.739534;4.0963387;-21.593098;-28.082651;-21.054966;-15.162791;-11.087185;;;;;26.765412382401284;24.043785059761287;16.553499327936677;12.444839090964576;13.66229739099541;16.737853207624926;19.52078482028835;20.7509031128768;22.11191760114893
4.076666666666666;;;;;39.191643;29.456564;23.39941;6.3790245;-7.7260685;-3.271099;-4.9852085;-15.235187;-6.637722;;;;;23.004455220674103;21.588387387667474;17.70000197740102;14.905787802058635;13.323340797262524;13.360807610320567;15.295711817368945;17.095972625153564;19.861861191741323
4.1125;;;;;47.458855;40.652298;40.530968;32.15053;24.69566;26.689064;22.17237;11.087169;11.903749;;;;;22.96011759551767;22.243710346972243;20.758911339470576;18.626207343418038;14.92581924049732;11.31935819735377;12.774286672844006;15.526541791397078;18.729849972704
5.695277777777777;;;;;;;;;;;;;;;;;;;;;;;;;;
5.731111111111111;;;;;;;;;;;;;;;;;;;;;;;;;;
16.12472222222222;;;;;;6.5257316;-0.20245361;-3.2725697;-16.426115;-56.941635;-83.661316;-66.86568;-28.034885;;;;;;25.91852426354556;22.55027716015925;18.347583492111433;17.332444720811893;19.674212055378483;17.67518769348716;18.16355141485277;20.53370327047705
16.160555555555554;;;;;;-12.162448;-21.304277;-39.922028;-58.230804;-71.3947;-91.66908;-94.083275;-31.11074;;;;;;23.122136579477253;20.90037559471121;17.68117190686183;15.627670651763813;16.667299121333365;15.91584116532959;16.176929560333754;17.51462132048535
17.77861111111111;;;;;;1.0179286;21.389608;-0.31787658;-51.996468;-52.043903;-10.700567;34.934074;8.0500555;;;;;;20.667701130024113;16.85553173293563;12.795669579979002;12.109572246780644;11.754911739353895;13.184881493589543;13.84502509929108;14.41917369338479
17.814722222222223;;;;;;7.352411;12.657815;-4.658788;-38.92545;-54.674694;-18.814936;29.431686;-5.0309014;;;;;;27.279026742169524;21.41428401791664;16.06837732940075;12.769528965470888;13.161195614380937;16.38049755044089;18.043345587778337;19.152329884376993
