tempo_decorrido;70.0km;72.5km;75.0km;77.5km;80.0km;82.5km;85.0km;87.5km;90.0km;92.5km;95.0km;97.5km;100.0km;70.0km;72.5km;75.0km;77.5km;80.0km;82.5km;85.0km;87.5km;90.0km;92.5km;95.0km;97.5km;100.0km
0.8311111111111111;;;;;;;;;;;;;;;;;;;;;;;;;;
0.8672222222222222;;;;;;;;;;;;;;;;;;;;;;;;;;
11.36722222222222;;;;;;;21.30856400605165;19.192669173410977;15.562818189518246;17.067902624517167;15.341226482911983;17.737385376655716;20.27551626962924;;;;;;;21.30856400605165;19.192669173410977;15.562818189518246;17.067902624517167;15.341226482911983;17.737385376655716;20.27551626962924
11.403055555555556;;;;;;;18.856072761845187;14.665024036802667;11.821485947206469;13.497722030031586;12.359037988452014;12.153923646296287;11.148161283368662;;;;;;;18.856072761845187;14.665024036802667;11.821485947206469;13.497722030031586;12.359037988452014;12.153923646296287;11.148161283368662
11.438611111111111;;;;;;;16.733435690257995;14.06403747150867;12.103695716598299;11.063465099145024;10.753824668460984;12.53962479502477;13.025268519305083;;;;;;;16.733435690257995;14.06403747150867;12.103695716598299;11.063465099145024;10.753824668460984;12.53962479502477;13.025268519305083
13.021388888888888;;;;;;31.138803124076556;28.41942645445189;26.414301050756578;25.32065559972727;22.695288057215752;22.512405468985317;22.09593854082691;21.02736074736913;;;;;;31.138803124076556;28.41942645445189;26.414301050756578;25.32065559972727;22.695288057215752;22.512405468985317;22.09593854082691;21.02736074736913
13.0575;;;;;;24.308235230061438;22.547449523172236;21.181439516708963;20.05609283983299;18.618041518913852;18.339306693547606;18.66606868089797;17.520670078510125;;;;;;24.308235230061438;22.547449523172236;21.181439516708963;20.05609283983299;18.618041518913852;18.339306693547606;18.66606868089797;17.520670078510125
13.093055555555557;;;;;;22.981638322800226;21.250542816596475;20.21663819728691;18.753922256424122;17.158767438251502;17.151704580011867;17.541665257323775;16.24210115717791;;;;;;22.981638322800226;21.250542816596475;20.21663819728691;18.753922256424122;17.158767438251502;17.151704580011867;17.541665257323775;16.24210115717791
23.488333333333333;;;;;;;;;;;;;;;;;;;;;;;;;;
