tempo_decorrido;70.0km;72.5km;75.0km;77.5km;80.0km;82.5km;85.0km;87.5km;90.0km;92.5km;95.0km;97.5km;100.0km;std_70.0km;std_72.5km;std_75.0km;std_77.5km;std_80.0km;std_82.5km;std_85.0km;std_87.5km;std_90.0km;std_92.5km;std_95.0km;std_97.5km;std_100.0km
4.153333333333333;;;;;-112.0295;-107.6527;-102.446365;-90.28698;-76.78777;-75.773445;-70.63756;-67.276054;-73.91208;;;;;24.791587282786068;24.20606948680434;21.417951349277082;13.475687737551652;9.247130906394696;11.533607414855076;13.494299907738823;16.42190001187439;21.36359239453889
4.189722222222222;;;;;-131.119;-130.58533;-126.33545;-118.55847;-114.75877;-110.025055;-87.61103;-57.700134;-33.33436;;;;;26.071572641480607;24.586388510718688;20.167273737419244;12.40984689671875;9.150595609030049;9.801564671010441;12.678682108168813;16.45541916816463;20.96145271683239
5.8075;;;;;;;;;;;;;;;;;;;;;;;;;;
5.8438888888888885;;;;;;;;;;;;;;;;;;;;;;;;;;
16.343333333333334;;;;;;-33.845688;-68.50894;-59.958454;-26.168512;-0.43164825;-8.336074;-17.312206;41.925354;;;;;;22.829306822591;20.58599839696875;18.388822692059435;16.09623185717701;14.046176348031517;15.503532823198718;16.151461234204167;16.757550536996746
16.379166666666666;;;;;;-3.9285374;-29.656914;-46.94607;-40.918674;-21.550926;-43.266388;-75.83412;-55.930145;;;;;;26.380862381658414;22.085597569456887;18.228179832336526;16.903107998235118;16.05696546673748;15.463224437354585;17.53396703544295;20.427705206410238
16.415277777777778;;;;;;-36.67407;-91.51617;-95.76372;-39.375206;7.3002625;-60.34035;-107.101494;-100.920555;;;;;;27.609784497529134;23.11192224805198;21.721078932686563;22.292795921552774;21.51921002267509;20.051840314544698;19.934006120195708;22.13809070358146
17.99722222222222;;;;;;-68.63419;-45.928795;-13.67355;-3.1262197;-40.99267;-100.66449;-99.423325;-69.12264;;;;;;28.155311399450014;20.365309965723576;17.770253233986285;15.292018506397381;14.093696463312952;16.772724882975933;17.135807538601732;17.29972427525942
18.03333333333333;;;;;;-42.610878;-28.993395;-4.1959887;7.7987356;-40.242012;-92.89111;-109.495636;-114.75043;;;;;;24.09812586073863;18.323504031707472;14.35843828555181;12.770615490257311;12.640730595974269;14.3176579788735;15.912598153664284;16.260500299806274
18.069166666666668;;;;;;-10.200983;0.81056976;6.9086695;10.891027;-7.432863;-78.07657;-128.50499;-115.86454;;;;;;22.059469168590617;16.61798904801661;13.812891442417117;12.099382215633987;12.124725151524054;14.22468699128385;15.606956782153272;15.841649535323018
