tempo_decorrido;70.0km;72.5km;75.0km;77.5km;80.0km;82.5km;85.0km;87.5km;90.0km;92.5km;95.0km;97.5km;100.0km;std_70.0km;std_72.5km;std_75.0km;std_77.5km;std_80.0km;std_82.5km;std_85.0km;std_87.5km;std_90.0km;std_92.5km;std_95.0km;std_97.5km;std_100.0km
1.0105555555555557;;;;;;;;;;;;;;;;;;;;;;;;;;
1.046111111111111;;;;;;;;;;;;;;;;;;;;;;;;;;
9.785833333333333;;;;;;;2.4337907;-9.891082;-26.047916;-30.757301;-19.44669;-16.05494;9.772867;;;;;;;14.941846940723226;11.878249029213018;12.877162730974552;11.976357543092975;13.207500899110324;15.38674884437905;16.4643882364332
9.821666666666664;;;;;-10.905233;-29.881588;-16.919956;-0.13147163;6.2069283;13.954538;-11.51524;-80.34778;-75.372734;;;;;21.26592932368581;17.169828187841603;14.499025484493778;12.826566570988513;11.558127876087891;11.515270730642854;15.993905714365082;17.455952279953106;14.819536092604249
11.440277777777776;;;;;;2.808797;15.964127;20.570536;23.720604;30.55579;6.2307944;40.453777;91.59295;;;;;;26.819655105910666;24.556054243302203;22.74537315587502;20.56339952439771;20.683740957573416;20.696338806658535;21.76451102138525;20.806813787795573
11.47638888888889;;;;;;9.19315;11.494197;10.085599;3.4148974;13.881426;0.110143185;32.074326;54.187927;;;;;;25.717641804800067;23.51344721643341;21.54687680384329;20.371685742716533;20.646460713642906;20.49895046093824;20.512050848220905;19.59003879526531
21.976666666666667;;;;;;;;;;;;;;;;;;;;;;;;;;
22.0125;;;;;;;;79.41669;78.62349;53.758774;13.627292;-31.065302;-75.3938;;;;;;;;18.513963649094702;16.01151710488422;14.926795704370045;17.135431713265938;20.603320848834052;23.191458556977395
22.048333333333336;;;;;;;;114.32005;125.18164;91.91713;30.926628;-39.072678;-108.97416;;;;;;;;22.748766999554064;18.883660132506094;16.025090639369253;18.723286570471544;22.06264263409984;24.325292392898383
23.629444444444445;;;;;;;;;;;;;;;;;;;;;;;;;;
23.665000000000003;;;;;;;;;;;;;;;;;;;;;;;;;;
