tempo_decorrido;70.0km;72.5km;75.0km;77.5km;80.0km;82.5km;85.0km;87.5km;90.0km;92.5km;95.0km;97.5km;100.0km;std_70.0km;std_72.5km;std_75.0km;std_77.5km;std_80.0km;std_82.5km;std_85.0km;std_87.5km;std_90.0km;std_92.5km;std_95.0km;std_97.5km;std_100.0km
5.47861111111111;;;;;-221.59338;-251.8237;-264.15164;-260.41577;-216.90787;-149.22646;-88.24843;-53.90916;-58.325756;;;;;29.354811530650302;27.956825642407974;27.304728528223823;27.06088505574051;26.42214222957707;23.92563896743408;21.08576889752897;22.292844591931285;24.391293528634353
5.514444444444445;;;;;-173.11641;-182.02979;-190.31824;-197.44383;-173.00792;-122.899574;-73.1604;-45.113667;-24.06949;;;;;30.326544478393842;28.936338745598068;25.963652863185487;19.474894094705625;15.667297788706259;19.29296244748328;20.62260410326494;22.523909518553832;25.864954088495885
17.704444444444444;;;;;;-19.739988;-51.65932;-64.59628;-58.27446;-83.91012;-63.758232;-24.199959;41.60287;;;;;;22.10296880511756;18.60971601072945;16.750339698047917;17.40933542671862;17.669020063376465;16.902264641165694;17.71634838221466;19.532124820408043
17.668611111111108;;;;;;-115.50785;-58.995144;-0.9318609;1.8763971;-27.360764;-14.970637;-5.7356067;-10.327646;;;;;;26.64996622887166;23.24267411465385;19.448455722755984;18.80112762575692;20.963239969050587;19.8331056569565;19.078614467513095;20.893649752975186
19.395;;;;;;;;;;;;;;;;;;;;;;;;;;
19.359166666666667;;;;;;-52.58931;-16.09759;9.633566;-31.684875;-102.708176;-139.39108;-107.68443;-19.036928;;;;;;21.16455291283045;15.343624082986391;10.155025849302403;10.280224413892919;12.169956039361852;12.437363868601738;13.541615117850602;15.715567441234821
19.32305555555556;;;;;;-46.292873;-20.481495;-11.27149;-48.367966;-86.02053;-117.846405;-102.10286;-40.515087;;;;;;20.674790446338264;14.286426775089703;8.500102940553132;8.751429026164812;10.726589159653686;11.552867609385991;12.439969453338701;13.619203721216596
19.394722222222224;;;;;;2.3024502;34.277843;39.135216;-6.805155;-81.81402;-143.43324;-127.38948;-47.485535;;;;;;31.423849223161696;18.17329826971428;15.406593069202549;14.53949105023969;12.344149221392295;15.080985710489882;16.708821023638983;18.555753285706295
19.358888888888888;;;;;;-42.92588;-24.692158;-9.853252;-30.987862;-85.6425;-143.41994;-147.15277;-81.99586;;;;;;26.154498657018834;16.663839893613957;10.610707327977716;11.423681105493099;12.008760552196884;11.767015339498798;12.822202228946477;14.843156672352414
19.322777777777777;;;;;;-35.689957;-34.93495;-28.295523;-31.13509;-52.050274;-123.05654;-160.71552;-139.67032;;;;;;22.07200761145211;14.816868090119451;8.425399100339401;9.634326650057076;10.893659164853654;10.59864000709525;11.208984342927774;12.401884937379478
17.740833333333335;;;;;;-13.147102;-82.26045;-59.239456;-31.910559;-19.656834;-32.310333;-71.32089;-30.004723;;;;;;22.358407367252255;18.108736289426716;16.660069027468044;15.278915210184262;12.991499913404917;14.515183085307605;13.135511409914727;13.061921757536293
17.704444444444444;;;;;;-28.037588;-78.78404;-80.35296;-53.980255;-58.91923;-36.104095;-2.6190982;49.661148;;;;;;22.434655112125082;18.13190833861676;16.175361819755377;16.05026541836614;15.947830573466725;15.557288324126413;15.959196408340867;17.163094126642783
17.668611111111108;;;;;;-128.97186;-75.55161;-13.8667145;-1.2228351;-29.366217;-19.239588;-8.246363;-12.806389;;;;;;27.070908739826226;23.73425667679525;19.733323338961434;19.094905603327813;21.745396524322107;20.05141391523301;19.138448212956032;21.350409832132026
7.168333333333334;;;;;;;;;;;;;;;;;;;;;;;;;;
7.132222222222223;;;;;;;;;;;;;;;;;;;;;;;;;;
19.394722222222224;;;;;34.520214;56.82347;87.59796;69.151375;9.703492;-25.17443;-35.49183;3.067257;33.337456;;;;;24.612231918296235;19.900083919421043;13.787433408724047;12.221292893961753;11.599787498053574;11.024370276800393;14.512449138584431;15.738081204517913;17.349877521181526
19.35861111111111;;;;;44.323967;48.408638;52.85424;32.433598;12.009758;-39.397568;-39.107002;-10.767876;-6.46644;;;;;22.465666026183154;18.496747551934636;13.473328467754358;10.249062883990906;11.855450223420451;10.632991112570348;12.308503158386076;12.812345608825888;14.060348502082016
19.322777777777777;;;;;31.28007;-19.989214;42.27717;62.51281;54.588657;44.192238;-34.63857;-103.83296;-60.334522;;;;;24.224583381350442;18.726197424997956;12.947877046064347;9.295023937570036;11.762421094315574;11.676442951515671;10.986812322052288;13.516320875149422;14.089095783619332
17.740555555555556;;;;;-16.952604;-16.676687;-17.781548;-7.9865055;-41.786694;-40.471718;53.8151;52.92436;83.51117;;;;;21.3476872283627;18.86934683554256;15.405830065270745;15.136410737027454;16.06062670010109;15.015475683440734;14.357776638463212;14.009641323031792;16.25692775403766
17.704444444444444;;;;;-37.895767;-28.682642;-38.39771;-62.197205;-101.71116;-83.915634;2.6857338;56.470245;81.11694;;;;;24.031661407401696;22.01403915686533;20.85494593615625;18.654699943981946;11.16069173483436;17.946284295084595;17.542545425336655;16.131364480415165;17.979909065398523
17.668611111111108;;;;;-61.028748;-84.69036;-43.8462;28.671946;33.276268;6.903289;10.894854;16.376698;2.3527079;;;;;28.769217055735112;25.81924863352921;22.611195014859344;19.38063105267731;18.858014211469882;21.285372442125603;20.0926444252617;19.505856043762858;20.59960849142527
7.168611111111111;;;;;;102.38004;92.94202;84.42954;93.68183;115.447174;139.2344;134.73671;66.31753;;;;;;17.961261926713277;14.696727526902034;10.857654627036172;9.584237319682773;10.640305446743529;11.013979753022973;11.326653521671792;14.364881134210613
7.132777777777777;;;;;;107.32357;94.060425;85.37656;99.851585;123.635956;145.15222;141.33064;74.109436;;;;;;19.777682877425253;16.478055103682593;12.168675359298563;10.692304241836743;11.883290369253796;12.246673834147785;12.48873132067465;15.805250393461028
17.740555555555556;;;;;;-5.702194;-46.14561;-49.645737;-52.782104;-79.30648;-84.12316;-89.8848;-21.694336;;;;;;22.27644608100673;16.561917159556135;16.409775440267303;17.034172125465915;15.330530975801198;16.47803598733781;16.67901136158855;16.714941818624435
