tempo_decorrido;70.0km;72.5km;75.0km;77.5km;80.0km;82.5km;85.0km;87.5km;90.0km;92.5km;95.0km;97.5km;100.0km;std_70.0km;std_72.5km;std_75.0km;std_77.5km;std_80.0km;std_82.5km;std_85.0km;std_87.5km;std_90.0km;std_92.5km;std_95.0km;std_97.5km;std_100.0km
1.1730555555555555;;;;;-54.501816;-52.14186;-56.174034;-64.82856;-72.186;-69.98941;-43.504868;4.033829;20.491066;;;;;24.92546990529968;23.90938727780367;21.918478505589754;19.112320633559914;17.004032462918907;16.33715550516674;14.609013655959119;15.89512032040022;18.409411451754778
1.208888888888889;;;;;-34.947266;-38.116642;-30.639969;-20.607128;-23.589252;-32.662754;-21.5272;1.9969447;22.53988;;;;;23.13962186380754;19.959209152669352;14.459122380006333;10.407518628376314;11.441873535396203;13.510746463463816;13.049811492891383;14.648010103764948;18.78820002022546
4.444722222222223;;;;;;;;;;;;;;;;;;;;;;;;;;
4.481111111111111;;;;;;;;;;;;;;;;;;;;;;;;;;
13.364444444444445;;;;;;10.84236;3.0202026;16.361866;23.445993;-15.352891;-50.751213;-45.871254;-61.37072;;;;;;23.54331752323788;23.9488655263668;22.127613969879356;20.36238100026615;18.34578289416944;19.230203327058195;18.976448561308832;19.026786906884723
13.400555555555554;;;;;;32.689228;23.483822;29.98804;38.0989;14.970996;-4.176814;-10.085594;-22.05222;;;;;;24.09698528862065;22.108055093110295;20.378600295407924;18.182485528661918;16.142990119553442;16.125151162082172;16.730111774880644;16.356352588520462
16.637222222222224;;;;;-35.317886;12.832214;-17.226225;-36.541306;-37.47849;-41.136997;-15.101921;-30.62361;-31.09286;;;;;74.79204503154062;21.569457573151904;16.04352517372663;13.983804203434772;12.490733765475909;11.503761558725042;11.08395552138315;13.586715202726522;12.932074079589864
16.673055555555557;;;;;131.28769;-2.2965884;-15.118981;-14.318392;-20.09728;-23.426392;-12.721413;-2.9568253;-20.065023;;;;;32.339922696258874;25.845564416355856;21.129679363397827;20.204575719376045;18.654339977603065;16.344610732593175;16.47460287837009;17.10442720467423;18.479680733172856
16.709166666666665;;;;;113.9285;-1.9741611;3.3854408;21.013361;36.7639;33.12841;12.041188;-23.163435;-15.536833;;;;;28.00948410806597;23.767479883235413;19.5946229869319;18.3748888432012;16.420251520607106;15.711992235232298;16.438432102849713;17.77045469311351;16.93905044564187
