tempo_decorrido;70.0km;72.5km;75.0km;77.5km;80.0km;82.5km;85.0km;87.5km;90.0km;92.5km;95.0km;97.5km;100.0km;70.0km;72.5km;75.0km;77.5km;80.0km;82.5km;85.0km;87.5km;90.0km;92.5km;95.0km;97.5km;100.0km
3.972777777777778;;;;;;;;;;;;;;;;;;;;;;;;;;
4.008611111111112;;;;;;;;;;;;;;;;;;;;;;;;;;
5.625555555555556;;;;;;;;;;;;;;;;;;;;;;;;;;
5.661666666666666;;;;;;;;;;;;;;;;;;;;;;;;;;
16.161388888888887;;;;;;26.47360572343707;22.727562561788275;19.537563051721676;18.690799875874763;19.37485819302944;19.618018248538764;20.54050437550159;21.023428121978586;;;;;;26.47360572343707;22.727562561788275;19.537563051721676;18.690799875874763;19.37485819302944;19.618018248538764;20.54050437550159;21.023428121978586
16.1975;;;;;;22.41226182249351;20.48364347473369;18.79795148413784;14.532613323143227;14.740255085988165;16.01346308579128;15.774162101360567;15.388026839071994;;;;;;22.41226182249351;20.48364347473369;18.79795148413784;14.532613323143227;14.740255085988165;16.01346308579128;15.774162101360567;15.388026839071994
16.23361111111111;;;;;;23.13215727077784;19.250581809389555;16.988018424760433;16.227421236906373;16.686069938724337;16.64650714113925;16.48265603596702;18.013507431924523;;;;;;23.13215727077784;19.250581809389555;16.988018424760433;16.227421236906373;16.686069938724337;16.64650714113925;16.48265603596702;18.013507431924523
17.815555555555555;;;;;;20.594161308487415;15.33170244949986;11.086256130903706;9.847944455570412;10.341115752180709;11.84723849679747;12.39251386926801;12.642559867368632;;;;;;20.594161308487415;15.33170244949986;11.086256130903706;9.847944455570412;10.341115752180709;11.84723849679747;12.39251386926801;12.642559867368632
17.851388888888888;;;;;;20.992175923424423;15.526298979473504;12.318689865403707;9.93160460348679;11.706755741878276;12.51691974888391;13.721033124367858;14.581770125742622;;;;;;20.992175923424423;15.526298979473504;12.318689865403707;9.93160460348679;11.706755741878276;12.51691974888391;13.721033124367858;14.581770125742622
