tempo_decorrido;70.0km;72.5km;75.0km;77.5km;80.0km;82.5km;85.0km;87.5km;90.0km;92.5km;95.0km;97.5km;100.0km;std_70.0km;std_72.5km;std_75.0km;std_77.5km;std_80.0km;std_82.5km;std_85.0km;std_87.5km;std_90.0km;std_92.5km;std_95.0km;std_97.5km;std_100.0km
4.8475;;;;;;;;26.41811;26.892826;11.06707;31.74244;38.14202;22.27148;;;;;;;;23.10165362046622;19.60133056708141;13.153399560569884;11.689680064056502;14.185290268443575;18.532201704060963
4.883333333333334;;;;;;;;57.72571;41.31635;14.114069;21.24253;32.074276;23.458614;;;;;;;;23.200991358129503;22.32703428581593;16.596336945241863;11.845107006692679;15.327278949637472;17.50580760776263
6.503333333333333;;;;;;;;;;;;;;;;;;;;;;;;;;
6.539444444444444;;;;;;;;;;;;;;;;;;;;;;;;;;
17.038888888888888;;;;;;-67.41507;-46.427834;-18.376947;-29.369537;-46.60836;-53.09521;-27.909845;27.456652;;;;;;25.99408586582725;21.372985285167818;15.826235496794554;16.043998878085226;18.855840474505506;18.582957245820698;18.84631582034006;19.024101555658287
17.075;;;;;;-47.443092;-55.325966;-28.878302;-27.039434;-15.650903;-10.62409;-28.073486;-41.527767;;;;;;21.486423155099594;18.075033886551914;14.017341402705435;15.091924993187583;16.423807719283612;14.9981215490474;13.00432812566647;13.294001654881798
17.110833333333336;;;;;;-24.55282;-31.404587;-35.005394;-33.180397;-33.62416;-26.70706;-8.822435;12.3427925;;;;;;20.18559213894901;16.225628801374693;14.801209072234606;14.913892181452836;14.759699183926479;13.995982637885772;14.886762576195;16.650902678233393
18.69333333333333;;;;;;-20.367455;0.22661972;10.737738;-31.42519;-44.146397;-43.914238;-56.808304;-52.720116;;;;;;27.192326123375324;18.912078151276766;11.939482400841337;10.576840265410082;11.870489037946163;14.071809052143935;14.980237648315196;17.339348315320272
18.729444444444443;;;;;;10.434887;9.69927;-12.657498;-50.836784;-65.96039;-44.94908;-22.467754;-13.004894;;;;;;23.59514992535542;16.70205975321607;11.38807885466201;11.169375094426725;12.264886057359032;13.23249145097022;14.259893407736259;16.02235625618155
