tempo_decorrido;70.0km;72.5km;75.0km;77.5km;80.0km;82.5km;85.0km;87.5km;90.0km;92.5km;95.0km;97.5km;100.0km;std_70.0km;std_72.5km;std_75.0km;std_77.5km;std_80.0km;std_82.5km;std_85.0km;std_87.5km;std_90.0km;std_92.5km;std_95.0km;std_97.5km;std_100.0km
0.4369444444444444;;;;;24.669594;21.33545;28.565899;50.193684;68.34168;73.41332;48.046402;-1.4205165;-65.97817;;;;;25.55259986772383;20.682230053840907;16.73421644416015;14.044658771219755;14.240185392051607;15.962673961463976;18.65261322174456;21.320265945808462;24.140517807205377
0.4730555555555555;;;;;20.490032;20.422018;27.070288;44.187424;51.816814;52.31188;34.15801;9.407488;-48.500614;;;;;22.00665535695963;18.930841766810055;15.888279013159355;13.739445767570102;13.60265305004873;14.733534538595958;16.569084162982577;18.3244727072841;20.478738242382025
0.508888888888889;;;;;14.185329;23.842983;25.425228;30.351597;29.439587;18.997585;16.12192;39.647957;-9.610594;;;;;22.729542450300226;21.555485380756334;19.92448995583074;18.112509489300482;16.802214139809074;16.74717946401722;17.615579752026328;19.863239413549845;20.240859171487756
2.091111111111111;;;;;;;;;;;;;;;;;;;;;;;;;;
2.127222222222222;;;;;;;;;;;;;;;;;;;;;;;;;;
2.163611111111111;;;;;;;;;;;;;;;;;;;;;;;;;;
12.555;;;;;;-6.9095097;7.7261233;4.446397;-39.427525;-109.6676;-122.95149;-109.65022;-67.58892;;;;;;21.07507532608128;15.223410590271813;11.423961659599527;9.754401570573153;13.91295367634062;11.82822175984201;11.300614850529152;12.8753924212041
14.173333333333334;;;;;;118.11751;87.59957;41.57701;-22.154467;-58.152424;-44.319645;0.9293647;48.924854;;;;;;23.494297180379753;19.873097393209747;19.307212641911832;18.175919233975485;17.928941128800663;18.751970563116828;18.013328398716325;16.975865810025713
14.209166666666668;;;;;;148.73154;109.439026;43.30926;-33.600906;-85.06172;-82.466805;-38.73941;37.163223;;;;;;26.858280845951402;21.74695932768533;20.047084576067412;19.72636053609484;20.557494253921124;21.582300618794097;19.517071501636714;16.849388712947423
