tempo_decorrido;70.0km;72.5km;75.0km;77.5km;80.0km;82.5km;85.0km;87.5km;90.0km;92.5km;95.0km;97.5km;100.0km;70.0km;72.5km;75.0km;77.5km;80.0km;82.5km;85.0km;87.5km;90.0km;92.5km;95.0km;97.5km;100.0km
4.217777777777778;;;;;;30.857529551148453;29.941477418457495;28.64733320921862;26.83201073345045;23.645915714981307;17.243341323537038;13.190249049961112;23.757701909065194;;;;;;30.857529551148453;29.941477418457495;28.64733320921862;26.83201073345045;23.645915714981307;17.243341323537038;13.190249049961112;23.757701909065194
4.253611111111111;;;;;25.791543963089918;24.238240447689268;21.72727180296689;20.09073667141153;19.112831292092753;16.965703050566457;13.175398665695091;13.610614975084705;20.798326855783376;;;;;25.791543963089918;24.238240447689268;21.72727180296689;20.09073667141153;19.112831292092753;16.965703050566457;13.175398665695091;13.610614975084705;20.798326855783376
4.289444444444444;;;;;25.36510595286367;23.932024569601293;21.088340380409264;15.547281434385884;11.894435673877092;12.820820566562812;14.028773645618493;16.785381139551166;20.81152637362286;;;;;25.36510595286367;23.932024569601293;21.088340380409264;15.547281434385884;11.894435673877092;12.820820566562812;14.028773645618493;16.785381139551166;20.81152637362286
5.871111111111111;;;;;;;;;;;;;;;;;;;;;;;;;;
5.906666666666666;;;;;;;;;;;;;;;;;;;;;;;;;;
16.302222222222223;;;;;27.608590148720015;22.02283269699881;20.01257454701918;18.54994420476784;19.024563595520398;16.99841845584465;16.423340098774062;17.230004352872346;17.867807364083596;;;;;27.608590148720015;22.02283269699881;20.01257454701918;18.54994420476784;19.024563595520398;16.99841845584465;16.423340098774062;17.230004352872346;17.867807364083596
16.338055555555556;;;;;24.502078891392053;26.52965227815849;23.869991621280473;22.591591356077597;20.521411501161417;21.53729207676768;20.779848892617096;22.789041225992815;23.770141985272193;;;;;24.502078891392053;26.52965227815849;23.869991621280473;22.591591356077597;20.521411501161417;21.53729207676768;20.779848892617096;22.789041225992815;23.770141985272193
17.956666666666667;;;;;;20.814486061394838;15.914914388710987;13.695472974673054;12.076854722981476;11.032969228634693;12.69813372114186;14.852312614539192;15.017102583388048;;;;;;20.814486061394838;15.914914388710987;13.695472974673054;12.076854722981476;11.032969228634693;12.69813372114186;14.852312614539192;15.017102583388048
17.9925;;;;;;26.486964718517672;20.428296551597246;17.87491202775555;14.895340546627324;13.620551016754058;14.632534982018665;16.99642609491772;17.547604679841633;;;;;;26.486964718517672;20.428296551597246;17.87491202775555;14.895340546627324;13.620551016754058;14.632534982018665;16.99642609491772;17.547604679841633
