tempo_decorrido;70.0km;72.5km;75.0km;77.5km;80.0km;82.5km;85.0km;87.5km;90.0km;92.5km;95.0km;97.5km;100.0km;70.0km;72.5km;75.0km;77.5km;80.0km;82.5km;85.0km;87.5km;90.0km;92.5km;95.0km;97.5km;100.0km
2.5722222222222224;;;;;;24.315145485890067;21.463594293593978;17.917947985190715;13.995437470833128;11.499879129799583;13.205591618704556;18.278284109839195;20.28759670340477;;;;;;24.315145485890067;21.463594293593978;17.917947985190715;13.995437470833128;11.499879129799583;13.205591618704556;18.278284109839195;20.28759670340477
2.608055555555555;;;;;22.89791780926816;21.991144581399123;20.297151770630283;16.895374218998523;12.610015860418256;9.82315555206167;11.165420278699768;15.852392248490446;20.94994892595206;;;;;22.89791780926816;21.991144581399123;20.297151770630283;16.895374218998523;12.610015860418256;9.82315555206167;11.165420278699768;15.852392248490446;20.94994892595206
2.6438888888888887;;;;;23.52397075325507;23.142664064450315;22.435939249338325;19.73972188253928;14.786499923917086;10.381299533295435;11.050424878709416;16.476337578479022;18.360703145576966;;;;;23.52397075325507;23.142664064450315;22.435939249338325;19.73972188253928;14.786499923917086;10.381299533295435;11.050424878709416;16.476337578479022;18.360703145576966
4.226666666666667;;;;;;;;;;;;;;;;;;;;;;;;;;
4.2619444444444445;;;;;;;;;;;;;;;;;;;;;;;;;;
4.2975;;;;;;;;;;;;;;;;;;;;;;;;;;
4.299166666666666;;;;;;;;;;;;;;;;;;;;;;;;;;
16.308333333333334;;;;;;15.077202989944785;11.351239139406763;9.227912331616507;9.189625672463487;9.672237848605668;9.84550882382419;10.189332166535744;12.522603962435289;;;;;;15.077202989944785;11.351239139406763;9.227912331616507;9.189625672463487;9.672237848605668;9.84550882382419;10.189332166535744;12.522603962435289
16.344444444444445;;;;;;18.955889322318804;13.523791628090105;10.825445949243846;10.682233848779008;11.262469356229122;11.467663231888176;11.469868351467683;13.98727314382614;;;;;;18.955889322318804;13.523791628090105;10.825445949243846;10.682233848779008;11.262469356229122;11.467663231888176;11.469868351467683;13.98727314382614
