tempo_decorrido;70.0km;72.5km;75.0km;77.5km;80.0km;82.5km;85.0km;87.5km;90.0km;92.5km;95.0km;97.5km;100.0km;std_70.0km;std_72.5km;std_75.0km;std_77.5km;std_80.0km;std_82.5km;std_85.0km;std_87.5km;std_90.0km;std_92.5km;std_95.0km;std_97.5km;std_100.0km
0.8516666666666667;;;;;;;;122.202545;49.035744;-38.37077;-65.96491;-70.18403;-47.90895;;;;;;;;30.397443971492077;30.164112120200056;28.715480145733242;29.864895780832722;29.449271637852096;30.806403555105227
0.8877777777777778;;;;;;;;153.79185;122.641174;50.835625;-6.6686716;-57.515617;-81.65057;;;;;;;;27.695906376213795;21.64363185789298;21.393038119911814;22.93276913065668;24.669724360032884;25.394439548846123
0.923611111111111;;;;;;;;66.53882;77.6092;74.68718;45.696785;12.345749;-22.406868;;;;;;;;22.690603782182617;19.286090842884672;17.133228534050435;18.069243481673492;22.154156269196985;23.083384717150995
4.161388888888889;;;;;;;;;;;;;;;;;;;;;;;;;;
4.1975;;;;;;;;;;;;;;;;;;;;;;;;;;
12.936388888888889;;;;;8.695239;11.135229;25.781546;39.951706;43.57751;17.544727;-18.263563;-49.416138;-62.697388;;;;;24.950959901374535;21.441667379194183;18.37334210207822;16.855862481641218;16.451395077621836;16.559885265303016;13.788493028609036;12.673812370395893;14.3776785330595
12.9725;;;;;-15.834954;-8.872648;15.777445;40.56139;50.414963;23.164993;-24.509499;-63.974655;-80.7767;;;;;24.329889025640867;22.36267783607321;18.85027055508753;17.805403674165884;17.908791695700746;15.814569232198517;13.862965772157125;11.666427473738478;13.069311382012444
14.591111111111111;;;;;;55.150986;33.96206;34.031616;38.034027;19.986406;-49.98461;-119.90692;-135.96187;;;;;;22.130981225422428;21.45189805122148;20.60974453990151;19.132383542047236;16.607247213189787;14.613210803926698;14.701914841271527;15.352826775548534
14.626944444444444;;;;;;160.49399;69.179;10.648996;-10.441896;-33.02085;-74.890335;-110.23011;-102.120056;;;;;;28.55991001386384;27.940035790957747;26.79213130753132;24.404669635133356;21.271710321457462;18.55270384607052;18.673001097841773;19.32681453318161
