tempo_decorrido;70.0km;72.5km;75.0km;77.5km;80.0km;82.5km;85.0km;87.5km;90.0km;92.5km;95.0km;97.5km;100.0km;70.0km;72.5km;75.0km;77.5km;80.0km;82.5km;85.0km;87.5km;90.0km;92.5km;95.0km;97.5km;100.0km
3.52;;;;;23.29090079838047;21.810618056350442;20.092405779298804;16.232513668560394;12.074852380050036;9.834376441849274;11.145737077465986;14.304395827856554;18.404947704353848;;;;;23.29090079838047;21.810618056350442;20.092405779298804;16.232513668560394;12.074852380050036;9.834376441849274;11.145737077465986;14.304395827856554;18.404947704353848
3.5561111111111114;;;;;23.201107732175203;22.637644532945558;21.543877088397995;17.967748050326172;11.826602639811654;7.992616592831161;9.087095245456602;12.043920458056837;16.14996346745094;;;;;23.201107732175203;22.637644532945558;21.543877088397995;17.967748050326172;11.826602639811654;7.992616592831161;9.087095245456602;12.043920458056837;16.14996346745094
3.5919444444444446;;;;;23.070057217094195;22.553921610221135;21.348982411346917;17.325756837725734;12.175575140419445;8.29798107975669;10.432969855223392;14.022469112107183;19.176412594643452;;;;;23.070057217094195;22.553921610221135;21.348982411346917;17.325756837725734;12.175575140419445;8.29798107975669;10.432969855223392;14.022469112107183;19.176412594643452
5.174444444444444;;;;;;;;;;;;;;;;;;;;;;;;;;
5.210277777777778;;;;;;;;;;;;;;;;;;;;;;;;;;
5.246111111111111;;;;;;;;;;;;;;;;;;;;;;;;;;
15.639722222222222;;;;;;22.970415755923966;21.67661297343291;18.03197770628613;16.63242916714212;16.835192306593946;18.203796307364023;18.499850810209253;18.910200950809593;;;;;;22.970415755923966;21.67661297343291;18.03197770628613;16.63242916714212;16.835192306593946;18.203796307364023;18.499850810209253;18.910200950809593
17.25777777777778;;;;;;20.4775730983923;16.33535643933122;16.107657495737858;13.037085180361444;12.541754263259985;12.96855890220652;12.92669331267668;14.134856560998417;;;;;;20.4775730983923;16.33535643933122;16.107657495737858;13.037085180361444;12.541754263259985;12.96855890220652;12.92669331267668;14.134856560998417
17.293611111111108;;;;;;20.726981449309015;17.37083763092615;14.784945721915925;12.649815018410349;11.411341726545569;11.220505781826414;12.010438792983377;14.051510594950281;;;;;;20.726981449309015;17.37083763092615;14.784945721915925;12.649815018410349;11.411341726545569;11.220505781826414;12.010438792983377;14.051510594950281
