tempo_decorrido;70.0km;72.5km;75.0km;77.5km;80.0km;82.5km;85.0km;87.5km;90.0km;92.5km;95.0km;97.5km;100.0km;std_70.0km;std_72.5km;std_75.0km;std_77.5km;std_80.0km;std_82.5km;std_85.0km;std_87.5km;std_90.0km;std_92.5km;std_95.0km;std_97.5km;std_100.0km
3.5436111111111117;;;;;;;;-35.271458;22.697014;52.69539;53.41166;27.883415;-12.896898;;;;;;;;23.047690556756443;21.001751117466373;16.324608111682192;19.694364168462002;18.561687692664155;20.85956950658378
3.58;;;;;;;;28.192566;72.54635;46.144695;9.429102;-19.797646;-31.822573;;;;;;;;29.534327485148534;22.414815413025377;21.996101927387045;23.9882929780341;21.20146315705593;23.71348561472986
5.197500000000001;;;;;;;;;;;;;;;;;;;;;;;;;;
5.233333333333333;;;;;;;;;;;;;;;;;;;;;;;;;;
15.735277777777778;;;;;;-12.226982;-20.9666;-16.61983;-6.8978434;-36.926254;-57.228615;-18.83158;27.396551;;;;;;28.128454632275837;27.36207594463549;25.047024773413707;22.839689139740933;22.005284365351883;21.627290630127483;20.497403494101395;22.002570304398528
15.77111111111111;;;;;;23.109985;29.199589;34.287373;25.71278;-23.701323;-36.579132;-52.879642;-13.943861;;;;;;22.600002212389274;21.102919229338863;19.980825808759757;18.094255994652006;15.865803162777484;16.29647691987443;16.934979185106783;16.615830403563947
15.80722222222222;;;;;-19.17659;23.24778;46.592964;65.77545;67.95351;37.74366;22.898779;1.0395393;25.684277;;;;;25.986061648506876;22.12422269821021;18.30978973117933;15.726735198381132;16.08567002023851;14.506528185613538;14.764189784746064;16.819497019827914;17.562857967882106
17.389722222222225;;;;;51.159943;1.8327098;24.096182;30.100296;21.10507;-6.886316;-26.072567;-22.955172;-1.5626311;;;;;22.417794271515653;22.206619958922158;16.71182126520027;15.080809991509076;12.259399659037141;11.64363216526527;12.788913949198344;13.243026466786208;12.736207049196397
17.425555555555555;;;;;75.18831;7.1066494;29.990475;42.876488;22.42418;-30.125734;-61.40103;-38.71295;-4.057228;;;;;22.936950538378024;28.374913215726316;21.721104944270216;19.16347489366164;16.062492334628523;15.909789753481974;18.326159990570858;18.865514040173938;17.5942277466219
