tempo_decorrido;70.0km;72.5km;75.0km;77.5km;80.0km;82.5km;85.0km;87.5km;90.0km;92.5km;95.0km;97.5km;100.0km;std_70.0km;std_72.5km;std_75.0km;std_77.5km;std_80.0km;std_82.5km;std_85.0km;std_87.5km;std_90.0km;std_92.5km;std_95.0km;std_97.5km;std_100.0km
0.6286111111111111;;;;;;;;;;;;;;;;;;;;;;;;;;
0.6647222222222222;;;;;;;;;;;;;;;;;;;;;;;;;;
11.20138888888889;;;;;;-69.24294;-76.49581;-59.94681;-56.075485;-16.88518;14.570699;32.79091;38.224457;;;;;;22.146842664361888;18.109587239912454;17.15482730895301;16.053963373572273;16.379311951361082;14.39659855660357;14.89991342256726;16.276044974132997
11.236944444444443;;;;;;-50.62384;-42.0257;-50.592064;-58.73016;-44.42482;13.139607;46.075676;65.05076;;;;;;21.895786809338457;18.16622883264438;17.118241147968444;14.251809007982109;14.032734231075567;14.81717516937692;15.752779754697265;16.840562639056927
12.82027777777778;;;;;-23.309137;-34.90524;-12.464304;7.122346;31.545912;41.464767;23.17919;-4.511556;-36.43819;;;;;29.79681526606493;24.597495807500405;22.255686464362316;19.824182202552517;18.23918583709262;17.098680358437022;18.38231704655319;19.13154358644383;18.050425756751558
12.856111111111112;;;;;-10.166556;-63.341923;-33.888947;8.387144;25.443727;13.985743;-24.42575;-34.22951;-32.421883;;;;;26.955594966537095;24.722652163552354;23.345089419404673;22.26033580160012;20.844315052311025;19.355674878443274;18.88843296835394;19.940518298178713;18.841530458006854
12.891944444444444;;;;;2.9760194;23.073345;41.80833;61.38554;79.26255;72.69332;53.654755;5.8756523;-78.52406;;;;;24.865916431935503;30.22278941461228;27.71354307915175;28.061899436780823;26.228030806753296;24.09665744455027;23.14008297305781;24.768205425504693;23.50772553863942
21.63138888888889;;;;;3.1609516;-24.887245;-46.963245;-34.42881;-18.011967;-11.922735;-12.431906;-36.850273;;;;;;22.986178455759017;19.21581770313197;15.402941602174566;15.052374231329754;15.075481086850926;15.179229229443767;17.385225336474647;20.064808994854648;
21.6675;;;;;-30.509762;-36.309944;-39.007477;-27.940346;-4.597148;18.185617;30.046135;25.47956;-2.419962;;;;;23.24107656714723;20.77271527749803;18.69144911450153;17.207738375510015;14.581641539963874;13.525883335294594;15.58689096644998;18.540046925506957;21.31089908943309
