tempo_decorrido;70.0km;72.5km;75.0km;77.5km;80.0km;82.5km;85.0km;87.5km;90.0km;92.5km;95.0km;97.5km;100.0km;std_70.0km;std_72.5km;std_75.0km;std_77.5km;std_80.0km;std_82.5km;std_85.0km;std_87.5km;std_90.0km;std_92.5km;std_95.0km;std_97.5km;std_100.0km
1.0302777777777778;;;;;;;;;;;;;;;;;;;;;;;;;;
1.0661111111111112;;;;;;;;;;;;;;;;;;;;;;;;;;
11.565833333333334;;;;;;-45.44227;-41.528225;17.033863;-78.204865;-87.39846;-27.704205;25.904427;35.107708;;;;;;27.639824529110165;24.933413324292363;22.226308735370342;18.14663467423092;15.514791974112962;18.856398913896577;20.472914545809054;20.682119330474816
11.601666666666668;;;;;;-13.359741;-14.586323;3.0437121;20.274525;23.995653;4.882811;-16.008358;-29.622116;;;;;;22.54054125348369;18.073156337507847;15.2036262121903;14.148674849610476;12.273474650643966;12.148821342006805;14.566281611996933;15.875856827270773
11.637777777777778;;;;;;3.4308023;18.485277;35.252617;47.77181;56.475624;53.467747;22.318945;-4.311079;;;;;;22.02254231463752;16.308063649618248;12.91093993479948;12.596896840095184;12.392199966107713;12.573924606104491;12.203027493208397;12.966201833999037
13.220555555555556;;;;;;-18.418049;-4.731177;4.1133647;-1.2714138;-20.062483;-36.934563;-68.52633;-52.566666;;;;;;23.495565539054386;21.651611256440017;19.637638350881197;18.04418022521389;18.418698922562363;19.786608097397593;19.119759935731413;16.724971449900895
13.256666666666666;;;;;;85.75061;75.35394;38.455605;-8.770245;-22.330605;-29.485249;-46.929447;-24.25503;;;;;;26.788223158694194;25.368740607290697;24.05585167895745;21.85416848109303;21.82825302217289;21.766954311524614;21.15768890970845;19.00720389747003
13.29277777777778;;;;;15.660904;-43.811546;-25.923887;3.7722533;16.071108;28.668842;48.17451;62.72034;73.69535;;;;;86.6533819305398;28.027745182229697;26.44305523195079;24.45028322944338;23.67337428420376;22.95421965565373;21.256531231600324;22.911412003628236;18.767382875616942
23.649444444444445;;;;;;;;;;;;;;;;;;;;;;;;;;
23.685;;;;;;;;;;;;;;;;;;;;;;;;;;
