tempo_decorrido;70.0km;72.5km;75.0km;77.5km;80.0km;82.5km;85.0km;87.5km;90.0km;92.5km;95.0km;97.5km;100.0km;std_70.0km;std_72.5km;std_75.0km;std_77.5km;std_80.0km;std_82.5km;std_85.0km;std_87.5km;std_90.0km;std_92.5km;std_95.0km;std_97.5km;std_100.0km
1.7019444444444445;;;;;;;;;;;;;;;;;;;;;;;;;;
1.7375;;;;;;;;;;;;;;;;;;;;;;;;;;
1.7736111111111112;;;;;;;;;;;;;;;;;;;;;;;;;;
10.513055555555557;;;;;-48.88382;21.976215;21.151066;;;;;;;;;;;45.56695074283554;19.480627299961366;16.7782144461203;;;;;;
10.548888888888888;;;;;-69.313385;-7.3727493;-22.129969;;;;;;;;;;;45.20036283040215;19.073706247082658;16.40538509148749;;;;;;
13.821944444444446;;;;;;-62.82616;-34.08019;-28.752827;-22.060873;-41.308678;-84.53973;-105.936615;-68.02919;;;;;;25.119345134776104;23.545120513601116;22.89636434021786;21.70356929170868;20.806954366268986;19.450228019228977;20.329667483753884;21.41410890044225
22.70388888888889;;;;;;;;;;;;;;;;;;;;;;;;;;
22.74055555555556;;;;;-96.617325;-45.570457;-13.672485;-5.484498;-16.994207;-42.361553;-73.02803;-68.48936;-81.90355;;;;;23.983051724082156;23.427320802857505;21.79169107710551;19.445250576940374;17.11887934416269;16.421231074435315;17.767267094294496;18.57302129433981;20.47008891040779
22.77694444444444;;;;;-199.49405;-104.18085;-35.807915;9.37865;15.967914;-33.785004;-82.514336;-94.18967;-95.31939;;;;;26.263552691896045;26.014239562209003;25.04814703725607;23.3311937114242;21.418900532006774;20.251275021588146;20.32429728182502;21.911644164690152;23.373166879992965
