tempo_decorrido;70.0km;72.5km;75.0km;77.5km;80.0km;82.5km;85.0km;87.5km;90.0km;92.5km;95.0km;97.5km;100.0km;std_70.0km;std_72.5km;std_75.0km;std_77.5km;std_80.0km;std_82.5km;std_85.0km;std_87.5km;std_90.0km;std_92.5km;std_95.0km;std_97.5km;std_100.0km
0.4933333333333333;;;;;;;;;;;;;;;;;;;;;;;;;;
0.5288888888888889;;;;;;;;;;;;;;;;;;;;;;;;;;
11.02888888888889;;;;;;-59.582848;-74.29015;-60.62989;-70.53812;-64.07376;-61.30346;-64.501465;-78.73135;;;;;;21.340574031642166;19.135663040511556;18.113728219226434;17.19429033138617;16.154739861724792;16.56069744908106;16.997167411071764;15.426847701329004
11.065;;;;;;-71.580475;-78.21316;-52.714294;-44.07396;-48.807667;-65.65614;-62.28824;-61.916393;;;;;;19.81240444771911;17.745303604052538;16.151168069214066;14.127871743472191;14.651577730742858;14.96687976834183;14.955028585729952;15.708983417140653
11.101111111111113;;;;;;-55.583607;-63.985016;-52.369385;-37.69901;-32.710007;-63.72942;-34.8983;-36.301285;;;;;;22.837453886105607;21.110889370180498;18.93901950999576;19.217466014019642;18.226850523335074;17.851383139689766;16.72495440950438;14.420955585535932
12.683333333333334;;;;;-93.00058;-91.55642;-76.53575;-55.99067;-27.491528;-58.535217;-69.48348;-87.240105;-71.4163;;;;;30.061092794507655;22.879720278010392;21.24797990398146;19.88224081938452;18.1040934597676;23.22582937162848;20.0386087341412;18.506301629445037;20.343373368249427
12.719444444444443;;;;;-66.88217;-94.56737;-66.012726;-34.836136;-26.525719;-80.88149;-124.10603;-118.638664;-114.00584;;;;;26.813493617952883;28.888067605847226;26.877297111130797;24.964967454414996;24.487380423393596;23.936238217397484;23.13352221344601;23.32532957966511;23.41669788847266
23.114166666666662;;;;;;;;;;;;;;;;;;;;;;;;;;
23.15;;;;;;;;;;;;;;;;;;;;;;;;;;
