tempo_decorrido;70.0km;72.5km;75.0km;77.5km;80.0km;82.5km;85.0km;87.5km;90.0km;92.5km;95.0km;97.5km;100.0km;std_70.0km;std_72.5km;std_75.0km;std_77.5km;std_80.0km;std_82.5km;std_85.0km;std_87.5km;std_90.0km;std_92.5km;std_95.0km;std_97.5km;std_100.0km
2.141111111111111;;;;;-149.89886;-114.366135;-97.20285;-61.7911;-33.7429;-37.883904;-37.449608;-33.900867;-0.9895096;;;;;27.131021912194903;27.074150771538523;23.306566456687694;22.69244962537099;21.049441797824475;19.194123319391277;17.506226320940787;17.392101655636676;19.17780748678013
2.177222222222222;;;;;-89.730545;-47.46682;-53.697174;-24.237682;-14.638035;-27.601185;-28.545008;-9.618327;27.713585;;;;;22.80228716598403;22.625353477901733;25.317318183409554;24.552777846915813;22.124324170469027;19.326500976638272;17.72869876781711;17.93045175114113;19.513710052165887
2.212777777777778;;;;;43.515533;54.965427;43.992256;45.57111;40.20577;24.233229;26.829506;52.357513;84.94652;;;;;25.795548065509287;25.416731693905888;22.971643389187463;20.59667788746525;16.310312688602878;12.705798676195055;13.245372021955442;16.897599533661577;20.99826469020714
5.449722222222222;;;;;;;;;;;;;;;;;;;;;;;;;;
5.485555555555555;;;;;;;;;;;;;;;;;;;;;;;;;;
14.224166666666669;;;;;29.265839;39.02836;33.569305;57.692825;66.95187;73.28805;63.17169;32.300873;-8.866016;;;;;30.78320808492838;24.258855496498594;22.038696876176687;18.087401692891106;15.011330054328964;13.674403826127119;14.90648952637743;16.63328770868826;19.224233924918828
14.26;;;;;24.614435;74.841255;70.427376;67.84542;51.605446;72.52811;72.89027;33.136093;13.251779;;;;;25.596921689922013;21.91268354172989;20.711230769802167;20.24397243625865;18.369010860685993;16.836073473348826;18.11157364780874;17.950127019049198;17.095271860956174
15.878055555555555;;;;;;7.3305507;36.501106;36.937546;21.143318;8.143267;24.327854;32.917614;19.902596;;;;;;20.527561959472926;19.88384394426792;14.595734308351876;12.128029930701853;13.166628269986207;13.820723208284;14.017654226010857;13.873284758844965
15.914166666666668;;;;;;5.348379;38.609833;38.185673;24.274565;6.1998744;7.3246937;31.108112;13.967441;;;;;;30.621845960033173;26.340643500112144;18.867473863768833;15.856656331017582;16.087694987163328;18.077795772715213;18.361260849952544;18.44896853485311
