tempo_decorrido;70.0km;72.5km;75.0km;77.5km;80.0km;82.5km;85.0km;87.5km;90.0km;92.5km;95.0km;97.5km;100.0km;std_70.0km;std_72.5km;std_75.0km;std_77.5km;std_80.0km;std_82.5km;std_85.0km;std_87.5km;std_90.0km;std_92.5km;std_95.0km;std_97.5km;std_100.0km
0.9088888888888887;;;;;;;;;;;;;;;;;;;;;;;;;;
0.9444444444444444;;;;;;;;;;;;;;;;;;;;;;;;;;
0.9805555555555556;;;;;;;;;;;;;;;;;;;;;;;;;;
9.720555555555556;;;;;-31.66661;-41.49427;-62.413395;-36.742218;-30.958551;;;;;;;;;47.13585471803815;38.33243404742256;31.640464598358857;30.269273859807075;24.856218537822684;;;;
9.756111111111112;;;;;44.191895;10.249363;-60.824226;-19.104362;-14.729861;;;;;;;;;49.45409285387813;42.76528732511919;34.15082575868408;32.23897951238531;26.045466592096215;;;;
12.993055555555555;;;;;;-135.91124;-80.03671;-55.156853;-84.83445;-176.87497;-168.90022;-129.09663;-89.31202;;;;;;26.159166653393225;25.17214333345494;24.055433897562523;22.314321858393996;19.025551765980403;16.528769766682576;16.1031496919081;16.414798201622826
13.029166666666669;;;;;;179.0263;122.131226;54.2407;-1.1938887;-7.757837;7.298233;-13.499934;-25.574383;;;;;;22.62797936184316;19.82226475456324;18.22072556184303;18.239775766165547;18.35539511969165;17.721307513837687;18.605806351781695;19.082768929062677
21.91166666666667;;;;;20.230066;36.556793;56.134148;41.253128;-3.5607138;-51.723625;-71.808395;-73.143936;-71.38922;;;;;24.64904541762216;23.97465953877135;21.711706519755648;17.819785071655605;15.73710773935287;16.20832995715475;18.273526753202294;20.523592034534307;22.378641603100043
21.9475;;;;;64.60294;64.260376;63.882042;35.297924;-11.468792;-49.90841;-58.702965;-55.40272;-38.228058;;;;;25.36362631801691;24.787135776446622;22.811936787568037;19.65239781807808;17.76010135106216;17.291376463428236;18.54784165341078;21.052622639471785;22.83501696955796
