tempo_decorrido;70.0km;72.5km;75.0km;77.5km;80.0km;82.5km;85.0km;87.5km;90.0km;92.5km;95.0km;97.5km;100.0km;std_70.0km;std_72.5km;std_75.0km;std_77.5km;std_80.0km;std_82.5km;std_85.0km;std_87.5km;std_90.0km;std_92.5km;std_95.0km;std_97.5km;std_100.0km
0.6930555555555556;;;;;;;;;;;;;;;;;;;;;;;;;;
0.7294444444444445;;;;;;;;;;;;;;;;;;;;;;;;;;
11.123333333333331;;;;;-101.7534;-93.57353;-87.75564;-88.7186;-77.417175;-54.83656;-44.27706;-23.517952;-23.456068;;;;;25.486197440967924;22.644819275057152;20.757965459071368;18.22519684393011;15.48053035267203;15.890408427727715;15.334579224745621;15.73129269958448;17.6910720421347
11.159444444444444;;;;;-80.85334;-73.74095;-92.80296;-78.769745;-35.58964;-26.765135;-11.610049;-10.67215;-23.014803;;;;;26.26869239227564;24.281393287865505;19.933878197681455;18.46376992924251;15.286518897381445;15.313914914220987;14.283843320339242;13.704810104485214;15.783896857240293
12.7775;;;;;;-125.760735;-95.357864;-56.931644;-11.078573;16.066328;34.893875;51.4851;63.112846;;;;;;24.848661935806525;22.161022765206482;20.675796478007808;19.958178774627708;19.84893044977487;17.463460138242937;16.45491841365371;16.48769844459802
12.813611111111111;;;;;;-39.137486;-25.193169;-7.2765064;-0.5527649;21.915892;17.415321;9.085564;18.208715;;;;;;22.874710927135233;20.831506426564548;19.278611464522022;18.933811026837677;18.50330132706053;16.371497793421344;15.578546145260153;15.832043456231416
23.315;;;;;;;;59.23937;62.840508;82.67971;80.20293;;;;;;;;;;26.134935431334053;21.575158400345522;21.073098965268493;22.202288620770606;;
23.35111111111111;;;;;;;;117.46211;145.71875;124.674034;76.29672;;;;;;;;;;29.196915933022787;23.358105659492168;21.833974443513487;22.4285309371791;;
23.387222222222224;;;;;;;;30.197382;49.936646;123.679535;130.1424;;;;;;;;;;33.844950878971595;27.293184130841166;24.263424119443652;25.16540005642668;;
