tempo_decorrido;70.0km;72.5km;75.0km;77.5km;80.0km;82.5km;85.0km;87.5km;90.0km;92.5km;95.0km;97.5km;100.0km;std_70.0km;std_72.5km;std_75.0km;std_77.5km;std_80.0km;std_82.5km;std_85.0km;std_87.5km;std_90.0km;std_92.5km;std_95.0km;std_97.5km;std_100.0km
3.1913888888888886;;;;;;;;;;;;;;;;;;;;;;;;;;
3.227222222222222;;;;;;;;;;;;;;;;;;;;;;;;;;
4.8469444444444445;;;;;;;;;;;;;;;;;;;;;;;;;;
4.882499999999999;;;;;;;;;;;;;;;;;;;;;;;;;;
15.381944444444445;;;;;;-69.8927;-43.087654;-29.964798;-13.91747;-8.464453;-22.557707;-20.401665;-21.469189;;;;;;24.430294717829337;23.46966339767147;20.760207128061126;18.91392608635235;19.91634429306744;20.0128958424312;20.05356826103524;18.264357639950003
15.418055555555556;;;;;;-32.667137;-56.156536;-58.551857;-72.138824;-63.953926;-13.009426;32.16512;65.50826;;;;;;20.94406240441429;18.257921020751514;16.074862363329895;15.604514410900455;16.626388663807905;16.919507676052515;15.659401010255788;14.658828739022773
15.453888888888889;;;;;;-106.74349;-81.41748;-36.292538;-28.224348;-32.833897;-31.648655;-25.730412;13.648023;;;;;;23.030015197563376;21.739029877158732;20.139104498462686;17.276915812725374;18.30656548891681;21.438516739737384;18.21206523159853;15.293896168079604
17.036388888888887;;;;;;4.496233;5.41612;-12.29212;-1.9389477;-7.240611;-6.7599325;0.3470884;6.7909966;;;;;;27.922858019909064;23.580238548411675;18.073342800931986;16.147194802813274;16.98164361891981;17.63453997131765;17.623341056678214;16.23815260428353
17.071944444444444;;;;;;2.8828592;28.67252;31.026512;15.40515;6.4094543;-15.855341;-33.937943;-8.124273;;;;;;23.366543604050644;19.522721634034532;16.754095021814816;15.319081565159186;14.61506346205859;15.576661067122183;16.555763346943564;17.534622893007995
17.107777777777777;;;;;;12.968496;30.021208;37.011414;24.678612;10.451067;-4.074463;-47.512882;-25.37407;;;;;;20.672519440068257;15.464494495456359;12.094951012716008;11.74153950723669;12.854989692722434;13.463927361657891;12.336647032317979;13.925710035757602
