tempo_decorrido;70.0km;72.5km;75.0km;77.5km;80.0km;82.5km;85.0km;87.5km;90.0km;92.5km;95.0km;97.5km;100.0km;70.0km;72.5km;75.0km;77.5km;80.0km;82.5km;85.0km;87.5km;90.0km;92.5km;95.0km;97.5km;100.0km
2.5458333333333334;;;;;;;;;;;;;;;;;;;;;;;;;;
2.5813888888888887;;;;;;;;;;;;;;;;;;;;;;;;;;
2.616388888888889;;;;;;;;;;;;;;;;;;;;;;;;;;
11.358888888888888;;;;;23.087271384899516;19.464302453465933;15.046037352073801;12.807539966753959;12.107360158184772;12.007595096437921;13.09740508650473;12.418417773613513;13.04790711187047;;;;;23.087271384899516;19.464302453465933;15.046037352073801;12.807539966753959;12.107360158184772;12.007595096437921;13.09740508650473;12.418417773613513;13.04790711187047
11.395;;;;;28.602138731220784;23.733557255497963;18.573361569732068;19.148843829328182;16.494083181553318;14.20110312616594;15.052473883053244;14.719743543961627;16.326973693860108;;;;;28.602138731220784;23.733557255497963;18.573361569732068;19.148843829328182;16.494083181553318;14.20110312616594;15.052473883053244;14.719743543961627;16.326973693860108
14.668055555555556;;;;;;29.027632524889107;28.21218531060648;27.931470602172023;24.397548237476652;22.137142317833167;22.937643732519692;25.0201408868935;25.448953416594563;;;;;;29.027632524889107;28.21218531060648;27.931470602172023;24.397548237476652;22.137142317833167;22.937643732519692;25.0201408868935;25.448953416594563
23.551388888888887;;;;;;;;30.09518483079976;28.81095034878232;27.443669579704533;27.156465712607005;27.896967577139993;28.885817281150278;;;;;;;;30.09518483079976;28.81095034878232;27.443669579704533;27.156465712607005;27.896967577139993;28.885817281150278
23.586944444444445;;;;;;;;24.679801457872387;23.663220406360583;22.682701338244527;22.634537768640207;23.03643635634644;25.021476774962743;;;;;;;;24.679801457872387;23.663220406360583;22.682701338244527;22.634537768640207;23.03643635634644;25.021476774962743
23.622777777777777;;;;;;;;23.09889521167625;21.9340664264518;20.405892531325357;19.33255880632463;19.71098779868731;21.03383987768282;;;;;;;;23.09889521167625;21.9340664264518;20.405892531325357;19.33255880632463;19.71098779868731;21.03383987768282
