tempo_decorrido;70.0km;72.5km;75.0km;77.5km;80.0km;82.5km;85.0km;87.5km;90.0km;92.5km;95.0km;97.5km;100.0km;std_70.0km;std_72.5km;std_75.0km;std_77.5km;std_80.0km;std_82.5km;std_85.0km;std_87.5km;std_90.0km;std_92.5km;std_95.0km;std_97.5km;std_100.0km
10.096388888888889;;;;;;-42.85386;-22.64682;-11.084806;-20.089441;-41.014767;-40.75158;-54.53158;-87.90175;;;;;;28.363386610205772;25.047740417051596;23.25178380253868;21.706369341739304;22.368854686818455;22.295856117225014;21.867335457252217;26.441938279937045
10.131944444444445;;;;;;-46.095222;-88.29216;-73.51699;-39.519207;-36.371006;-32.094685;-92.53056;-75.56603;;;;;;23.83992156027364;18.918823430647056;17.149895043410616;16.308072234326165;16.030722691132798;17.800733130969636;19.056402598601867;20.96032084678095
10.168055555555556;;;;;;-26.65105;1.7912064;2.4986057;-28.768147;-53.480804;-56.93457;-86.09534;-86.44615;;;;;;20.074498001195447;18.088279354322236;16.972484202378862;16.06562168109283;14.94880697580914;14.633112792567411;15.80384573450399;17.26310082227408
11.750833333333333;;;;;0.17974854;50.91885;50.679146;46.672417;28.253136;18.219978;-21.229284;-71.92505;-96.01637;;;;;30.70676065624637;30.719779133320603;28.350594350030832;26.391888905495186;23.9877864756213;22.960211235962095;20.978024215831194;20.428863649258613;21.456347545656506
11.786388888888888;;;;;30.755333;73.18031;3.0573673;-6.781166;-7.133255;-5.1991053;-32.73769;-93.178055;-111.27137;;;;;26.740829456095785;23.877724975382392;21.631774083509654;21.62017946271492;20.393293995821274;18.224366381303906;17.9145164601225;20.116539712385926;18.991115817665904
22.18111111111111;;;;;;;;;;;;;;;;;;;;;;;;;;
22.216666666666665;;;;;;;;;;;;;;;;;;;;;;;;;;
23.834722222222226;;;;;;;;;;;;;;;;;;;;;;;;;;
23.87027777777778;;;;;;;;;;;;;;;;;;;;;;;;;;
