tempo_decorrido;70.0km;72.5km;75.0km;77.5km;80.0km;82.5km;85.0km;87.5km;90.0km;92.5km;95.0km;97.5km;100.0km;std_70.0km;std_72.5km;std_75.0km;std_77.5km;std_80.0km;std_82.5km;std_85.0km;std_87.5km;std_90.0km;std_92.5km;std_95.0km;std_97.5km;std_100.0km
8.742777777777778;;;;;-39.9375;-10.847546;-1.7976074;5.5263424;5.088188;-24.73299;-74.27062;-37.434143;-64.40464;;;;;0.7900542639591284;0.7895020899275694;0.7889412525657408;0.7885258017338431;0.7880484122184372;0.7865680898688937;0.7866508755477235;0.7868886388810046;0.7871556389939667
8.778611111111111;;;;;-71.769615;-72.87598;-73.60386;-68.13742;-39.456753;-39.941517;-69.65295;-48.518105;-12.478628;;;;;0.8129414493061601;0.8120982083467492;0.8114273843049666;0.8110536973591823;0.8105999321490226;0.8091894710140513;0.809373461388499;0.80966631398373;0.809985894938918
20.968055555555555;;;;;;;;;;;;;;;;;;;;;;;;;;
20.932222222222222;;;;;;;;;;;;;;;;;;;;;;;;;;
10.431944444444444;;;;;;-23.18158;7.1189837;30.157606;17.230837;-2.2312474;-40.71945;-83.01711;-103.19455;;;;;;23.299719955398604;18.762791903125716;16.99880084005928;15.857634438969768;16.47678761166751;16.053537304905735;18.09800265222657;19.9942901849503
10.39611111111111;;;;;;-16.204817;1.5348796;26.901035;41.84223;34.08403;-4.5394664;-52.734566;-63.787537;;;;;;21.455216615079888;16.77152259039113;14.13288930120094;13.842870005891118;14.203452749243755;14.527844643993134;14.960618302730673;16.646619776999774
8.777777777777777;;;;;;-31.204153;-34.810852;-49.180824;-45.042946;;;;;;;;;;20.133988675868476;15.590397365044932;13.905934704290827;8.0406423872723;;;;
8.741944444444444;;;;;;-63.358936;-75.42597;-78.06508;-62.802723;-32.76129;;;;;;;;;18.200282964833267;13.542406359284897;12.795948577577201;12.689037394538643;6.900313760982177;;;
21.004166666666663;;;;;-4.1620035;3.9163265;17.350235;22.540337;10.214119;-13.902294;-54.286972;-48.552666;-13.822327;;;;;17.19727885451649;10.388185885899423;6.071808626760235;5.459102948287383;5.761123848694801;6.212664484744046;7.230940948452006;8.661344006561569;10.32818183418553
20.96833333333333;;;;;-27.559328;-14.932121;27.36092;56.63216;32.796722;-9.366657;-72.39935;-84.16052;-54.941902;;;;;15.902150483503796;8.817369222165986;5.4572954840286965;5.043673264595953;5.0501059394828545;5.43202052647079;6.839703940961188;8.085963146094596;10.406946478194264
20.932222222222222;;;;;-47.326504;-22.754992;35.337646;74.03063;39.69252;-16.027363;-101.870575;-121.020355;-90.47105;;;;;17.253703370581054;8.894187427753026;5.634318769824795;5.334259086321174;5.180096234627307;5.428023397149279;7.454657269117072;8.662583332932504;11.749196142715467
10.431944444444444;;;;;;28.549206;34.878265;21.168388;-16.51731;-65.84528;-130.79991;-173.83421;-150.47514;;;;;;23.527556184185386;19.013745028268364;15.783080814593834;14.448970551565257;15.630537098897147;18.071172070455198;19.394426261171017;20.896939249564756
10.39611111111111;;;;;;7.446828;1.313242;3.5496807;16.762575;-3.2219057;-58.292747;-101.10488;-105.72982;;;;;;20.122051833746976;16.077715944747872;13.027326663594492;12.66504559802293;13.239482618289886;14.929769924550078;15.174205086263992;16.671817537389256
8.779166666666667;;;;;;-57.39679;-57.188484;-58.692703;-55.751675;-49.46416;-30.017593;-3.8295517;20.767641;;;;;;19.490232682038457;14.526792488364388;14.17038002313276;8.328153456799413;6.855078701225829;6.744114026319544;8.0962355449925;10.20181013350082
8.742777777777778;;;;;;-59.01562;-68.12424;-75.96828;-69.96112;-52.20167;;;;;;;;;17.633870817265276;13.067386502281165;12.03562960546726;8.297548071569095;5.842087811733062;;;
22.65861111111111;;;;;;-125.796555;-110.86943;-89.46163;-65.54766;-40.344193;-18.236965;44.912857;17.274298;;;;;;1.0197417320086493;1.0178387888069504;1.0147419376373483;1.0132424191672988;1.0136621231949037;1.015416860210623;1.0171343569066968;1.0186629962848361
22.6225;;;;;;-51.568905;-41.417454;-30.539093;-20.607807;6.405016;14.050033;73.21493;50.96616;;;;;;0.7511652947254684;0.7497581276651825;0.7477681458848057;0.7467486859713915;0.7469809502256399;0.7481218884647074;0.7494020282865532;0.7505429368130779
22.586666666666662;;;;;;38.023136;42.834435;41.06468;34.625305;66.63431;58.303333;115.70202;102.76791;;;;;;1.064585506194782;1.0624851528374408;1.0601147579389696;1.0589503765521782;1.0593346496740301;1.0607729728834536;1.0625896197497884;1.0642025653041811
21.004166666666663;;;;;;23.203913;13.1469345;0.20655823;-6.7346706;-7.477704;-22.233978;8.213249;86.386604;;;;;;0.7446789912438782;0.7415482452275105;0.7391369291274791;0.7387237440342634;0.7400899269683381;0.7422790580368006;0.7443338363933215;0.7456997385006917
20.96833333333333;;;;;;13.585588;9.165405;1.8139172;-1.1627483;-11.509594;-57.61331;-39.264988;54.898087;;;;;;0.7724245141112496;0.7680318352776792;0.7647796153141113;0.7645367682459752;0.7666934589521421;0.7696486211252509;0.772133408162087;0.7737604474254289
20.932222222222222;;;;;;8.73883;4.321146;-2.9640436;-6.5628066;-29.765821;-103.43034;-93.65571;10.547345;;;;;;0.9416131371216101;0.9361740756931907;0.9320232829709781;0.9316608288427716;0.9344984216145044;0.9384716831103643;0.9418503278122273;0.9439426889382639
10.431944444444444;;;;;-22.738388;-51.379623;-60.976765;-71.01997;-93.615326;-99.367615;-87.55622;-76.84424;-62.792133;;;;;0.8366948906262067;0.8364357955037554;0.8360403100329553;0.8358421501695161;0.8357700640726491;0.8357426039158229;0.8359166824510682;0.836088111385397;0.8362049987891725
10.395833333333334;;;;;16.472412;0.24784076;1.2275641;5.506987;-23.552212;-67.302986;-83.46038;-100.44047;-116.04491;;;;;0.8157715611615791;0.8155301159368672;0.8153744231946449;0.8153720009909587;0.815419646562431;0.8151457538379256;0.8150455202011726;0.8151428709128236;0.8153394998404039
21.003888888888888;;;;;;;;;;;;;;;;;;;;;;;;;;
