tempo_decorrido;70.0km;72.5km;75.0km;77.5km;80.0km;82.5km;85.0km;87.5km;90.0km;92.5km;95.0km;97.5km;100.0km;70.0km;72.5km;75.0km;77.5km;80.0km;82.5km;85.0km;87.5km;90.0km;92.5km;95.0km;97.5km;100.0km
2.0;;;;;;20.042943895545886;15.369683471041295;13.161709235505851;13.235009255758003;14.531533642393015;15.765636999499893;15.729676093295755;15.56408718813924;;;;;;20.042943895545886;15.369683471041295;13.161709235505851;13.235009255758003;14.531533642393015;15.765636999499893;15.729676093295755;15.56408718813924
2.036111111111111;;;;;22.99097649078873;19.379852940618512;15.62289569830126;14.042508679007465;13.983252125310479;14.561035677450969;14.79521544283827;14.86168328285864;15.683548705570432;;;;;22.99097649078873;19.379852940618512;15.62289569830126;14.042508679007465;13.983252125310479;14.561035677450969;14.79521544283827;14.86168328285864;15.683548705570432
2.0719444444444446;;;;;25.780042668700144;22.70208448579117;21.102515489865183;19.575292590405898;18.2602267236746;17.11335735617065;15.684566299391259;16.597317554351967;18.212438881160317;;;;;25.780042668700144;22.70208448579117;21.102515489865183;19.575292590405898;18.2602267236746;17.11335735617065;15.684566299391259;16.597317554351967;18.212438881160317
3.6544444444444446;;;;;;;;;;;;;;;;;;;;;;;;;;
3.690555555555556;;;;;;;;;;;;;;;;;;;;;;;;;;
14.08361111111111;;;;;30.087542272508735;24.80945585860359;19.93120166974385;17.00518744383607;16.732040521107997;17.61555846403968;16.883284633032755;17.112884911668164;17.95956848033939;;;;;30.087542272508735;24.80945585860359;19.93120166974385;17.00518744383607;16.732040521107997;17.61555846403968;16.883284633032755;17.112884911668164;17.95956848033939
14.11972222222222;;;;;26.008738339258212;22.00387397709776;18.282767296008558;16.134917725231823;15.731687131391853;15.26018643398566;16.47476494521242;16.738417487922806;14.955599954532081;;;;;26.008738339258212;22.00387397709776;18.282767296008558;16.134917725231823;15.731687131391853;15.26018643398566;16.47476494521242;16.738417487922806;14.955599954532081
15.7375;;;;;;17.14984548035346;13.52910159618886;11.772414365796;10.694158218391946;14.955783162375685;10.808488793536311;11.499877390650736;12.465347969471209;;;;;;17.14984548035346;13.52910159618886;11.772414365796;10.694158218391946;14.955783162375685;10.808488793536311;11.499877390650736;12.465347969471209
15.77361111111111;;;;;;26.158348571727537;20.747002193088043;16.26084868633861;13.927470337430268;15.478421431140838;14.192409943346478;15.231667669693953;14.78324896631319;;;;;;26.158348571727537;20.747002193088043;16.26084868633861;13.927470337430268;15.478421431140838;14.192409943346478;15.231667669693953;14.78324896631319
