tempo_decorrido;70.0km;72.5km;75.0km;77.5km;80.0km;82.5km;85.0km;87.5km;90.0km;92.5km;95.0km;97.5km;100.0km;std_70.0km;std_72.5km;std_75.0km;std_77.5km;std_80.0km;std_82.5km;std_85.0km;std_87.5km;std_90.0km;std_92.5km;std_95.0km;std_97.5km;std_100.0km
0.9963888888888888;;;;;;;;;;;;;;;;;;;;;;;;;;
1.0322222222222222;;;;;;;;;;;;;;;;;;;;;;;;;;
11.425;;;;;;;;;;;;;;;;;;;;;;;;;;
11.460833333333332;;;;;;;;;;;;;;;;;;;;;;;;;;
13.079166666666667;;;;;;9.455795;23.890089;24.722792;17.397194;8.230312;-0.053971693;-3.3068583;-17.771688;;;;;;25.582169571793553;22.87022518472435;20.145858631490494;18.806278207024377;18.08882804385071;18.39544671922919;17.991778678051816;17.588053616020165
13.115277777777775;;;;;;-17.160458;1.963516;22.810347;36.68982;33.198734;10.174444;-51.86416;-88.9036;;;;;;26.754764809282104;23.075313649005945;20.569435578060958;18.98029241081391;18.513699792315958;19.004865166583002;19.799048461984228;18.352802238350414
23.615;;;;;;;;;;;;;;;;;;;;;;;;;;
23.65083333333333;;;;;-9.03661;-2.9539928;10.714656;14.412731;2.3335214;-13.301699;-19.234322;-11.702885;26.473991;;;;;27.639346953211465;27.444806430361282;26.951803279187093;24.950930844359295;20.26749121129697;18.74328012915562;19.22930835989688;19.940274822579553;36.31049572781952
23.68638888888889;;;;;-53.27541;-34.557518;-0.9726658;19.559446;35.120872;47.076965;38.450974;7.8989296;-53.08857;;;;;28.317401716965488;27.927247447609297;26.98794175182687;24.569778183776915;20.03254177582066;20.90118178476997;20.526440266154285;18.241633698767224;23.27047700413552
