tempo_decorrido;70.0km;72.5km;75.0km;77.5km;80.0km;82.5km;85.0km;87.5km;90.0km;92.5km;95.0km;97.5km;100.0km;70.0km;72.5km;75.0km;77.5km;80.0km;82.5km;85.0km;87.5km;90.0km;92.5km;95.0km;97.5km;100.0km
2.395833333333333;;;;;;;;;;;;;;;;;;;;;;;;;;
2.431388888888889;;;;;;;;;;;;;;;;;;;;;;;;;;
4.049444444444444;;;;;;;;;;;;;;;;;;;;;;;;;;
4.085277777777778;;;;;;;;;;;;;;;;;;;;;;;;;;
14.585;;;;;;22.663511863786688;23.16858649119536;20.993707390549197;19.29050206707954;16.19770971464793;16.554841285859553;17.855513714256446;17.186109798322597;;;;;;22.663511863786688;23.16858649119536;20.993707390549197;19.29050206707954;16.19770971464793;16.554841285859553;17.855513714256446;17.186109798322597
14.620833333333334;;;;;;29.36592702435937;25.904864408060508;22.79744503228377;20.48008056624778;19.221279353882768;19.132656114612;21.209456145785538;22.627189396829646;;;;;;29.36592702435937;25.904864408060508;22.79744503228377;20.48008056624778;19.221279353882768;19.132656114612;21.209456145785538;22.627189396829646
14.65638888888889;;;;;;25.3577731672164;22.660642091520707;20.820288182443583;19.210229046005672;16.72559415984975;17.706419739744113;19.756941311852906;21.95910858846506;;;;;;25.3577731672164;22.660642091520707;20.820288182443583;19.210229046005672;16.72559415984975;17.706419739744113;19.756941311852906;21.95910858846506
16.239166666666666;;;;;;24.155206478107367;19.897039980861475;17.673361310175267;15.94435260523299;15.518346561409176;16.92840039696604;15.601663693337324;16.205546889876935;;;;;;24.155206478107367;19.897039980861475;17.673361310175267;15.94435260523299;15.518346561409176;16.92840039696604;15.601663693337324;16.205546889876935
16.275;;;;;;29.563907048967664;24.20892066986878;20.83312578563284;19.867675254040165;19.47193621600071;20.514995734827732;23.56826892243043;21.808662040574614;;;;;;29.563907048967664;24.20892066986878;20.83312578563284;19.867675254040165;19.47193621600071;20.514995734827732;23.56826892243043;21.808662040574614
