tempo_decorrido;70.0km;72.5km;75.0km;77.5km;80.0km;82.5km;85.0km;87.5km;90.0km;92.5km;95.0km;97.5km;100.0km;std_70.0km;std_72.5km;std_75.0km;std_77.5km;std_80.0km;std_82.5km;std_85.0km;std_87.5km;std_90.0km;std_92.5km;std_95.0km;std_97.5km;std_100.0km
0.1819444444444444;;;;;;;;;;;;;;;;;;;;;;;;;;
0.2186111111111111;;;;;;;;;;;;;;;;;;;;;;;;;;
0.2555555555555556;;;;;;;;;;;;;;;;;;;;;;;;;;
10.646666666666668;;;;;-118.43003;-87.78837;-47.906616;2.246932;40.301315;35.319523;23.693493;-28.819344;-70.21655;;;;;26.524722430215927;23.263161865920118;18.45796305121451;15.046882733642873;15.819425084370165;16.34354367938606;16.48781610765962;17.67822530685702;16.798421056754115
12.265;;;;;;-19.426537;-32.78843;-52.056786;-53.9794;-9.4632845;-2.1711655;-0.8292742;-3.5639496;;;;;;26.08931965383536;21.404438791988916;18.257016733300105;17.120247369708185;17.801893157751508;18.189132469691895;18.746798926750134;18.93494811189088
12.301111111111112;;;;;;-46.80683;-22.192863;-4.903517;26.96161;29.090244;-33.622204;-69.48266;-60.746155;;;;;;25.947080760655908;24.345223350793066;22.29477741534999;20.859443904380576;20.630695092507185;20.386112920319068;21.195656630545795;20.600235920979156
22.8025;;;;;;;;116.95753;77.328804;16.351358;-49.251225;-112.97572;;;;;;;;;28.823637175068658;20.497313482503017;19.023841883278994;21.772872571160654;28.995528275925583;
22.83833333333333;;;;;;;;96.761;63.70537;9.472092;-40.34244;-47.74753;;;;;;;;;23.278379024322117;16.7424854785662;15.48214939858158;17.201709217400463;22.476438329948987;
22.87444444444445;;;;;;;;94.00476;71.01627;27.331747;-13.132111;4.5637894;;;;;;;;;24.77393791870804;19.29324285857616;17.500593704214722;18.033967117636653;23.434820246803685;
