tempo_decorrido;70.0km;72.5km;75.0km;77.5km;80.0km;82.5km;85.0km;87.5km;90.0km;92.5km;95.0km;97.5km;100.0km;std_70.0km;std_72.5km;std_75.0km;std_77.5km;std_80.0km;std_82.5km;std_85.0km;std_87.5km;std_90.0km;std_92.5km;std_95.0km;std_97.5km;std_100.0km
1.8752777777777776;;;;;;-129.2583;-214.10806;-262.61572;-281.7385;-238.07674;-196.32503;-116.08011;-25.267326;;;;;;0.916315175035315;0.9161629931404127;0.9158936073584093;0.9156285272969601;0.9155270613149564;0.915661646024338;0.9159521494051968;0.9162005239029282
1.9111111111111112;;;;;;-102.76205;-160.91696;-211.20811;-226.36166;-197.1459;-187.55011;-109.01401;-1.7779078;;;;;;0.82451870809582;0.8243920790497686;0.8241589409816531;0.8239453865396662;0.8238665304525971;0.8239747204860111;0.8242044285248654;0.8244059922150009
3.600277777777778;;;;;;;;;;;;;;;;;;;;;;;;;;
15.649722222222222;;;;;;;16.223793;17.632626;6.8983345;-9.713816;-50.364807;-70.882614;-36.124474;;;;;;;21.422773863344588;17.118110877079864;13.268431331547825;11.407199042709827;12.231799131771254;12.887134281910777;13.275383986913523
15.613611111111112;;;;;;53.615623;30.893719;39.04954;39.79537;-2.0963926;-27.81886;-34.56287;-23.160393;;;;;;21.045735197421827;19.088933967092032;15.934711795322814;13.879956051803623;12.392586493545243;12.421632340397135;13.481165379892051;14.021606184742174
3.5294444444444446;;;;;;;;;;;;;;;;;;;;;;;;;;
1.9469444444444444;;;;;30.844578;11.633026;6.028755;-4.0566125;-0.18724036;9.104637;26.506784;52.114292;;;;;;27.603522782427607;27.188245621959503;26.292034915540487;22.147340698151552;16.38324143751779;12.43515339672173;11.607331734726978;16.179151708294228;
1.9111111111111112;;;;;-52.180695;-44.003662;-40.707024;-40.860207;-27.14014;-11.812334;5.3699017;28.872375;;;;;;27.889483681129704;26.294503227861142;25.566785093163354;22.81326368584732;18.26034035827372;12.345167070558421;10.642372197964136;12.83407222981077;
1.8752777777777776;;;;;;-4.919385;-4.5915046;-11.828998;-16.289494;-17.109343;-9.905884;5.428858;;;;;;;26.729964459385275;25.803323429356926;23.36261329560544;18.512100907244427;12.330753829348797;10.328993658629091;14.853986333641215;
15.649722222222222;;;;;;-40.213287;7.622043;23.334959;21.222076;17.605103;-27.60173;-68.85263;-52.872932;;;;;;20.26484048789923;16.711586699054042;16.785555695299458;16.588662393333585;14.732968472103645;13.835036320877514;13.361029151977776;17.169225958091413
15.613611111111112;;;;;;-17.74679;15.50312;42.38144;47.99821;14.252857;-7.258704;-24.172798;-17.126162;;;;;;18.83122858445513;15.73595087689333;15.217199808111873;15.357276776824724;13.931323339869763;13.272237942411973;13.666183080875216;16.120093672184414
12.34138888888889;;;;;-39.214058;-27.265413;-13.669167;-9.369845;-10.27986;-27.859116;-71.89652;-100.441376;-120.90102;;;;;23.37126569101468;22.434157884797013;21.46266013335719;20.24363776597477;17.32083427551918;17.919023410889334;17.210669655768772;17.192396575230575;17.389643469605694
3.564722222222222;;;;;;;;;;;;;;;;;;;;;;;;;;
3.529166666666667;;;;;;;;;;;;;;;;;;;;;;;;;;
1.8752777777777776;;;;;-22.001434;-26.721428;-26.629118;-21.684793;-15.243257;-18.433878;-28.244097;-15.452203;15.367562;;;;;27.59779973113799;27.174342678342747;26.692409033281354;24.55808156188101;19.631804552816842;13.007476311721655;12.230355268756504;16.269615238228592;21.191760191168644
15.649722222222222;;;;;-2.391815;-4.0542536;-13.334734;-18.918001;-29.408953;-35.647602;-43.100014;-51.289753;-29.388292;;;;;0.9249119579722169;0.9245086478773468;0.9240662043381956;0.9236368333928655;0.9233194788370924;0.9231040353069636;0.923319798336416;0.9237364883991538;0.9240070508388991
15.613611111111112;;;;;28.44957;21.043589;2.1297588;-9.173065;-24.933466;-18.977938;-32.165516;-60.217674;-23.197308;;;;;0.8929946584386718;0.8924931148193805;0.8918092116590858;0.891484380121155;0.8916442115552593;0.8917245090273116;0.8915999887842081;0.8918192081358194;0.8920677272494505
12.341111111111111;;;;;-46.320503;-44.408302;-44.491966;-49.863834;-58.390778;-64.40561;-94.06141;-111.03307;-114.098816;;;;;0.7494053842881034;0.7493214730674679;0.7492130538104632;0.7491076224415287;0.7489603460798175;0.7488272163857294;0.7487916933299942;0.7488600870656681;0.7489757672982484
3.601388888888889;;;;;;541.59515;299.20364;90.19583;-22.282219;-102.59642;-109.43348;-71.06188;-112.30924;;;;;;1.0044358117868957;1.004416497275906;1.0043908601734686;1.0043658695913558;1.0043421727678272;1.0043214126961548;1.0043097131861267;1.0043146917176906
3.565555555555556;;;;;;-367.48813;-293.506;-154.41798;-65.250336;14.246801;126.6251;166.13068;152.31857;;;;;;0.9878315848362007;0.9994461216093642;0.9994089053035299;0.9993686757148235;0.9993517098599471;0.9993708520864514;0.9993997198318598;0.9993826944669394
3.5294444444444446;;;;;;-247.38228;-121.19825;-36.023804;11.371809;60.013905;43.678196;67.97412;37.669975;;;;;;0.7836060872657895;0.9800471417232949;0.9799773976985388;0.9799032095059185;0.979875298188499;0.9799029798913769;0.9799380082433786;0.9798579488885111
1.9472222222222224;;;;;;-3.997139;-36.24095;-102.221535;-138.11285;-124.78572;-135.03487;-76.21712;50.757275;;;;;;0.8227741184553632;0.8225935813024559;0.8223163016747266;0.8220835723939507;0.8220193428381111;0.8221701527056307;0.8224268599699307;0.8226508980120304
12.341111111111111;;;;;-23.717438;-26.420132;-23.222843;-20.657696;-19.754356;-31.591488;-72.274315;-89.95251;-93.488235;;;;;23.458100946155042;22.16888946248774;21.068600570517255;19.85712214798509;17.30008092466622;17.71572183118712;17.08722154125708;17.107398984065345;17.014496760116064
