tempo_decorrido;70.0km;72.5km;75.0km;77.5km;80.0km;82.5km;85.0km;87.5km;90.0km;92.5km;95.0km;97.5km;100.0km;70.0km;72.5km;75.0km;77.5km;80.0km;82.5km;85.0km;87.5km;90.0km;92.5km;95.0km;97.5km;100.0km
4.012777777777778;;;;;23.319366415063683;23.04368026162488;22.277055460720117;19.231461722916436;14.493393667461048;10.647056870328063;10.277495317439945;12.987698025439304;18.11712725572131;;;;;23.319366415063683;23.04368026162488;22.277055460720117;19.231461722916436;14.493393667461048;10.647056870328063;10.277495317439945;12.987698025439304;18.11712725572131
4.048611111111111;;;;;23.78317262267589;23.434135358489332;22.370430483117662;19.19219112034892;13.65215221128156;10.342310186800626;11.197227335371913;13.834737438780687;18.761123900235827;;;;;23.78317262267589;23.434135358489332;22.370430483117662;19.19219112034892;13.65215221128156;10.342310186800626;11.197227335371913;13.834737438780687;18.761123900235827
5.630555555555556;;;;;;;;;;;;;;;;;;;;;;;;;;
5.666388888888889;;;;;;;;;;;;;;;;;;;;;;;;;;
5.7025;;;;;;;;;;;;;;;;;;;;;;;;;;
14.44277777777778;;;;;30.67587977548484;27.670307190199388;24.729213493356394;22.051324903506366;20.1782152332658;21.25215518482773;22.473751355748334;22.281486261019484;21.206537906975765;;;;;30.67587977548484;27.670307190199388;24.729213493356394;22.051324903506366;20.1782152332658;21.25215518482773;22.473751355748334;22.281486261019484;21.206537906975765
14.47888888888889;;;;;25.695106538016145;23.5488173800724;21.172915717963836;18.49871346877939;18.354282878935912;19.0659544738783;19.334844193838233;18.49899781069234;14.76181730004812;;;;;25.695106538016145;23.5488173800724;21.172915717963836;18.49871346877939;18.354282878935912;19.0659544738783;19.334844193838233;18.49899781069234;14.76181730004812
17.715555555555557;;;;;;19.024936267961582;14.86209271939857;20.758041092550137;18.16325961935247;15.208564034779878;12.981395533608858;11.970657041282237;12.519502785654069;;;;;;19.024936267961582;14.86209271939857;20.758041092550137;18.16325961935247;15.208564034779878;12.981395533608858;11.970657041282237;12.519502785654069
17.751388888888886;;;;;;25.7051064965699;19.464559589161013;16.431243105742183;15.005736569725594;14.127962698138752;15.715517808841044;16.781801154822446;17.601250523755407;;;;;;25.7051064965699;19.464559589161013;16.431243105742183;15.005736569725594;14.127962698138752;15.715517808841044;16.781801154822446;17.601250523755407
