tempo_decorrido;70.0km;72.5km;75.0km;77.5km;80.0km;82.5km;85.0km;87.5km;90.0km;92.5km;95.0km;97.5km;100.0km;std_70.0km;std_72.5km;std_75.0km;std_77.5km;std_80.0km;std_82.5km;std_85.0km;std_87.5km;std_90.0km;std_92.5km;std_95.0km;std_97.5km;std_100.0km
0.505;;;;;;;;;;;;;;;;;;;;;;;;;;
0.5405555555555555;;;;;;;;;;;;;;;;;;;;;;;;;;
11.03888888888889;;;;;;-65.31412;-37.32583;-35.212852;-36.820038;-29.500748;-28.064302;-42.55092;-20.268768;;;;;;21.688298688463323;19.305298495490817;16.127233178694976;15.262893893361115;15.970173136193608;17.670470848282452;18.904264598232853;18.550365495051572
11.075555555555557;;;;;;-7.654562;-54.786972;-49.532837;-40.00494;-5.96332;6.4058833;-20.800032;-27.20061;;;;;;19.94655032831492;16.217917252224467;15.194135710858976;14.703299969734685;15.405076436032378;15.766109856270823;15.332531428306286;15.533714945240884
11.110833333333334;;;;;;0.09344673;-34.043247;-43.346447;-33.96898;-26.386639;-12.869129;-29.975945;-54.577362;;;;;;20.925641686696252;21.905136383962553;20.889465048200734;20.607364702940547;19.32245740065171;19.77377935550005;20.315240584349475;21.838290226114314
12.693333333333332;;;;;;-18.046448;-36.33804;-9.478535;2.0876517;5.245129;-7.1658998;-34.727493;-36.503815;;;;;;23.40015512769093;21.54076902062691;18.535238061595;17.936721551052745;17.118265099010472;19.06039217854659;19.329826693480726;19.174111452685363
12.729722222222222;;;;;;-123.91383;-72.45507;-18.254978;9.912677;-3.0005755;-58.491333;-62.373714;-17.280073;;;;;;28.589699193940465;25.97377812333046;24.539915647776787;22.020958198952197;21.790297152631947;21.526417026528126;20.6747785961543;23.076966871753314
12.765833333333337;;;;;;12.483244;16.799185;26.027508;44.076813;10.215639;-2.6341782;-43.517563;-53.830338;;;;;;27.77461250854816;26.218421005087244;24.41346882358179;23.12999718979663;23.134767558806377;20.882030552606707;23.59975635467451;23.279935566921143
23.157222222222224;;;;;;;;;;;;;;;;;;;;;;;;;;
