tempo_decorrido;70.0km;72.5km;75.0km;77.5km;80.0km;82.5km;85.0km;87.5km;90.0km;92.5km;95.0km;97.5km;100.0km;std_70.0km;std_72.5km;std_75.0km;std_77.5km;std_80.0km;std_82.5km;std_85.0km;std_87.5km;std_90.0km;std_92.5km;std_95.0km;std_97.5km;std_100.0km
1.3483333333333334;;;;;;;;;;;;;;;;;;;;;;;;;;
1.3841666666666663;;;;;;;;;;;;;;;;;;;;;;;;;;
13.574722222222222;;;;;;-22.798695;-5.8125877;-11.516954;-35.71264;-43.719143;-46.397675;-46.237946;-49.855053;;;;;;24.115062720217004;22.449747882771423;21.158674344107666;19.87937021135227;15.579875159961968;13.387084820826377;11.91092817541941;13.359186352469225
13.538611111111113;;;;;;-14.608816;-10.854593;-25.551815;-35.56786;-22.702824;-34.650356;-46.113125;-54.158638;;;;;;22.853905574321427;21.789945617187758;20.75570933502394;19.25609617757452;15.936727393037756;14.126031643741989;12.94236608970709;14.279933123092698
3.0383333333333336;;;;;;;;;;;;;;;;;;;;;;;;;;
3.0025;;;;;;;;;;;;;;;;;;;;;;;;;;
15.264166666666666;;;;;;;;;;;;;;;;;;;;;;;;;;
15.228333333333332;;;;;;-22.040348;-11.283479;4.710452;2.8903556;-3.2944806;-13.757012;-31.538649;-33.718636;;;;;;21.504998721227583;16.95315014975093;14.51508732319582;14.024678962457573;12.687950977206683;11.95021757124112;12.265359350626463;12.482391597766831
15.1925;;;;;;8.823332;10.085023;1.6663035;7.4324555;9.957091;-11.041983;-28.199272;-39.05604;;;;;;22.429675878175324;18.971410859501198;16.886374092741164;14.000634271346424;13.72848644243057;13.259389126200347;12.972464684862318;12.986011319878017
1.3844444444444444;;;;;;;;;;;;;;;;;;;;;;;;;;
1.3486111111111112;;;;;;;;;;;;;;;;;;;;;;;;;;
0.0033333333333333;;;;;;;;;;;;;;;;;;;;;;;;;;
15.264166666666666;;;;;;-32.931183;-56.94237;-56.666565;-50.247604;-31.422546;-14.688623;-11.376096;-26.313583;;;;;;25.713479733400533;17.6591279512891;16.010282945657146;17.323439612271;15.557579503251782;14.595732252956685;14.297442778343266;16.665040353986544
15.228611111111112;;;;;;0.346735;-23.884417;-11.908574;-14.197496;-17.247952;-28.089327;-37.321224;-18.602537;;;;;;21.996908873748602;17.289266323357968;14.594661695291194;13.963266451658079;12.59439557898671;12.165990300834537;12.675098816182855;11.73941523245515
15.19277777777778;;;;;;28.484818;-16.914238;-13.281931;-0.2673006;-1.0149503;-22.675022;-33.968067;-18.745623;;;;;;21.499364176644853;19.662904159864077;16.975635481477564;14.214391650717944;13.962114453047576;13.764214834126935;13.543011481941527;13.298456301390775
13.610555555555557;;;;;;-6.912552;53.743614;28.562216;16.182388;-6.3026814;-21.58129;-9.632595;-39.931725;;;;;;26.543434216393326;27.095324319889585;23.561987182748403;22.20046531043888;20.90884740964934;19.270058899754304;17.214202566485618;15.178437337222828
13.574722222222222;;;;;;34.564594;106.64365;61.55508;21.591324;-25.456327;-47.48675;-67.80803;-76.732574;;;;;;26.93188073640606;25.624275599516956;20.13876485785561;19.330205896471977;17.846024767437704;16.668786698497286;14.499658616670946;14.617197063732842
13.538333333333332;;;;;;1.6461966;55.761093;21.26662;-12.10614;-38.428345;-68.81999;-98.09301;-68.165146;;;;;;24.88208190646434;22.673189012576064;22.540674346611727;20.759672444429366;20.959113769432143;21.176969802122304;18.71262301228772;19.79811203120136
3.038888888888889;;;;;;;;;;;;;;;;;;;;;;;;;;
3.003055555555556;;;;;;;;;;;;;;;;;;;;;;;;;;
1.3844444444444444;;;;;;;;;;;;;;;;;;;;;;;;;;
1.3483333333333334;;;;;;;;;;;;;;;;;;;;;;;;;;
0.0036111111111111;;;;;;;;;;;;;;;;;;;;;;;;;;
15.264444444444443;;;;;-0.499568;-21.034317;-36.316967;-42.48136;-38.906776;-12.23233;1.3519878;15.32045;6.748952;;;;;0.8426698641816972;0.8423679481081886;0.8720901902899723;0.8712803222843954;0.8708655464536418;0.8703297938138163;0.8701292087960271;0.8709098403394004;0.8715436305773796
15.22888888888889;;;;;10.914684;-5.513653;-21.126362;-30.881569;-31.775892;-44.27241;-24.25114;3.5640888;21.294024;;;;;0.911694943498098;0.7448393786582447;0.7442028957213215;0.7436609173541393;0.7432284642019572;0.7426469551543317;0.7424631977411406;0.743034319530397;0.7432659685469261
15.193055555555556;;;;;-14.039273;6.6467056;-6.058922;-19.580591;-19.325943;-20.694445;-31.000088;-29.45235;-26.127808;;;;;0.825988619776326;0.7922449116277113;0.7916871856989982;0.7910612871326721;0.7905827597411924;0.7903594751756949;0.7901042336299686;0.7901974816462022;0.790700177058283
13.610833333333334;;;;;141.26924;76.46912;24.907875;-31.886436;-67.88602;-74.274284;-80.14936;-80.681175;22.034376;;;;;0.9317741679183856;0.931691633535474;0.931569288888379;0.9314053360379679;0.9311597070320429;0.9309316838522578;0.9308900848113058;0.9310485755319107;0.9309647146911637
13.574444444444444;;;;;103.39786;81.125496;145.0787;41.33078;14.960307;-26.61647;-18.745417;40.393555;67.11102;;;;;0.793734779381627;0.7644562773631988;0.8990485526377315;0.8989452430487632;0.8985909525473756;0.8984314943277534;0.8984379221738139;0.8968826790612026;0.8900414260021833
13.538333333333332;;;;;;27.882568;68.184555;45.823284;24.24696;-10.880709;-48.009327;-85.90759;-68.57427;;;;;;0.8854890964884887;0.8853943189336602;0.7363154894472885;0.7362001358326417;0.7361374667818504;0.7361359928708826;0.7360832833314448;0.7361210498280836
3.0383333333333336;;;;;;;;;;;;;;;;;;;;;;;;;;
3.0025;;;;;;;;;;;;;;;;;;;;;;;;;;
13.610277777777778;;;;;;-37.583084;-49.79521;-32.019825;-39.938354;-81.70708;-84.5118;-48.918823;-25.897852;;;;;;25.13824775118584;22.94087400253094;24.903462209098556;23.39876706153553;20.187002749293914;17.873403704946632;16.50755736019112;16.153774481525982
