tempo_decorrido;70.0km;72.5km;75.0km;77.5km;80.0km;82.5km;85.0km;87.5km;90.0km;92.5km;95.0km;97.5km;100.0km;70.0km;72.5km;75.0km;77.5km;80.0km;82.5km;85.0km;87.5km;90.0km;92.5km;95.0km;97.5km;100.0km
1.3027777777777778;;;;;;;;;;;;;;;;;;;;;;;;;;
1.338611111111111;;;;;;;;;;;;;;;;;;;;;;;;;;
11.838611111111112;;;;;;;;;17.479671049536375;12.991142367012994;12.644950770959925;16.264108951922328;18.967441050389482;;;;;;;;;17.479671049536375;12.991142367012994;12.644950770959925;16.264108951922328;18.967441050389482
11.874722222222225;;;;;;;;;16.28463938808594;12.035724739291771;13.738096301889865;16.69350262826828;14.95921421733107;;;;;;;;;16.28463938808594;12.035724739291771;13.738096301889865;16.69350262826828;14.95921421733107
11.91111111111111;;;;;;;;;26.87878215247112;23.149050520485716;11.13033894362611;21.07649330415285;20.491218851010302;;;;;;;;;26.87878215247112;23.149050520485716;11.13033894362611;21.07649330415285;20.491218851010302
13.493333333333334;;;;;;25.080527107698515;23.506120479568718;21.582014734495942;20.178162205711402;18.76569210021309;19.672041073564277;20.91067335118599;19.76039422683667;;;;;;25.080527107698515;23.506120479568718;21.582014734495942;20.178162205711402;18.76569210021309;19.672041073564277;20.91067335118599;19.76039422683667
13.529166666666669;;;;;;30.60140585005859;28.707537337779428;27.375533967395047;24.754324874655744;25.09661989192967;24.780690870110945;24.328035884550978;26.838742518978044;;;;;;30.60140585005859;28.707537337779428;27.375533967395047;24.754324874655744;25.09661989192967;24.780690870110945;24.328035884550978;26.838742518978044
13.565277777777776;;;;;;24.830015304062943;22.871581711809963;21.44854960131337;21.137742074308694;20.819965898146904;20.32580379714416;20.315689995665913;19.773557090215206;;;;;;24.830015304062943;22.871581711809963;21.44854960131337;21.137742074308694;20.819965898146904;20.32580379714416;20.315689995665913;19.773557090215206
22.303611111111117;;;;;23.29052382407918;22.81053484686407;21.435199322609527;18.413779079808684;14.605678347820755;13.066537031669867;;;;;;;;23.29052382407918;22.81053484686407;21.435199322609527;18.413779079808684;14.605678347820755;13.066537031669867;;;
