tempo_decorrido;70.0km;72.5km;75.0km;77.5km;80.0km;82.5km;85.0km;87.5km;90.0km;92.5km;95.0km;97.5km;100.0km;std_70.0km;std_72.5km;std_75.0km;std_77.5km;std_80.0km;std_82.5km;std_85.0km;std_87.5km;std_90.0km;std_92.5km;std_95.0km;std_97.5km;std_100.0km
1.693888888888889;;;;;;;;;;;;;;;;;;;;;;;;;;
1.7297222222222222;;;;;;;;;;;;;;;;;;;;;;;;;;
1.7655555555555555;;;;;;;;;;;;;;;;;;;;;;;;;;
10.50388888888889;;;;;4.278831;-44.370358;-84.65308;-111.04016;-120.69355;-108.67229;-80.585724;-43.741493;-0.6843157;;;;;30.83792081188354;18.514125958305456;17.409225140712035;16.585746893040422;14.244095618887146;13.18959514162584;14.56499055955753;16.417473008962126;17.00913048924018
10.54;;;;;5.7307835;-41.80059;-123.19754;-147.54314;-116.6371;-58.35278;2.0142033;51.35282;53.559322;;;;;23.30855636885305;21.07783100795715;15.665735539705755;12.259933523473935;10.981316860923375;10.63389721597872;12.029517446680893;13.769214937678909;14.096194521926831
13.777222222222225;;;;;;32.050068;-52.85767;-44.107605;-44.664227;-30.700603;-45.201267;-55.06944;-14.276688;;;;;;25.40808532731264;30.2195301088551;29.344009610140194;28.434172047028202;26.32260055541625;23.150980540789195;23.399274775086514;24.521254657949296
13.813055555555556;;;;;;-2.0939128;-9.692493;-17.155495;-13.831299;10.957741;36.943382;80.15593;90.10761;;;;;;24.32108673558811;23.20584085957671;22.05305058262915;20.15270453313897;17.94963732224136;17.518378920436675;18.591543776674385;20.76830903082868
22.694166666666668;;;;;-27.499954;6.6149044;-1.0634232;-31.649212;-44.64957;-60.818256;-43.216995;2.2348218;-29.56131;;;;;27.55136911298602;20.826195043742388;19.085127717675878;18.27763469379996;18.22373946258012;18.756504471782584;19.440906614661777;20.733692869337098;23.824017293479283
22.73;;;;;-39.203888;43.147217;60.90807;26.116955;10.296873;-27.754688;-53.80818;-47.272312;;;;;;24.696584784135638;25.467073644217546;24.127914331744467;23.068794940351783;22.270374267173867;21.808013435432397;22.082453215166108;24.20238479984979;
