tempo_decorrido;70.0km;72.5km;75.0km;77.5km;80.0km;82.5km;85.0km;87.5km;90.0km;92.5km;95.0km;97.5km;100.0km;std_70.0km;std_72.5km;std_75.0km;std_77.5km;std_80.0km;std_82.5km;std_85.0km;std_87.5km;std_90.0km;std_92.5km;std_95.0km;std_97.5km;std_100.0km
1.0827777777777778;;;;;;19.410244;42.013256;64.32339;67.45735;50.147854;16.870506;-36.946514;-74.557724;;;;;;29.10502705719409;27.490791185413343;25.336390824266978;23.052335239623773;19.947495080836593;18.381499394771907;21.672641048104868;20.27474290835768
1.118888888888889;;;;;;9.49464;31.445822;41.381123;31.893112;20.945808;-2.0529194;-38.30172;-82.2107;;;;;;29.228616115033567;28.58454652430225;27.05723563115789;23.669413807697055;19.77800697744846;19.07734441687312;22.142433922222732;20.938415412824344
1.1547222222222222;;;;;47.053352;36.80699;45.910313;42.039745;20.253103;12.901094;4.266304;-34.94012;-89.863686;;;;;29.733189536274107;29.58733107260606;29.1772474712746;27.70560051686301;24.34182614349219;20.80935606884557;20.421410333275222;22.921283777310556;24.996859802783227
2.737777777777778;;;;;;;;;;;;;;;;;;;;;;;;;;
2.773888888888889;;;;;;;;;;;;;;;;;;;;;;;;;;
2.8097222222222222;;;;;;;;;;;;;;;;;;;;;;;;;;
13.202777777777778;;;;;-47.2898;-32.123856;-30.650375;-36.230606;-12.869875;5.2968874;-8.680062;-69.91467;-129.52008;;;;;21.006341899531197;18.477368589709954;16.451939703269034;15.01638804772972;11.997536830533173;10.383550211753203;10.427750284697078;10.787593336792039;11.523374071859335
14.821666666666664;;;;;;88.24763;30.852564;25.772951;6.980995;-19.297642;-23.984377;-47.40232;-45.761284;;;;;;21.592912031497743;25.23556419024548;23.32931846411292;21.8984515434311;21.283752018852315;20.891314463192593;21.850970230175136;21.707601663933303
14.8575;;;;;;-9.665276;-62.93793;-66.37009;-69.197716;-80.22356;-85.48324;-52.95166;-0.8313422;;;;;;25.734557699715765;29.60795332338931;27.241415161477935;24.017145958668777;21.464415435785806;22.28482443278385;24.588329345443544;25.639849063518298
