tempo_decorrido;70.0km;72.5km;75.0km;77.5km;80.0km;82.5km;85.0km;87.5km;90.0km;92.5km;95.0km;97.5km;100.0km;std_70.0km;std_72.5km;std_75.0km;std_77.5km;std_80.0km;std_82.5km;std_85.0km;std_87.5km;std_90.0km;std_92.5km;std_95.0km;std_97.5km;std_100.0km
3.738055555555556;;;;;;;;;;;;;;;;;;;;;;;;;;
3.773888888888889;;;;;;;;;;;;;;;;;;;;;;;;;;
3.8097222222222222;;;;;;;;;;;;;;;;;;;;;;;;;;
5.391944444444444;;;;;;;;;;;;;;;;;;;;;;;;;;
5.427777777777778;;;;;;;;;;;;;;;;;;;;;;;;;;
15.820833333333333;;;;;-15.528316;-8.343027;-13.991736;-1.2256129;3.8165154;-50.369797;-39.89257;-23.43721;-21.167276;;;;;26.833337474119762;22.258037424714697;20.36030574426622;18.910924091646077;18.057551329014682;27.728932543464417;24.674127340191788;20.564054561297002;21.025397023599815
15.85722222222222;;;;;-4.063669;-22.89325;-23.760204;-14.55299;-1.502152;-2.140655;-28.320606;-56.192436;-65.93583;;;;;23.732943348855827;22.76425707111919;20.696070399957573;19.84603738785151;19.332931490076717;17.010532031656155;17.292152844570857;16.83820655533124;16.84769924945243
17.475277777777777;;;;;;5.584656;1.138691;24.441307;10.570133;-18.096573;-62.264328;-81.63668;-44.006035;;;;;;22.328569143588222;19.66033977325926;17.36174472799321;16.633371275841828;15.47979328027348;15.059966135420092;13.849997472923958;13.383515233301003
17.51138888888889;;;;;;14.67602;24.627506;28.93565;23.519073;-2.76398;-46.401375;-58.018578;-57.184326;;;;;;27.343205737440517;23.084351192961865;20.855807344718162;20.39737066388705;19.225025877745914;17.363237025393623;16.4194616233298;15.62173709931133
