tempo_decorrido;70.0km;72.5km;75.0km;77.5km;80.0km;82.5km;85.0km;87.5km;90.0km;92.5km;95.0km;97.5km;100.0km;70.0km;72.5km;75.0km;77.5km;80.0km;82.5km;85.0km;87.5km;90.0km;92.5km;95.0km;97.5km;100.0km
1.9052777777777776;;;;;;;;;;;;;;;;;;;;;;;;;;
1.9413888888888888;;;;;;;;;;;;;;;;;;;;;;;;;;
10.822777777777778;;;;;;;;;17.02808180623995;15.212666432943305;13.294001278772317;13.766868198686293;14.228841133416312;;;;;;;;;17.02808180623995;15.212666432943305;13.294001278772317;13.766868198686293;14.228841133416312
10.858611111111111;;;;;;;;;;15.370062784517179;12.964439440253482;12.66142724972189;12.810213112981376;;;;;;;;;;15.370062784517179;12.964439440253482;12.66142724972189;12.810213112981376
14.095277777777778;;;;;;31.166292208089175;28.696925793541023;26.852978605733853;24.140129452842626;21.861570849323705;22.743122037222594;22.81718299878405;21.694178942748675;;;;;;31.166292208089175;28.696925793541023;26.852978605733853;24.140129452842626;21.861570849323705;22.743122037222594;22.81718299878405;21.694178942748675
14.131388888888887;;;;;;27.17330123485183;26.070481391796353;22.533367702143416;20.511770523287353;19.535373812650732;17.65592081994026;13.514434875347174;12.801897515602912;;;;;;27.17330123485183;26.070481391796353;22.533367702143416;20.511770523287353;19.535373812650732;17.65592081994026;13.514434875347174;12.801897515602912
14.16777777777778;;;;;;24.54316198047839;22.932973204536736;21.857903376124618;19.974084459619167;17.37738760573637;14.246637147060355;13.663978922700371;13.688250801325932;;;;;;24.54316198047839;22.932973204536736;21.857903376124618;19.974084459619167;17.37738760573637;14.246637147060355;13.663978922700371;13.688250801325932
22.905555555555555;;;;;31.42218483810443;31.366495819584312;30.547877995042473;27.487954634712274;21.754609396631327;19.374904644926644;21.9431841353984;25.991963180952684;23.80578354098012;;;;;31.42218483810443;31.366495819584312;30.547877995042473;27.487954634712274;21.754609396631327;19.374904644926644;21.9431841353984;25.991963180952684;23.80578354098012
22.941666666666663;;;;;31.54215908906681;30.266041366521655;26.992252036464095;22.70444890324361;20.597282587758997;22.158168696893703;25.407523295276146;27.395613700006795;28.74463950026161;;;;;31.54215908906681;30.266041366521655;26.992252036464095;22.70444890324361;20.597282587758997;22.158168696893703;25.407523295276146;27.395613700006795;28.74463950026161
