tempo_decorrido;70.0km;72.5km;75.0km;77.5km;80.0km;82.5km;85.0km;87.5km;90.0km;92.5km;95.0km;97.5km;100.0km;70.0km;72.5km;75.0km;77.5km;80.0km;82.5km;85.0km;87.5km;90.0km;92.5km;95.0km;97.5km;100.0km
1.7280555555555557;;;;;20.821413976961313;16.507385316881653;11.902444286784123;10.017003044823337;9.294644156717352;9.93720433522427;12.004242583353603;14.563130158039513;17.721593325657825;;;;;20.821413976961313;16.507385316881653;11.902444286784123;10.017003044823337;9.294644156717352;9.93720433522427;12.004242583353603;14.563130158039513;17.721593325657825
1.763611111111111;;;;;21.61837551713819;16.45990674335672;12.796795692672443;13.317952545342697;12.216623101332054;11.068047976043472;12.911250907638655;15.751938610850411;19.327188621214415;;;;;21.61837551713819;16.45990674335672;12.796795692672443;13.317952545342697;12.216623101332054;11.068047976043472;12.911250907638655;15.751938610850411;19.327188621214415
1.7997222222222222;;;;;24.947876663155125;24.16144035441596;23.44502932393133;21.63518245820913;17.44332823746661;12.298301915305219;11.778798750297078;15.141370809804508;19.12851980682248;;;;;24.947876663155125;24.16144035441596;23.44502932393133;21.63518245820913;17.44332823746661;12.298301915305219;11.778798750297078;15.141370809804508;19.12851980682248
5.0;;;;;;;;;;;;;;;;;;;;;;;;;;
5.035555555555556;;;;;;;;;;;;;;;;;;;;;;;;;;
5.071388888888889;;;;;;;;;;;;;;;;;;;;;;;;;;
13.810833333333331;;;;;33.88951607798494;23.81119274626956;24.297271451749474;21.172769303990446;16.978906325202455;16.52244655007242;18.066455103312325;19.01285170614866;18.87215250044361;;;;;33.88951607798494;23.81119274626956;24.297271451749474;21.172769303990446;16.978906325202455;16.52244655007242;18.066455103312325;19.01285170614866;18.87215250044361
13.846944444444444;;;;;23.17989214815289;28.48295209419136;25.455822516666007;23.036231679682334;24.848559314374747;24.08051390647633;23.449385919464927;23.197430892234596;23.118976188404194;;;;;23.17989214815289;28.48295209419136;25.455822516666007;23.036231679682334;24.848559314374747;24.08051390647633;23.449385919464927;23.197430892234596;23.118976188404194
15.464722222222225;;;;;;21.801212122265127;15.511611457227776;12.37864047462402;11.975605621428922;12.952880374650265;14.104586488089609;14.362770275959997;14.327149402445693;;;;;;21.801212122265127;15.511611457227776;12.37864047462402;11.975605621428922;12.952880374650265;14.104586488089609;14.362770275959997;14.327149402445693
