tempo_decorrido;70.0km;72.5km;75.0km;77.5km;80.0km;82.5km;85.0km;87.5km;90.0km;92.5km;95.0km;97.5km;100.0km;std_70.0km;std_72.5km;std_75.0km;std_77.5km;std_80.0km;std_82.5km;std_85.0km;std_87.5km;std_90.0km;std_92.5km;std_95.0km;std_97.5km;std_100.0km
14.29527777777778;;;;;;126.832245;96.26833;98.26339;106.27829;117.1071;136.59009;136.88199;115.44585;;;;;;22.081157125476917;18.66588706705363;26.97606717073488;25.13706924046636;22.63178517041906;17.370545184305527;14.522310077945589;14.630446336322073
14.330833333333334;;;;;;227.866;176.03264;134.42654;123.81592;124.547424;135.35495;133.90297;110.0835;;;;;;22.617057721993813;18.370799383804723;16.912639652047222;15.979375770035574;15.804909047507993;15.197790628903926;14.24144831117959;14.613577248572643
15.984722222222222;;;;;;-5.403957;4.4462943;32.790455;23.77504;23.767176;55.110947;65.36342;57.617752;;;;;;21.149695742492373;14.901631118773542;11.324164428336424;11.081850026056118;11.644700082011559;11.881435098505568;12.016753721367515;12.817872288332413
15.949166666666668;;;;;;;;;62.14314;75.663795;76.23759;57.157883;47.22001;;;;;;;;;14.24155328607101;12.475316829644047;12.93409061356847;15.458662943476062;15.25339306515111
14.331111111111111;;;;;;52.591316;39.762165;51.23644;105.53706;155.2103;169.89062;145.71542;76.77416;;;;;;21.228885039021716;18.822217722680822;17.668294767747113;14.509725014623813;13.36840491606983;14.0157696898886;14.413888441360992;14.464425325604886
14.295;;;;;;53.73894;40.376842;50.135597;99.52176;152.58997;175.55539;146.46495;79.46246;;;;;;28.974604397644498;26.581487919226795;25.630033164239176;19.92571654922352;16.180304385270382;16.203491290459596;17.963783009154838;20.23925048019318
3.796111111111111;;;;;;;;;;;;;;;;;;;;;;;;;;
3.76;;;;;;;;;;;;;;;;;;;;;;;;;;
2.1416666666666666;;;;;;;;;;;;;;;;;;;;;;;;;;
2.105555555555556;;;;;;;;;;;;;;;;;;;;;;;;;;
16.020555555555557;;;;;;12.895353;25.7916;53.942528;45.82715;5.654484;1.1069653;22.912601;48.59666;;;;;;17.24001740138333;12.73705892268698;10.050056218748232;9.39782687646458;9.723173350300817;11.380905060670703;13.353928261002453;13.32853592860071
15.984722222222222;;;;;;19.077295;28.540955;39.40833;48.271954;55.553635;64.98473;66.05924;42.08259;;;;;;18.729837158929065;12.11287166612443;8.837599221508068;8.527083323153352;9.827200771328528;11.220036541829977;12.187276562054379;12.95459995522826
15.949166666666668;;;;;;20.669418;46.509262;64.41818;89.64153;104.15568;95.067314;59.32484;38.510178;;;;;;21.438201183868017;20.253619429622944;13.562907874051199;10.073871648973894;10.781874141354091;13.386166366813166;15.820271173402812;15.678577103806328
14.366944444444444;;;;;;190.90675;159.11456;141.31795;146.86737;150.4996;145.1586;156.53659;124.41137;;;;;;21.474318615499772;17.795755111823716;15.258793530289346;14.723348124662406;14.684062448791206;15.446243232579242;15.978326883625831;15.816251452224702
2.105833333333333;;;;;-124.837494;-170.81313;-164.83258;-108.32195;-57.63942;-42.18825;-22.045395;24.776264;25.798176;;;;;25.065235885584638;23.18892537397971;18.649497044156444;11.742799495861282;8.842035964640724;9.247166593070551;11.99970416302002;15.754906219968433;19.55240573433356
2.141944444444445;;;;;-105.67676;-159.75648;-188.81918;-178.13878;-143.90103;-62.439896;34.94129;82.11627;55.345028;;;;;23.82338137208906;20.118874222977784;14.277284055449762;12.437378743127509;13.877822595782092;13.27150142222047;12.912138862326412;14.937846230297056;17.024541697208768
3.796944444444444;;;;;;;;;;;;;;;;;;;;;;;;;;
3.761111111111111;;;;;;;;;;;;;;;;;;;;;;;;;;
2.1422222222222222;;;;;;;;;;;;;;;;;;;;;;;;;;
2.106388888888889;;;;;;;;;;;;;;;;;;;;;;;;;;
16.020833333333332;;;;;138.21146;36.51582;18.981495;147.87314;121.32693;50.87158;53.643806;86.881004;120.99996;;;;;25.931313117541887;18.16280540004765;13.47046398606967;10.508203462057633;10.312039807913854;11.055437576143245;12.41015511587184;12.39523295464833;13.354537431150508
15.985;;;;;138.33463;64.10739;55.78824;98.90984;81.5825;109.05604;183.36655;167.13452;115.422966;;;;;24.81053949433587;21.889603696732383;17.097873551994706;14.657540039174377;13.753857640676669;14.537955151946232;14.350291983092191;14.235923925056639;14.470057014400462
15.948888888888888;;;;;142.36652;186.89201;199.1481;146.73178;109.30252;80.79094;99.742355;147.62894;191.14885;;;;;23.60334510191299;24.17886680553909;17.303733701140917;16.928487823783907;17.08197734455821;14.501394760504935;17.216543207043625;18.631382128011868;18.911582429823262
14.366944444444444;;;;;-32.228462;-5.8493557;23.186028;45.90913;69.27545;78.91056;78.12028;90.55321;80.80235;;;;;22.517986144413538;21.185966581678542;19.178902471205177;15.564187418558028;15.192023894136028;16.310902182282867;16.1601748134109;17.263470103081826;17.274154682646557
14.330833333333334;;;;;-6.4622383;-26.444527;-27.549185;-4.9322376;67.579025;186.34769;164.01715;95.62089;62.559822;;;;;24.60235639120773;22.539823424330546;21.259357233933486;21.55724356219969;19.905843363193632;15.784204129445362;16.776661169612982;18.924605676208948;18.83549521515163
14.295;;;;;-18.87617;-24.057037;-19.977533;1.652223;33.6111;93.949135;139.93178;138.45578;102.67459;;;;;30.054822574754954;27.48134276195397;25.2297344417257;24.372113982992943;22.857994225215823;21.751424091309516;21.134518683897205;19.15235755723039;21.55313573473707
3.795833333333333;;;;;;-18.96436;-30.56688;-64.33827;-39.190517;-6.341236;1.2900467;96.01054;97.473335;;;;;;24.55385102178475;24.275764457581968;22.617835219136246;19.37851774517339;17.80507736574037;19.505623804431377;19.92658274767653;18.908971415706354
3.7597222222222224;;;;;;-18.535957;-18.157902;-44.388615;-12.440608;18.406197;7.3813477;92.93931;90.74217;;;;;;24.116011900809802;24.350640648656455;23.218435778492918;20.09014634093042;18.36255537772453;20.10831569276751;20.337438383434627;18.87163903851491
16.020555555555557;;;;;;;;;;;;;;;;;;;;;;;;;;
