tempo_decorrido;70.0km;72.5km;75.0km;77.5km;80.0km;82.5km;85.0km;87.5km;90.0km;92.5km;95.0km;97.5km;100.0km;std_70.0km;std_72.5km;std_75.0km;std_77.5km;std_80.0km;std_82.5km;std_85.0km;std_87.5km;std_90.0km;std_92.5km;std_95.0km;std_97.5km;std_100.0km
3.7152777777777777;;;;;;;;;;;;;;;;;;;;;;;;;;
3.751111111111111;;;;;;;;;;;;;;;;;;;;;;;;;;
5.368055555555555;;;;;;;;;;;;;;;;;;;;;;;;;;
5.404444444444445;;;;;;;;;;;;;;;;;;;;;;;;;;
15.904722222222222;;;;;;25.936638;17.709242;41.94699;12.080284;-48.382645;-47.493763;-32.328564;-22.322655;;;;;;23.066243734080327;21.61914660665402;19.32517529027874;19.795220887880994;15.429362268091316;18.12567847006009;18.368760981623122;19.26320118775693
15.940833333333334;;;;;;-3.99826;24.212925;6.1913176;-14.191776;-28.075603;-53.047455;-66.119415;-47.56803;;;;;;22.902010828746022;26.840175111202235;21.97068569708283;21.825730228333715;21.49899718591544;21.301122036174526;22.480983519410355;22.838820022058933
15.97638888888889;;;;;;-14.942368;-10.109098;-14.496035;16.617071;27.941828;0.60909224;-38.09405;-72.38254;;;;;;25.30523740256155;22.5434735566638;21.664475991816648;20.091257551482435;20.88200349583344;21.99121256320351;22.56881255183799;23.073885671901902
17.559166666666666;;;;;;-3.7654858;-4.0033827;-4.823182;-30.399225;-44.181084;-50.67614;-68.29341;-58.96952;;;;;;21.88876584003767;20.411143525045333;18.925493388548684;15.197892617070302;14.999814998859152;15.855720734170363;16.691578715028726;17.66792008132253
17.595000000000002;;;;;;-2.3660784;11.038069;10.739609;-20.930445;-39.381348;-49.578938;-71.17107;-84.9041;;;;;;22.159206438859673;17.485414493228348;14.339857739880127;13.202412658298481;12.981128610409806;14.553604364555195;15.209720576000073;14.7946679584234
