tempo_decorrido;70.0km;72.5km;75.0km;77.5km;80.0km;82.5km;85.0km;87.5km;90.0km;92.5km;95.0km;97.5km;100.0km;std_70.0km;std_72.5km;std_75.0km;std_77.5km;std_80.0km;std_82.5km;std_85.0km;std_87.5km;std_90.0km;std_92.5km;std_95.0km;std_97.5km;std_100.0km
0.5561111111111111;;;;;;;;;;;;;;;;;;;;;;;;;;
0.5919444444444444;;;;;;;;;;;;;;;;;;;;;;;;;;
11.09138888888889;;;;;;-24.336397;9.091295;0.07618952;-28.456123;-29.034906;-21.559568;11.373675;14.760336;;;;;;26.94326928937912;23.963637036142906;20.377810481010957;16.1726107972708;15.697202935555111;18.794519147879257;18.56247612793078;19.50718072915715
11.127222222222224;;;;;;29.996002;33.23894;11.156771;-3.1195617;16.85161;14.868732;8.434923;-2.8071938;;;;;;19.876782938896323;17.223219211285677;15.858296882074065;13.712654010074052;11.7918616002733;11.881455718892362;14.05504464596253;14.963632914503082
11.163055555555555;;;;;;84.75826;45.532146;6.002746;-13.464227;-21.081875;-3.747078;13.525318;13.689734;;;;;;19.774723006909603;17.39646055955061;14.999828999025288;13.581516115662494;13.799372087163967;11.52077297753931;13.111227249956428;15.3157983794512
12.745555555555557;;;;;;-85.19735;-6.380251;-0.48664856;-25.398527;-45.97081;-65.06853;-47.311752;-23.328762;;;;;;23.646179395411853;21.479794226202447;19.822912248204098;17.49174662519441;17.04252035351579;16.90042011312145;17.51363954179713;17.5953709821646
12.78138888888889;;;;;;-127.637115;-77.580444;-81.19929;-78.6979;-38.13645;-15.78354;-8.067089;1.877594;;;;;;26.882256229714052;24.908791620630655;23.582947228877057;20.70107605898785;20.374175566142547;19.74357718347919;21.11228197045502;22.468904067621988
12.81777777777778;;;;;;-71.568;-79.06292;-94.09416;-95.86351;-77.97378;-12.435415;43.804234;96.14763;;;;;;27.33353709273646;26.534014019744543;24.648069701297096;22.61281052854775;22.568376769276075;21.060479576685808;21.646323475361815;22.60221670544728
21.55666666666667;;;;;;;;;;;;;;;;;;;;;;;;;;
