tempo_decorrido;70.0km;72.5km;75.0km;77.5km;80.0km;82.5km;85.0km;87.5km;90.0km;92.5km;95.0km;97.5km;100.0km;std_70.0km;std_72.5km;std_75.0km;std_77.5km;std_80.0km;std_82.5km;std_85.0km;std_87.5km;std_90.0km;std_92.5km;std_95.0km;std_97.5km;std_100.0km
3.081111111111112;;;;;-18.034992;-16.609911;-18.521906;-22.981947;-21.992231;-14.48687;-0.29580164;18.638676;1.8197327;;;;;27.94323424373063;25.433661749736313;22.502522747461008;19.024067125617485;15.666686950341479;13.040133051468455;14.490230156902271;19.131186581077504;18.261746904390062
3.1172222222222223;;;;;-55.866222;-56.744583;-63.51234;-69.87682;-73.65635;-81.50848;-87.75883;-80.68286;-59.883255;;;;;29.866546502734458;28.59849471563145;26.49911206059554;22.911647692822093;18.160280284180637;13.326141977331623;16.24273376005406;20.397425327722125;23.0922898388185
6.355277777777777;;;;;;;;;;;;;;;;;;;;;;;;;;
6.390833333333333;;;;;;;;;;;;;;;;;;;;;;;;;;
15.27111111111111;;;;;;8.670854;1.3634381;11.883049;9.285334;9.381979;-10.746782;-59.553696;-15.620529;;;;;;21.761359332541705;20.13893095474534;18.16835435585733;15.30929684864723;15.556732626101152;16.423088321019282;16.68162312246623;16.787824457028375
15.306944444444444;;;;;;54.124817;-6.9347844;-36.689934;-27.102861;-8.394295;-15.824739;-61.309128;-100.52776;;;;;;25.7976956335251;23.60794929679408;18.687300500607357;16.15744719935671;17.85812084179072;19.29713761157338;20.71352336035567;20.755004938568433
18.54416666666667;;;;;;-11.311926;-11.595839;-19.459015;-24.324509;-38.1477;-63.439854;-91.16083;-119.05803;;;;;;24.61454854349354;17.977441975987574;15.719541023833997;12.987644898132995;10.996129773697653;11.995586271625077;11.885566877519977;11.919335551950873
18.579722222222223;;;;;;-33.318188;-11.23698;12.051687;-0.93686676;-25.134708;-50.926357;-77.28112;-116.171196;;;;;;20.959919847174987;17.153302305970126;14.64573350843173;11.174728855770953;10.568668790344411;12.146590468110794;11.631656803740386;12.232319485690358
18.61527777777778;;;;;;-22.697271;0.53038454;41.472134;32.578003;-3.6404362;-41.98648;-90.43052;-109.32111;;;;;;20.761764616717915;16.76993738807632;13.105223767643192;11.4024155335613;13.053974490552676;13.314480463014695;12.85763314144559;13.568378679857075
