tempo_decorrido;70.0km;72.5km;75.0km;77.5km;80.0km;82.5km;85.0km;87.5km;90.0km;92.5km;95.0km;97.5km;100.0km;std_70.0km;std_72.5km;std_75.0km;std_77.5km;std_80.0km;std_82.5km;std_85.0km;std_87.5km;std_90.0km;std_92.5km;std_95.0km;std_97.5km;std_100.0km
2.7244444444444444;;;;;63.796295;43.575073;34.48813;27.569536;24.945461;27.966618;23.400215;2.152748;-23.369297;;;;;26.09763016061037;22.79583207518427;18.79752430507805;14.546396117251861;12.276831024331972;12.387404893681323;14.38013351815622;17.784273952006025;21.430258981169594
2.7608333333333333;;;;;36.781586;39.514526;43.261856;35.58681;30.726841;34.475014;40.98551;38.824966;34.032494;;;;;24.929573602450564;22.011001794557192;18.92275561328212;14.858929301938279;11.507059137764088;10.4219321625119;12.287570549136229;16.02593897405079;19.780649635439175
2.796944444444444;;;;;10.100349;6.663595;6.1518483;9.1834135;20.86382;33.305225;44.251076;44.16728;33.086884;;;;;27.119275432798716;25.952053868624734;23.090985253990354;18.622334708623406;14.226574429566663;11.316215356734777;12.17442442171292;15.696693282344533;19.403326261236757
4.378333333333333;;;;;;;;;;;;;;;;;;;;;;;;;;
4.413888888888889;;;;;;;;;;;;;;;;;;;;;;;;;;
4.449722222222222;;;;;;;;;;;;;;;;;;;;;;;;;;
14.80861111111111;;;;;;60.53463;10.346883;-47.85141;-27.765007;-10.191508;-12.078302;-11.956472;-45.374367;;;;;;22.455667881405798;25.82498305904575;24.42409466080575;22.025483422617537;19.38252357150637;19.627473856816113;18.3917924629439;17.657361071235986
14.844722222222222;;;;;;1.3200611;-34.77056;-49.502914;-11.135778;-3.9593716;-10.2316885;-4.8327904;-27.066782;;;;;;27.637613862271106;25.487368636248036;23.735113229137966;22.078617030964597;19.79641028065442;18.380941216379536;18.195772860749827;17.973203387265166
16.4625;;;;;;20.90222;32.48813;44.80016;40.183697;22.320457;14.974848;20.455963;28.362423;;;;;;22.01516681744656;18.199464827296435;15.483985598029985;13.449582893160665;13.503010034803351;14.607199252423444;16.151142374457603;17.056921469010756
16.49833333333333;;;;;;1.255866;7.6761403;30.278955;31.014626;16.673876;13.343999;24.136326;51.57299;;;;;;22.475813667140063;19.002863731553727;15.898231662672424;13.922840586604446;13.29143634074211;13.781580460890543;17.342929971605145;17.849075606316422
