     tempo         81         84         87         90         93         96         99
213.521667  -2.424545 -15.766087  -5.639565  -9.746522 -16.737000 -24.797500 -27.745000
214.521667   1.396667  -3.279048 -13.140909  -8.867368  -8.943889 -22.501765 -23.956429
215.563333 -13.193333 -17.026667 -21.063333 -25.870000 -38.580000 -39.916667 -29.943333
217.521667 -11.578421  -6.727143 -21.493182 -25.484167 -14.954286 -14.752667 -17.322143
218.521667  -5.176250 -12.848182 -26.990000 -36.140909 -35.036364 -17.690000 -19.677000
219.521667  10.480000 -18.151364 -19.563333 -17.737391 -21.465000 -21.895294 -13.179286
220.605000  19.705000  17.030000  16.370000   4.512000 -16.813000 -24.825000 -20.546000
223.521667  22.892500   0.585000 -22.631818 -25.927143 -19.209474 -10.028235   6.185000
224.521667   0.113684   6.777619   0.566500  -2.180000  -3.890000 -11.425625 -14.296154
225.521667   8.391250  -3.328095 -19.159545 -25.317143  -7.737143 -27.297333 -26.663846
226.521667  -1.866667   7.872857  11.723158   9.297000  -9.024444 -22.772667  -7.481250
227.521667   3.737778  -8.590952 -22.824211 -33.870000 -37.747368 -23.655882   2.528000
228.521667 -26.801429  -8.477222 -14.934737 -11.292222 -11.750000 -11.105000 -31.464000
229.521667   1.180000 -12.695417 -22.715000 -24.649167 -24.325000 -21.138889 -16.981333
230.521667  -8.249444  -7.982632  -3.042222  -1.282222   8.776471   0.800556   1.577692
231.521667  24.361500  15.091818 -20.075000 -29.121429 -30.063000 -30.001111 -21.833571
232.521667 -31.714737 -37.220000 -19.470870  -5.963810   9.058095   4.712500   5.610000
233.688333 -20.863750 -14.313000 -15.454500 -19.759500 -10.082222  -9.815000  -7.345000
238.521667 -28.798333 -19.301500 -20.331000 -12.214286 -17.507500  -2.156000   2.636667
239.521667  20.235714 -14.846842 -36.995714 -36.718095 -36.115238 -28.796667 -28.327692
240.521667 -30.470000 -15.962000   2.725789   0.335652  -7.645238   7.228235   4.561111
241.563333   4.770000  17.800000 -24.290000 -26.560000 -47.050000 -61.120000 -61.960000
243.500870 -15.888750  -9.297273 -13.667391 -22.681000 -31.514000 -38.077059 -42.690000