     tempo         81         84         87         90         93         96         99
244.605000   6.228095  14.091364  23.908636  25.713043  11.676190   0.305263 -15.650000
247.521667 -28.782105 -21.363750  -9.021905   6.299048  13.868571   9.265000  -2.500000
248.521667 -13.894375  -5.066364   5.379545   0.262609   1.157143  -5.540588 -12.320000
249.521667   1.075000   7.111053  18.938636  24.287619  22.364500  14.027500  -9.172500
250.521667  13.102941  23.719000  34.944545  26.168571  21.948000   3.491176 -18.402727
251.521667   3.360526   7.778182   4.686818   9.808571   9.908333   8.456250   1.236154
252.521667 -23.730667 -23.108261 -13.929565  -7.094783   0.727143   4.286471  -6.113000
253.521667 -12.040000  -4.085909  -8.138571 -11.427500 -14.067000 -11.673750 -14.572500
254.688333 -20.504091 -23.197826 -25.846667 -28.645833 -26.720000 -20.410625 -17.400000
259.521667 -13.547368 -15.950000  -8.000435  -7.428000 -13.068947  12.086000  -3.810000
260.521667 -29.614000 -12.322632 -13.220455 -11.385000 -22.522381 -18.998889  -5.621111
261.521667 -23.536875 -23.781905 -15.428571 -15.833636 -28.691818 -18.450667 -21.922727
262.521667  -6.940000   6.151429   4.267619  -0.607000 -10.550526 -21.316471 -21.233636
263.521667 -30.263125 -16.526087 -14.209130 -17.960435 -24.985000 -32.680714 -28.045833
264.521667 -19.353158 -18.046667 -22.625833 -34.798333 -42.466190 -38.982353 -27.716000
265.521667 -19.002941 -13.400000 -11.119000 -13.440476 -20.002500 -24.562222 -18.305385
266.521667   5.796667   7.480909   5.018636 -13.642727 -30.715714 -29.534706 -37.277500
267.521667 -13.249412  -1.450000   0.821818  -7.706190 -23.602632 -25.062000 -28.329167
268.521667   4.866250   0.276364  -3.352174 -17.746087 -30.069048 -32.461000 -45.608182
269.521667 -20.491111  -3.836522  -8.032917 -19.396957 -43.364091 -56.173000 -64.021333
270.521667  -7.684545  -7.792917 -11.842083 -18.648333 -32.792273 -40.091579 -41.698571
271.521667 -29.985263 -25.297143 -27.136818 -26.272727 -21.979130 -22.836000 -14.120000
272.521667  -1.745000  -9.039565 -14.868636 -20.420000 -28.762857 -38.985556 -32.046429
273.500870 -16.133810  -6.963333  -8.759048 -16.667143 -18.576000 -23.200000 -13.633077