     tempo         81         84         87         90         93         96         99
121.521667   3.279500  10.678333  15.475652  11.031304   3.507917  -5.213913  -8.565294
122.521667   1.643333  23.235000  27.355556  25.208889  24.585000  23.792500  29.770000
123.521667  10.060500  19.355000  23.496667  24.408571   7.087500  -4.232381 -19.405294
124.521667  17.600476  22.345833  25.200417  19.681250   8.931364  -5.496190 -24.968750
125.521667  13.048636  16.677727   4.517391  -6.206190 -20.069091 -34.782000 -33.819444
126.521667  10.688182  12.594348  10.565217   6.593636  -3.518095 -14.391905 -11.848421
127.521667  18.039091  16.609565  10.869565   7.092174   2.240455  -8.728095 -15.959444
128.521667  28.000000  26.311304  19.217500  13.896522   2.276190  -8.831000 -19.283750
129.521667  17.720952   8.939545   3.676364  -4.204545 -10.083810 -15.309000 -28.478500
130.521667  18.970476   8.926957  -6.926818 -22.206522 -30.745238 -31.278500 -44.429412
131.521667  -6.186818 -15.532727 -22.840909 -21.270455 -18.293333 -12.327619 -12.442222
132.521667   4.818500   3.378571  -0.496190  -6.569524  -8.659048 -13.501905  -9.614444
133.521667   1.421739   9.573478  12.789091  13.136957   4.164286  -9.002857 -12.565000
134.521667   0.632381   3.997619  15.312609  18.706957   9.868571   0.600952 -12.446875
135.521667  14.818500  13.850909  11.624091   4.031364  -1.139524  -7.873500 -13.351176
136.521667   6.659500   2.923182   1.729048   9.063810   5.242500  -1.113158  -7.911250
137.521667  16.697368  15.533182  17.590000  14.615909   1.139524  -6.848000 -19.745263
138.521667  22.472632  25.138636  24.122273  17.884091   9.090000   2.293333  -8.428750
139.521667  14.493636  13.017273  12.109130  11.962857   2.799524 -11.578000 -15.636842
140.521667  14.390952  15.847727  15.534348   9.335000   3.725000   0.695500  -1.475000
141.521667  22.805714  28.837273  29.061818  22.992273  16.849565  10.000000  -9.541667
142.521667  22.876818  19.725000  16.961818   6.599545  -9.098636 -26.040000 -42.502105
143.521667  15.091304  15.811250   7.851250  -4.746667 -15.520455 -17.968500 -19.876471
144.521667   6.295500  11.465652  11.871304   7.112727   1.397727  -2.713500   4.652778
145.521667  26.069130  19.759167   9.266250   1.377917 -12.181364 -12.411500  -8.514444
146.521667  13.566522  16.150417  13.753750   2.510000  -9.306957 -24.757273 -16.884375
147.521667  -0.456364  -7.315652 -18.606522 -19.391429 -13.820476 -16.804286 -11.812778
148.521667 -12.171429  -5.505217   2.725000   8.239545   8.173810  10.505714  -0.783889
149.521667  12.986364  25.643750  24.880833  15.017500   5.616522  -2.620952  -9.487222
150.521667  15.863333  14.332727   7.642609   2.103750  -8.462609 -19.068182 -22.124444
151.500870  11.089091  12.899048  24.920000  25.109000  23.605909  23.168947  27.878125