     tempo         81         84         87         90         93         96         99
213.521667  19.535000  23.896522  14.693478  18.615217  12.800000  10.040625  16.363571
214.521667  19.917222  16.514286   3.769545   3.448421   5.761667  -4.807059  -3.558571
215.563333   4.783333  11.670000   6.866667  22.293333  15.476667  18.236667   9.853333
217.521667  18.073158  24.546190  29.710455  27.506250  15.659048   7.832667   4.602857
218.521667  37.378750  30.872727  29.160909  22.600000   9.033636  -1.837273  -8.667000
219.521667   0.915500   0.060000 -13.206250 -21.236087 -26.909000 -33.018235 -36.575714
220.605000   6.913750   7.072000  -3.140000 -12.163000 -18.303000 -21.461000 -20.950000
223.521667  -6.692000  -9.082727 -10.316818 -17.728095 -31.390000 -39.141176 -41.091429
224.521667  21.377368  14.023333   6.108000 -18.172609 -19.620526 -15.995625 -16.490000
225.521667   2.483125  -8.226667 -23.505909 -43.113810 -59.663333 -52.494667 -54.720000
226.521667  17.321111  14.920000 -14.340526 -14.602500  -6.357222   0.520667  -7.912500
227.521667   2.373333 -12.781905 -25.490000 -29.703333 -32.905263 -34.843529 -36.388000
228.521667   3.152857 -15.182778 -27.262105 -33.713889 -23.733529 -14.518750   8.724000
229.521667   6.141429  -4.535417  -8.649583 -14.210417  -6.611364   7.131667   9.714667
230.521667  -1.700000 -14.157368 -26.900556 -32.656111 -21.431765 -12.802778 -16.130769
231.521667  18.201500   6.016364   1.801000  -6.436190   0.514500  11.607778  19.442857
232.521667  -0.913684 -21.210455 -40.407826 -41.270000 -45.345714 -44.625625 -42.207500
233.688333 -19.823750 -25.658000 -33.620500 -33.154500 -28.091111 -12.657500  -5.375833
238.521667 -19.652500 -20.611500 -18.145000 -11.645238 -10.158500  -6.531333 -18.761111
239.521667 -16.235000  -2.456316   4.294762   3.912381  -6.220476 -20.005000 -22.226923
240.521667 -43.268462 -32.512000 -36.975789 -41.422174 -44.526667 -46.052353 -47.154444
241.563333 -23.060000 -12.360000   4.730000  18.100000  16.170000  13.110000  51.780000
243.500870 -12.818750  -3.317273   9.052609  14.692500  24.547500  24.305882  31.168182