    tempo         81         84         87         90         93         96         99
32.521667  23.619091   3.330909 -31.189583 -40.455652 -39.838333 -28.785455 -23.501250
33.521667  -3.512632   9.955714  32.396667  36.314348  38.667826  35.295556  60.278667
34.521667  14.870000  -8.926087 -19.348636  -5.336818   4.351905  -0.102941 -10.195625
35.521667  -7.685789   9.088261  17.573182  14.065217   6.614091  10.854706  12.638182
36.521667  24.821765  14.164500  -1.079048 -14.919474 -19.818333 -19.508571 -19.250000
37.521667 -30.085882 -16.166957  -8.031905   4.302381  15.967143  33.977500  49.103636
38.521667  20.009000   4.826957   5.507826  -1.796250 -17.457727 -24.994000 -41.594667
39.521667  -9.053684 -11.343913   8.631250  26.056087  33.908571  31.200000  27.846923
40.521667   3.210000   4.610000   6.572273  -3.552727  -1.254500   1.378889  10.515000
41.521667   0.360000 -18.224737 -23.526667 -11.535909 -10.396842  -6.830526 -15.380833
42.521667  -3.125294 -11.958824   7.168947  15.261579  14.746316  -2.394118 -23.668333
43.521667  -2.954706  -9.631429 -18.563913 -16.095455 -10.258571 -11.359444  -3.406364
44.521667   3.882941 -15.622353  -8.791111  -0.108421   9.602105  16.854667  26.818182
45.521667   4.407143  -1.909524  -3.534737 -10.162632 -15.514444 -10.594667 -12.561818
46.521667  10.306875 -15.541111  -4.393500   5.345263  24.138421  38.155294  38.260833
47.521667   6.412778  -5.582857 -15.773182 -27.534091 -29.564500 -18.947368 -10.574167
48.521667   4.317222   1.125000  10.079545  20.093182  15.185714   6.939524  46.461667
49.521667  -5.747059 -10.238182 -26.634286 -20.074762 -10.170000  -6.245000   7.128333
50.521667 -16.279524  10.194167  16.559545  12.444545   2.580476  -8.035882 -31.948462
51.521667   1.710000 -23.114545 -24.872857 -19.350952  -4.857619  -2.110500   3.878125
52.521667   2.300000   7.886842  11.264286   6.621429 -15.081875 -28.957333 -33.553333
53.521667  21.023529  -5.901667 -24.366471 -24.212500 -25.928421 -30.630556 -26.579231
54.521667  -3.242778  14.958889  22.890455  21.887273  16.181364   0.641667  -8.648462
55.521667 -10.900000  -6.560000  -9.111818  -8.530000  -4.401818  -5.131579  -3.921538
56.521667   5.210476   2.566818   4.927083   5.455833   0.179545  -3.741500  -3.677500
57.521667   4.816316   5.247143   1.673043  -6.595652  -0.729583  -0.790000  19.077692
58.521667  17.293810   4.963913 -11.307917 -20.805217 -18.843913  -5.435238  24.213846
59.500870  -3.960000  -6.622174  -4.445909   6.680455  13.963810  17.658947  15.558571