    tempo         81         84         87         90         93         96         99
60.521667   6.401176   7.651905  19.130435  26.432727  -4.410588  -8.023333   7.606000
61.521667 -10.896364 -22.678333 -39.792917 -41.919583 -23.836667  -6.594167   7.532667
62.521667   4.833333  17.706667  28.309583  27.000417  18.223636   6.124500 -10.588667
63.521667   4.685000  -6.934091 -20.900000 -31.144286 -15.671429 -23.011111 -10.275000
64.521667  17.489000  16.626957  33.134348  34.620000  13.083500  11.214118  10.118333
65.521667  11.832778 -12.237391 -24.052083 -16.576957   0.529545   3.960625  28.633333
66.521667   7.026000   4.714286  10.945714   7.694286  -3.260000  -8.796471  -4.379231
67.521667  22.794091   2.070455 -37.941304 -41.819545 -25.710000 -29.053750   8.121429
68.521667 -12.888000  10.736522  27.585455  23.678636  14.149545 -13.332353 -18.408571
69.521667   7.383750 -23.417917 -40.885833 -24.178750 -10.867273 -15.460526  -1.870000
70.521667  11.057895  11.832174  15.379167   6.593478  -9.333750 -19.130000 -16.407692
71.521667  12.662917 -10.122083 -21.974783 -11.852083  -4.139130  -3.708947   5.337857
72.521667  -0.667895  -0.696190   5.105238  -5.434500 -15.756842 -22.098125 -23.531250
73.521667   0.585000 -21.053913 -23.507500 -29.002857 -23.516190 -16.695556  -9.211333
74.521667   1.853043  -4.337500  -9.947273 -19.729091 -16.138696 -11.228636 -18.226250
75.521667  -4.673333 -12.757619 -13.672857  -4.240909   3.206316 -13.479375 -21.600000
76.521667  10.900526  -9.940952 -37.174286 -35.788182 -24.678571  -7.243889  16.706429
77.521667 -23.150000 -28.336364 -11.078182   1.763182  -3.015000 -21.505882 -15.210000
78.521667  18.905000   8.556522 -18.878696 -40.403913 -36.214762 -29.882222  -5.158125
79.521667 -20.003636 -11.442727  12.238636  13.385238  -2.618571 -12.611579  -9.696667
80.521667   8.499524 -22.038571 -29.948182 -29.414762 -21.772632  -4.608235  -1.310769
81.521667 -13.098095   5.277500  31.517917  29.289565  17.662381  10.877647  15.244167
82.521667   8.835833 -20.993478 -42.390000 -32.037391 -18.600909  -1.839000  11.601429
83.521667 -18.265789  15.014583  33.397917  30.989130  30.569500  30.993889  34.033571
84.521667  23.162500  -1.301250 -30.305833 -17.603750  -2.560000   7.296316  13.095714
85.521667 -20.235652   8.928261  28.157826  18.793043  -5.325000  -8.955238 -14.078125
86.521667  24.291818  -0.987500 -17.751667  -4.527391  10.348571  17.210476  27.343333
87.521667 -19.893500   2.460000  24.570000  25.294000   9.635789   6.921765  -5.613571
88.521667  17.547619  -5.963478 -27.171739 -23.986190  -4.245714   2.910556   9.364000
89.521667 -21.148095   0.478333  21.257083  21.793913  10.166818  -0.607368  -5.850000
90.500870  20.163684 -13.478000 -36.109545 -17.108182   0.167143  -7.140556   3.259286