     tempo         81         84         87         90         93         96         99
244.521667   6.021905  14.271739  14.569583  11.608333   5.259545   0.420000 -21.505000
245.521667  -5.019500   2.203636   1.764348  -8.511818 -26.011818 -21.453889 -26.316250
246.521667 -26.679000 -26.470435 -17.546957 -31.965652 -41.492609 -45.258182 -39.507857
247.521667 -36.971765 -33.185833 -29.204167 -31.362273 -37.702727 -39.567368 -32.130000
248.521667  -8.103500   1.020000   3.550000  -1.270833  -8.560435 -16.541429 -15.320667
249.521667   4.618571  17.660833  20.045000  23.252609  13.964545   2.117143  -0.242000
250.521667 -10.944444  -1.351364  -2.943478 -12.143478 -17.545000 -20.891053 -29.411667
251.521667 -14.727778 -27.650833 -29.859565 -28.836667 -15.468750 -11.002500   1.048000
252.521667 -35.597273 -14.509130   7.496087   7.953333   1.821250  -1.076667   2.646000
253.521667  -8.188636   3.279583   5.621304  -2.640833  -1.932857  -7.745000 -22.690000
254.521667 -18.856190 -14.090000 -13.040455  -7.772727 -12.700000 -10.891250  -8.660769
255.521667  -5.512857  -3.356667  -9.697273 -18.041818 -23.886190 -21.535000 -15.797692
256.521667 -29.016111 -32.199048 -31.862632 -31.796842 -30.061000 -27.166667 -36.558667
257.521667 -28.654444 -44.005909 -49.860000 -52.519500 -52.718000 -50.288667 -46.631667
258.521667 -38.502222 -29.598421 -18.484000  -6.612105  -6.063810  -4.299444  15.199231
259.521667  -7.373889   3.416500   1.998571   0.555500   5.767778  -1.752222  11.063333
260.521667 -22.947059 -30.575909 -32.621429 -33.210000 -31.370500 -26.344706 -36.879286
261.521667 -46.053000 -42.105000 -46.440455 -44.876957 -41.385909 -32.806000 -19.108000
262.521667 -46.755789 -37.043333 -25.300870 -17.231500 -18.541429 -19.900000 -22.450000
263.521667 -21.500000 -24.968000 -27.377273 -24.210455 -17.773158  -5.800625 -13.833333
264.521667 -23.248421  -9.909048   0.473182   0.969048  -1.335789  -6.518333  -4.672000
265.521667 -14.598421  -1.561905  -4.280476 -17.532381 -12.687368 -11.837222 -19.664615
266.521667 -46.177500 -39.209091 -27.430455 -21.548182 -24.470909 -34.170556 -53.881333
267.521667 -42.490476 -43.550435 -37.365000 -28.028636 -20.260952 -17.027000 -14.778235
268.521667 -55.745500 -37.813750 -16.006364  -6.500476  -5.056818 -14.768421 -17.961250
269.521667 -43.120000 -26.101667 -11.764091  -4.593333  -3.413182  -6.696000 -14.739333
270.521667 -19.893158 -14.763333  -0.821364   0.314286  -4.864500 -11.277000 -20.655385
271.521667  -9.799333  -0.056000  -2.354762  -9.324091 -18.496316 -29.591250 -35.560714
272.521667 -23.208500 -16.810000 -13.409091 -20.973478 -30.084500 -33.241667 -41.856923
273.500870 -11.135556 -16.136667 -24.496087 -30.852727 -34.448000 -39.960000 -45.760000