    tempo         81         84         87         90         93         96         99
60.521667 -16.173684 -18.224500 -16.676500 -11.757500  -4.704286   3.047222   6.181875
61.521667  -6.624706  -2.579474   0.112381  -2.791818  -3.470000   0.075000   0.201538
62.521667  -2.070526 -11.912174 -24.737391 -38.480000 -42.244091 -43.380870 -21.808667
63.521667 -22.655263 -32.273636 -38.945652 -35.862381 -24.843182 -17.173810  -0.071250
64.521667 -35.178000 -28.821000 -18.031500   6.957500  27.098421  32.082353  32.113333
65.521667  -9.964000   1.402308   3.326154  -1.134667  -1.051538 -25.828000 -38.905000
66.521667  -0.059286   0.458571   4.211364  -4.725909  -1.896000  12.811176   6.985000
67.521667 -20.384000 -21.953333 -28.217619 -33.814545 -27.360455  -6.701667  10.391429
68.521667  -8.073750 -12.142381 -11.032727  -8.685909  -8.040000   5.291667  11.980667
69.521667  -0.221000   8.054500  14.947727  16.738636  13.414545  10.807368  -1.307059
70.521667  -9.907368 -10.473333 -11.928261 -22.260000 -22.185455 -21.577778 -11.314167
71.521667 -13.992632 -15.161905 -23.665455 -38.155652 -55.268261 -47.325556 -33.839231
72.521667 -34.220500 -31.926087 -22.731304 -23.986087 -24.600417 -17.972105  -1.849286
73.521667 -16.160000 -14.272273 -17.468182 -22.878571 -23.975000 -17.223158 -20.856429
74.521667 -28.907059 -24.607391 -21.298182 -15.284286 -17.677917 -11.618889  -7.059333
75.521667 -14.585789  -4.027500  -9.966667 -22.712381 -36.023182 -41.749091 -37.957333
76.521667 -17.420000 -23.175238 -27.090000 -21.078182 -16.295000 -16.918421 -11.052143
77.521667 -27.072857 -19.886818 -20.996818 -22.320000 -24.601364 -20.694286 -24.331111
78.521667 -35.485263 -28.293810 -24.270000 -25.950435 -25.912273 -22.546000 -20.602353
79.521667 -42.720500 -39.812381 -32.606190 -26.860952 -20.617143 -15.201000 -14.518750
80.521667 -30.116190 -19.982857 -14.063500  -5.803182   2.193810  10.096000  16.540588
81.521667  -3.730000   0.525000   3.606364   2.051429  -0.213500   0.989412  -0.044667
82.521667 -20.610556  -7.669524  -8.163182 -15.847727 -14.506500 -13.068421  -9.886000
83.521667 -17.106111 -16.610476 -26.474286 -38.308095 -35.269500 -34.785294 -26.918667
84.521667 -37.984286 -29.637917 -26.176087 -19.543182 -22.443636 -17.803636 -12.650526
85.521667 -41.499048 -37.045455 -37.745000 -44.752174 -48.182609 -49.071905 -45.852500
86.521667 -51.940909 -45.832273 -42.290417 -30.816522 -26.262174 -21.324091  -7.403333
87.521667 -35.532174 -27.589565 -26.655417 -28.182083 -19.670000 -21.558095 -29.358667
88.521667 -38.164286 -25.504286 -18.903810 -12.401364  -8.356818  -2.969500  -8.678235
89.521667 -40.880500 -40.194000 -36.107000 -36.698182 -29.725238 -21.820500  -0.455000
90.500870 -47.770500 -44.056190 -37.665714 -35.317143 -39.141905 -39.922105 -38.555625