     tempo         81         84         87         90         93         96         99
305.521667  -2.477273  22.788125  14.936500  -0.709474 -11.260000  -3.642500  33.395000
306.521667  21.872500  12.494545   6.484118   0.659000 -21.225625 -36.219333 -16.334444
307.521667   3.438750  -3.833333  11.921667  17.412632  10.207895  19.825385  73.575000
308.521667  16.524444   5.486667   7.407619  15.157619   2.887059 -12.984000  -1.296250
309.521667  -7.978462 -15.657059 -18.678000  -7.672727   8.986842  17.965000  31.655455
310.521667  18.920000  25.205263  31.260476  12.981111  -8.628421 -17.001875   0.375714
311.521667   5.044286   4.334211   7.362500  21.897368  24.590000  18.567500  26.323333
312.521667   1.650000  30.173500  38.559524  37.232778  30.549375  12.376429  -2.185000
313.521667  -5.816923 -29.510526 -34.113333 -19.930000   7.394211  26.615333  26.328571
314.521667 -16.930833   3.555500  11.760455   8.914762  -4.040526 -21.792857 -39.335455
315.521667  23.825455  13.996250 -11.950526  -0.702778  -0.683571   9.967692  17.049000
316.521667  12.346667   7.590000   3.100909 -13.480526 -21.305294 -19.406429 -28.114000
317.521667 -25.206667   1.418889  21.670000  26.151000  26.520625   4.084000  15.830000
318.521667  22.616250  18.470714  29.021053   8.096316  -7.319412 -26.346000 -20.674000
319.521667  11.021667 -17.339474 -23.688947  -9.154211  -3.018889   0.400667   1.178333
320.521667  11.923333  11.246000  14.316667   6.915000   4.786500  18.042143  25.831667
321.521667  -0.832941   4.799091  -0.190435  -0.412273   4.257619   4.643333   6.224615
322.521667  -3.786667   2.102632  16.917222  32.902778  33.163333  31.513077   9.425833
323.521667   9.112222  15.400000  10.419500  -0.810526   2.770000   9.168750  20.242222
324.521667  12.063636  25.447500  17.160500  10.565000  21.168824  40.481333  32.946250
325.521667   3.322000  -9.642105  -4.979048   8.543810  13.536842  16.665333  -8.646250
326.521667  24.505714  25.142778  20.275455  25.816818  37.109474  45.854286  23.757778
327.521667   2.944545  -9.718333  -5.679000  -1.807000  13.991250  26.451111  28.848750
328.521667  16.797143  31.485882  42.247368  28.691579  14.908421  13.065333  -5.565833
329.521667  28.465714   1.163750 -14.827000  -2.683500   3.109375  29.777692  69.967000
330.521667 -14.588889   9.331000  29.028000  18.475000  -1.267222 -22.251333  -4.490000
331.521667  -6.491000   3.620000  15.398095   7.432778   6.342941   4.774615  -0.378750
332.521667  13.781111  -9.962941  -6.000952  -6.478333   2.256667  11.130000  16.898333
333.521667   2.838333   6.786923  12.045000  -5.945263 -10.053333  -5.246667  -2.292000
334.500870   2.061429  15.275263  17.461500  21.447500  18.763333   1.625714  -8.503333