  213.00     58.31     32.25      3.42    -23.40    -23.32    -11.25      0.36      0.02      0.40      0.06      0.32      0.02      0.28      0.19
  213.04     55.92     40.59     32.05      0.70    -24.50    -21.47    -23.54      0.79      0.23      0.13      0.25      0.03      0.49      0.77
  213.08     11.01     18.07     28.09      2.86    -24.54    -27.80    -25.76      1.35      0.47      0.02      0.02      0.00      0.14      0.30
  213.13     36.70     31.49      8.59    -20.55    -40.09    -37.46    -48.72      0.18      0.24      0.09      0.23      0.31      0.09      0.12
  213.17     49.78      9.86    -19.79    -59.77    -64.74    -59.95    -54.95      0.04      0.43      0.15      0.21      0.14      0.12      0.83
  213.21     31.00    -12.32    -54.20    -62.59    -47.24    -34.87    -39.22      0.47      0.19      0.25      0.36      0.03      0.52      0.07
  213.25     10.73    -63.84    -72.19    -53.32    -40.45    -41.75    -57.29      0.04      0.11      0.13      0.02      0.00      0.16      0.50
  213.29    -24.26    -72.97    -80.50    -56.06    -44.22    -58.95    -78.23      0.04      0.05      0.01      0.07      0.37      0.27      0.41
  213.33    -18.79    -51.88    -51.93    -28.69     -7.28    -20.98    -28.80      0.19      0.23      0.16      0.19      0.16      0.37      0.22
  213.38     38.68    -36.07    -22.90     15.55     19.26      9.23      9.13      0.23      0.24      0.18      0.12      0.19      0.07      0.57
  213.42    -11.64    -30.11     -3.59     20.10     20.00     17.28     25.59      0.64      0.24      1.15      0.46      0.35      0.02      0.50
  213.46    -11.94    -22.28     17.51     18.59     16.91      1.21      0.47      0.28      0.38      0.11      0.40      0.15      0.11      1.33
  213.50    -12.89    -28.24     -9.98      7.68      7.61    -10.98       NaN      0.25      0.52      0.52      0.74      0.82      0.42       NaN
  213.54    -18.93    -26.63    -18.31     -8.79    -11.13    -13.23    -19.40      0.13      0.07      0.18      0.51      0.07      0.64      2.40
  213.58      8.75    -12.74     -2.44      7.93     23.20       NaN       NaN      1.42      0.39      0.59      0.27      0.48       NaN      0.00
  213.63    -20.51    -23.07     48.94      7.93      0.97       NaN       NaN      2.18      0.45      0.29      0.36      1.67       NaN       NaN
  213.67    -46.07    -43.03    -20.88      4.83     32.73       NaN       NaN      0.84      0.05      0.36      0.73      0.90       NaN       NaN
  213.71    -62.97    -54.78      1.09     56.44       NaN       NaN       NaN      0.68      1.62      0.15      1.44       NaN      0.00       NaN
  213.75       NaN    -37.60       NaN       NaN       NaN       NaN       NaN       NaN      1.45       NaN       NaN       NaN      0.00      0.00
  213.79    -20.39       NaN     49.92      7.19       NaN       NaN       NaN      2.01       NaN      1.21      2.08       NaN       NaN       NaN
  213.83    -11.62     10.25     19.70     -4.28       NaN       NaN       NaN      0.63      0.02      0.71      0.07       NaN       NaN       NaN
  213.88       NaN     26.30     15.96      2.35    -49.81       NaN       NaN       NaN      0.71      1.53      1.18      0.16       NaN       NaN
  213.92    -21.10     10.94      8.62    -43.29    -52.59    -43.48       NaN      0.49      0.76      0.58      0.26      0.06      1.26       NaN
  213.96      6.36      5.78    -18.81    -33.92    -35.25    -29.02    -24.66      0.60      0.32      0.32      0.18      0.19      0.11      0.60
  214.00    -21.16     -0.34     15.34     -5.06    -13.58    -24.54    -23.05      0.17      0.13      0.02      0.30      0.34      0.24      1.24
  214.04    -16.33     22.62     30.88     20.74     -1.19    -11.28    -13.01      1.11      0.99      0.08      0.19      0.37      0.28      0.26
  214.08      3.38     27.16     46.71     20.00      0.41     -8.64     -6.94      0.19      0.24      0.02      0.10      0.06      0.21      0.15
  214.13     13.91     17.43     26.23     17.98      1.59    -10.98    -23.73      0.20      0.88      0.41      0.12      0.36      0.22      0.51
  214.17       NaN     31.26     22.66     -9.78    -27.73    -36.56    -26.64       NaN      0.62      0.31      0.48      0.70      0.57      1.60
  214.21     -5.19      3.39     -8.18    -41.39    -54.95    -49.14    -58.07      0.19      0.72      0.52      0.19      0.68      0.67      1.27
  214.25     10.55    -23.18    -34.95    -36.37    -41.55    -49.27    -70.07      0.86      0.33      0.03      0.19      0.17      0.16      0.18
  214.29      6.79    -23.97    -39.61    -42.37    -34.68    -35.74    -31.27      0.91      0.19      0.26      0.05      0.00      0.49      0.36
  214.33      6.80    -15.77    -31.80    -23.69    -10.71      3.99     31.61      0.24      0.21      0.24      0.35      0.26      0.63      0.11
  214.38     -0.82    -17.28    -30.47    -15.93     10.08     28.84     29.09      0.28      0.05      0.22      0.09      0.43      0.79      0.22
  214.42    -21.85    -21.42     -9.46     14.32     30.10     21.81      7.91      0.71      0.02      0.03      0.25      0.19      0.71      0.51
  214.46      1.64      0.33     -5.52     29.07     49.56     50.00    -19.18      0.48      0.89      0.04      0.19      0.10      0.14      0.50
  214.50      6.51     -7.97      7.75     20.20     40.58    -25.07    -84.45      1.02      0.88      0.74      0.87      0.81      0.14      0.69
  214.54     41.91     24.21     14.10     32.92     40.92    -23.28       NaN      0.30      0.36      1.02      1.46      0.71      0.43       NaN
  214.58     13.28     12.63     -2.45     -4.71    -17.31   -117.94       NaN      0.24      0.41      0.56      0.52      0.56      1.44       NaN
  214.63     -4.67     -1.36    -43.09    -11.02     -7.22       NaN       NaN      0.21      0.02      0.37      0.25      0.58       NaN       NaN
  214.67     22.53     -8.68    -51.00    -24.56       NaN       NaN       NaN      0.07      0.60      0.38      0.37       NaN       NaN       NaN
  214.71       NaN    -19.88    -47.27       NaN       NaN       NaN       NaN       NaN      2.02      5.41       NaN       NaN       NaN      0.00
  214.75       NaN       NaN    -22.69       NaN       NaN       NaN       NaN       NaN       NaN      0.05       NaN       NaN       NaN       NaN
  214.79       NaN    -26.22    -37.04       NaN       NaN       NaN       NaN       NaN      0.56      1.32       NaN       NaN       NaN      0.00
  214.83       NaN       NaN       NaN       NaN       NaN       NaN       NaN       NaN       NaN       NaN       NaN       NaN       NaN      0.00
  214.88       NaN       NaN       NaN       NaN       NaN       NaN       NaN       NaN       NaN       NaN       NaN       NaN       NaN       NaN
  214.92    -21.50     -5.27    -22.34    -45.51    -48.26    -27.75       NaN      2.03      2.74      2.92      1.64      1.33      0.34       NaN
  214.96     -7.42    -24.15    -33.21    -40.22    -46.51    -46.08    -28.48      0.99      0.10      0.76      0.20      0.23      0.33      0.52
  215.00    -24.38    -12.74    -18.35    -28.16    -44.12    -45.44    -42.16      0.44      0.50      0.16      0.34      0.31      0.14      1.94
  215.04    -17.48    -23.60    -25.31    -36.13    -44.32    -37.00    -17.02      0.28      0.49      0.88      0.55      0.18      0.29      0.19
  215.08    -15.23    -19.14    -34.17    -32.50    -34.11    -35.09    -15.69      1.46      0.18      0.47      0.31      0.10      0.57      0.79
  215.13       NaN       NaN       NaN       NaN       NaN       NaN       NaN      0.00      0.00      0.00      0.00      0.00      0.00      0.00
  215.17       NaN       NaN       NaN       NaN       NaN       NaN       NaN      0.00      0.00      0.00      0.00      0.00      0.00      0.00
  215.21       NaN       NaN       NaN       NaN       NaN       NaN       NaN      0.00      0.00      0.00      0.00      0.00      0.00      0.00
  215.25       NaN       NaN       NaN       NaN       NaN       NaN       NaN      0.00      0.00      0.00      0.00      0.00      0.00      0.00
  215.29       NaN       NaN       NaN       NaN       NaN       NaN       NaN      0.00      0.00      0.00      0.00      0.00      0.00      0.00
  215.33       NaN       NaN       NaN       NaN       NaN       NaN       NaN      0.00      0.00      0.00      0.00      0.00      0.00      0.00
  215.38       NaN       NaN       NaN       NaN       NaN       NaN       NaN      0.00      0.00      0.00      0.00      0.00      0.00      0.00
  215.42       NaN       NaN       NaN       NaN       NaN       NaN       NaN      0.00      0.00      0.00      0.00      0.00      0.00      0.00
  215.46       NaN       NaN       NaN       NaN       NaN       NaN       NaN      0.00      0.00      0.00      0.00      0.00      0.00      0.00
  215.50       NaN       NaN       NaN       NaN       NaN       NaN       NaN      0.00      0.00      0.00      0.00      0.00      0.00      0.00
  215.54       NaN       NaN       NaN       NaN       NaN       NaN       NaN      0.00      0.00      0.00      0.00      0.00      0.00      0.00
  215.58       NaN       NaN       NaN       NaN       NaN       NaN       NaN      0.00      0.00      0.00      0.00      0.00      0.00      0.00
  215.63       NaN       NaN       NaN       NaN       NaN       NaN       NaN      0.00      0.00      0.00      0.00      0.00      0.00      0.00
  215.67       NaN       NaN       NaN       NaN       NaN       NaN       NaN      0.00      0.00      0.00      0.00      0.00      0.00      0.00
  215.71       NaN       NaN       NaN       NaN       NaN       NaN       NaN      0.00      0.00      0.00      0.00      0.00      0.00      0.00
  215.75       NaN       NaN       NaN       NaN       NaN       NaN       NaN      0.00      0.00      0.00      0.00      0.00      0.00      0.00
  215.79       NaN       NaN       NaN       NaN       NaN       NaN       NaN      0.00      0.00      0.00      0.00      0.00      0.00      0.00
  215.83       NaN       NaN       NaN       NaN       NaN       NaN       NaN      0.00      0.00      0.00      0.00      0.00      0.00      0.00
  215.88       NaN       NaN       NaN       NaN       NaN       NaN       NaN      0.00      0.00      0.00      0.00      0.00      0.00      0.00
  215.92       NaN       NaN       NaN       NaN       NaN       NaN       NaN      0.00      0.00      0.00      0.00      0.00      0.00      0.00
  215.96       NaN       NaN       NaN       NaN       NaN       NaN       NaN      0.00      0.00      0.00      0.00      0.00      0.00      0.00
  217.00     -6.87     -8.34     -3.71     -8.98    -37.31    -47.66    -57.12      1.18      0.52      0.41      0.50      0.45      1.43      0.86
  217.04      1.57     19.97    -10.89    -13.61    -24.20    -49.82    -43.71      0.19      0.29      0.13      0.15      0.09      0.26      0.07
  217.08    -16.72      7.17     16.98     -9.36    -31.53    -41.69    -48.87      1.67      0.89      0.60      0.33      0.52      0.08      0.26
  217.13    -26.05      1.22     -4.63    -40.63    -36.61    -41.45    -47.50      1.36      0.42      0.26      0.18      0.39      0.11      0.32
  217.17    -31.75     -0.50    -18.42    -55.79    -58.40    -51.70    -27.30      0.90      0.81      0.32      0.23      0.69      0.89      0.68
  217.21     -9.23    -27.49    -51.58    -58.69    -54.73    -53.36    -25.73      1.45      0.40      0.27      0.60      0.15      0.64      0.50
  217.25    -22.67    -33.47    -51.36    -48.99    -53.90    -55.02    -57.83      0.41      0.28      0.22      0.01      0.19      0.19      0.49
  217.29      3.35    -25.28    -35.73    -31.06    -26.06    -16.72     -8.49      0.30      0.09      0.11      0.37      0.15      0.03      1.09
  217.33     -0.40     -9.05    -13.84     -9.73      9.12     28.50     36.19      0.57      0.87      0.37      0.34      0.22      0.45      0.30
  217.38     13.94     15.49     11.31      2.35     13.13     19.13      6.80      0.81      0.11      0.00      0.35      0.10      0.04      1.61
  217.42     25.82     25.53     20.43      9.00     11.56     32.59     37.63      0.35      0.22      0.02      0.27      0.03      0.57      1.09
  217.46     -2.76     30.93     11.89     15.78     30.62     34.78    -21.24      0.03      1.21      0.71      0.14      0.13      0.19      1.99
  217.50     14.63     22.93      1.55    -14.68    -10.31    -34.17    -76.91      1.81      2.28      0.50      0.47      0.75      1.26      0.38
  217.54       NaN    -13.75    -23.74    -34.87    -40.64    -52.06       NaN       NaN      2.94      1.42      0.76      0.36      0.04       NaN
  217.58    -55.82    -14.84    -28.16    -50.63    -47.68       NaN       NaN      0.19      2.08      0.43      2.24      0.73       NaN      0.00
  217.63     -9.27    -19.17    -41.17    -64.82    -43.62       NaN       NaN      0.01      1.77      0.75      0.26      0.66       NaN       NaN
  217.67    -29.68    -24.03    -39.93    -62.76    -35.03       NaN       NaN      0.76      0.12      0.63      3.74      0.78       NaN       NaN
  217.71       NaN       NaN    -46.41    -60.61       NaN       NaN       NaN       NaN       NaN      0.30      1.33       NaN      0.00      0.00
  217.75    -46.07    -15.14    -46.12    -52.09       NaN       NaN       NaN      4.99      1.79      0.16      0.67       NaN       NaN       NaN
  217.79       NaN       NaN       NaN    -22.02    -13.20       NaN       NaN       NaN       NaN       NaN      0.34      0.49       NaN      0.00
  217.83       NaN       NaN       NaN    -27.70       NaN       NaN       NaN       NaN       NaN       NaN      0.81       NaN       NaN       NaN
  217.88       NaN      2.89    -59.54    -46.27     -7.69       NaN       NaN       NaN      0.31      1.52      0.91      5.18       NaN      0.00
  217.92     -9.99    -32.54    -24.75     28.54     50.98       NaN       NaN      1.16      0.90      1.42      0.93      1.20       NaN       NaN
  217.96    -12.81    -18.31    -22.52     24.74     19.87     29.24     25.92      1.27      0.90      0.83      0.27      0.54      1.22      3.31
  218.00     -6.08    -33.83    -16.22     12.28     34.28     30.46      8.53      1.82      0.45      0.07      0.40      0.36      0.30      0.61
  218.04    -29.20    -22.20    -10.06      7.72     18.66     24.28     12.18      2.01      2.90      0.10      2.02      0.23      0.92      0.69
  218.08       NaN     -3.19    -14.82    -19.89     -2.87     -0.73    -21.10       NaN      0.83      0.33      0.51      0.07      0.10      0.43
  218.13       NaN    -17.96    -24.89    -26.42    -29.63    -29.28    -35.30       NaN      0.41      2.39      0.17      0.30      1.22      1.16
  218.17       NaN    -17.80    -28.06    -59.58    -52.92    -52.37    -48.36       NaN      1.02      2.44      1.94      1.16      0.10      0.52
  218.21    -27.24    -23.67    -30.83    -63.87    -59.68    -47.72    -25.85      0.13      0.23      0.39      0.11      0.36      0.85      1.34
  218.25     -5.20     -5.45    -25.93    -40.90    -60.23    -47.98    -20.90      0.09      0.60      0.06      0.18      1.06      0.48      0.33
  218.29      8.12     -7.50    -39.85    -47.23    -39.95    -23.69     19.15      0.54      1.07      0.73      0.33      0.23      0.01      1.21
  218.33     10.09    -12.72    -45.20    -52.90    -46.92    -13.12    -35.96      0.59      0.68      0.97      0.33      0.14      0.28      0.03
  218.38      5.94    -11.75    -35.70    -48.17    -46.96     39.48      8.69      0.00      0.48      0.46      0.40      0.05      0.07      1.98
  218.42     -9.26    -25.85    -32.93    -30.34    -27.36      0.96       NaN      0.98      0.76      1.30      0.92      0.40      1.58       NaN
  218.46       NaN       NaN       NaN       NaN       NaN       NaN       NaN      0.00      0.00      0.00      0.00      0.00      0.00      0.00
  218.50       NaN       NaN       NaN       NaN       NaN       NaN       NaN      0.00      0.00      0.00      0.00      0.00      0.00      0.00
  218.54       NaN       NaN       NaN       NaN       NaN       NaN       NaN      0.00      0.00      0.00      0.00      0.00      0.00      0.00
  218.58       NaN       NaN       NaN       NaN       NaN       NaN       NaN      0.00      0.00      0.00      0.00      0.00      0.00      0.00
  218.63       NaN       NaN       NaN       NaN       NaN       NaN       NaN      0.00      0.00      0.00      0.00      0.00      0.00      0.00
  218.67       NaN       NaN       NaN       NaN       NaN       NaN       NaN      0.00      0.00      0.00      0.00      0.00      0.00      0.00
  218.71       NaN       NaN       NaN       NaN       NaN       NaN       NaN      0.00      0.00      0.00      0.00      0.00      0.00      0.00
  218.75       NaN       NaN       NaN       NaN       NaN       NaN       NaN      0.00      0.00      0.00      0.00      0.00      0.00      0.00
  218.79       NaN       NaN       NaN       NaN       NaN       NaN       NaN      0.00      0.00      0.00      0.00      0.00      0.00      0.00
  218.83       NaN       NaN       NaN       NaN       NaN       NaN       NaN      0.00      0.00      0.00      0.00      0.00      0.00      0.00
  218.88       NaN       NaN       NaN       NaN       NaN       NaN       NaN      0.00      0.00      0.00      0.00      0.00      0.00      0.00
  218.92       NaN       NaN       NaN       NaN       NaN       NaN       NaN      0.00      0.00      0.00      0.00      0.00      0.00      0.00
  218.96       NaN       NaN       NaN       NaN       NaN       NaN       NaN      0.00      0.00      0.00      0.00      0.00      0.00      0.00
  219.00      5.34      6.76     -8.62    -15.97    -37.54    -44.42    -49.32      1.31      1.16      0.12      0.30      0.07      0.03      0.08
  219.04      4.10     19.37     17.95    -11.34    -37.71    -49.19    -45.34      0.43      0.08      0.43      0.32      0.38      0.75      0.33
  219.08    254.10     13.32     10.83    -17.09    -35.21    -53.73    -69.39     14.55      0.22      0.40      0.42      0.16      0.40      1.11
  219.13     17.86     33.51     -5.25    -33.32    -67.16    -84.06    -71.51      1.07      0.25      1.02      0.64      0.57      0.59      0.47
  219.17      1.54      3.35    -43.23    -71.06    -89.40    -96.67    -77.30      0.13      0.01      0.17      0.18      0.53      0.16      0.05
  219.21     19.04    -29.66    -46.87    -62.03    -90.97   -104.26    -59.61      0.30      1.27      0.74      0.60      0.25      0.21      0.45
  219.25     15.74     -9.83    -56.43    -75.18    -96.50    -90.31    -71.08      0.12      0.22      0.30      0.16      0.14      0.39      0.43
  219.29     25.29    -26.65    -54.21    -81.38    -86.82    -52.51      3.76      0.63      0.28      0.30      0.10      0.09      0.00      2.37
  219.33    -12.72    -44.20    -53.80    -60.93    -53.78    -69.43      4.34      0.86      0.53      0.40      0.21      1.00      1.35      0.68
  219.38       NaN    -22.69    -54.92    -49.54    -51.47    -11.39     52.09       NaN      1.59      0.15      0.25      0.70      0.12      0.66
  219.42     -6.32    -30.23    -48.97    -54.96    -41.72     -2.25      8.98      0.42      0.14      0.08      0.48      0.51      0.47      0.77
  219.46    -31.76    -32.23    -44.57    -52.80    -30.55     35.19     15.63      0.59      0.27      0.79      0.33      0.25      0.35      0.68
  219.50     -5.30    -39.53    -35.15    -31.03    -28.15     -3.65       NaN      0.54      0.45      0.32      0.06      1.54      0.41       NaN
  219.54     17.60    -51.97    -50.50    -48.13     12.93     73.45       NaN      1.39      0.04      0.19      0.68      1.77      0.86       NaN
  219.58      8.56    -29.90    -49.74     46.32     57.64       NaN       NaN      2.31      0.29      0.01      0.68      0.43       NaN      0.00
  219.63    -37.28    -80.59    -34.53     43.12     39.88       NaN       NaN      0.38      0.37      0.01      0.60      0.29       NaN      0.00
  219.67       NaN    -43.73     -1.52     38.48     57.22       NaN       NaN       NaN      0.42      0.31      0.23      0.35       NaN       NaN
  219.71    -25.79    -44.33     18.75     16.77       NaN       NaN       NaN      1.67      0.70      0.08      0.18       NaN       NaN       NaN
  219.75     -0.36      6.56    -20.72    -11.37       NaN       NaN       NaN      3.05      0.91      0.11      0.45       NaN       NaN       NaN
  219.79     28.34     24.10    -18.97     -1.96       NaN       NaN       NaN      0.74      0.58      0.70      0.49       NaN       NaN       NaN
  219.83       NaN       NaN      4.98       NaN       NaN     19.90       NaN       NaN       NaN      0.29       NaN       NaN      0.85       NaN
  219.88       NaN       NaN     26.38     25.73     14.71       NaN       NaN       NaN       NaN      1.02      0.49      1.04       NaN      0.00
  219.92    -40.10      3.75     17.79     19.24     22.24     39.83     27.14      0.57      0.67      0.08      0.42      0.28      0.27      1.57
  219.96    -17.14      0.16     27.23     29.21     35.12     38.06     51.57      0.68      0.35      0.33      1.11      0.70      0.30      0.88
  220.00     -5.80    -17.91     25.95     35.29     40.40     38.80     46.21      0.75      0.15      0.48      0.18      0.43      0.19      1.10
  220.04    -15.58      6.58     33.22     38.15     40.16     46.87     39.91      0.08      0.74      0.20      0.10      0.03      0.56      0.61
  220.08      9.64     16.41     16.32     32.92     39.81     29.82     29.57      0.86      0.83      0.45      0.26      0.37      0.17      0.17
  220.13       NaN     -4.31     37.01     46.37     35.53      8.02     18.43       NaN      0.07      0.60      0.22      0.05      0.62      0.13
  220.17     23.39     27.78     32.90     19.39    -30.90    -54.46    -67.22      0.30      1.38      0.16      0.95      0.40      0.26      0.10
  220.21     21.09     16.65     26.42     -0.89    -36.07    -46.60    -54.31      0.60      0.05      0.39      0.46      0.03      0.29      0.94
  220.25     29.91     13.47      0.91     -9.59    -34.94    -50.64    -63.16      0.27      0.25      0.44      0.33      0.09      0.04      0.09
  220.29     32.17     10.67     -3.29    -25.64    -45.97    -36.25    -11.28      0.63      0.00      0.13      0.14      0.07      0.25      0.21
  220.33     21.99      6.39    -14.95    -41.98    -52.44    -36.53    -25.99      0.15      0.35      0.41      0.08      0.41      0.25      0.34
  220.38     35.03      2.85    -28.41    -52.20    -53.92    -33.05    -26.12      0.12      0.29      0.27      0.06      0.16      0.44      0.92
  220.42       NaN       NaN       NaN       NaN       NaN       NaN       NaN      0.00      0.00      0.00      0.00      0.00      0.00      0.00
  220.46       NaN       NaN       NaN       NaN       NaN       NaN       NaN      0.00      0.00      0.00      0.00      0.00      0.00      0.00
  220.50       NaN       NaN       NaN       NaN       NaN       NaN       NaN      0.00      0.00      0.00      0.00      0.00      0.00      0.00
  220.54       NaN       NaN       NaN       NaN       NaN       NaN       NaN      0.00      0.00      0.00      0.00      0.00      0.00      0.00
  220.58       NaN       NaN       NaN       NaN       NaN       NaN       NaN      0.00      0.00      0.00      0.00      0.00      0.00      0.00
  220.63       NaN       NaN       NaN       NaN       NaN       NaN       NaN      0.00      0.00      0.00      0.00      0.00      0.00      0.00
  220.67       NaN       NaN       NaN       NaN       NaN       NaN       NaN      0.00      0.00      0.00      0.00      0.00      0.00      0.00
  220.71       NaN       NaN       NaN       NaN       NaN       NaN       NaN      0.00      0.00      0.00      0.00      0.00      0.00      0.00
  220.75       NaN       NaN       NaN       NaN       NaN       NaN       NaN      0.00      0.00      0.00      0.00      0.00      0.00      0.00
  220.79       NaN       NaN       NaN       NaN       NaN       NaN       NaN      0.00      0.00      0.00      0.00      0.00      0.00      0.00
  220.83       NaN       NaN       NaN       NaN       NaN       NaN       NaN      0.00      0.00      0.00      0.00      0.00      0.00      0.00
  220.88       NaN       NaN       NaN       NaN       NaN       NaN       NaN      0.00      0.00      0.00      0.00      0.00      0.00      0.00
  220.92       NaN       NaN       NaN       NaN       NaN       NaN       NaN      0.00      0.00      0.00      0.00      0.00      0.00      0.00
  220.96       NaN       NaN       NaN       NaN       NaN       NaN       NaN      0.00      0.00      0.00      0.00      0.00      0.00      0.00
  223.00       NaN     73.81     63.57     38.59    -29.39    -75.43    -45.29       NaN      1.33      0.85      0.67      1.64      0.98      3.27
  223.04     66.06     73.20     80.79     38.61     -5.17    -30.63    -41.54      0.54      0.26      0.55      0.13      0.60      0.60      1.04
  223.08       NaN     71.65     73.40     53.48    -18.76     -3.86     28.61       NaN      1.33      0.97      0.10      0.63      0.63      0.73
  223.13     63.57     74.73     53.45      9.42    -12.80    -41.15    -49.10      0.11      0.40      0.31      0.12      0.44      0.09      0.87
  223.17     51.92     71.32    -18.03    -67.49    -82.64    -73.54    -96.93      0.40      0.95      0.01      0.05      0.60      0.14      1.09
  223.21     48.10     -4.46    -65.60   -110.19   -110.82   -111.51    -82.07      0.01      0.29      0.28      0.18      0.02      0.11      0.31
  223.25     55.53      8.21    -61.83   -108.60   -106.10    -94.56    -56.03      0.19      0.08      0.32      0.08      0.57      0.18      0.43
  223.29     30.24    -23.47    -89.72    -99.36    -86.64    -66.78    -50.40      0.61      0.04      0.26      0.29      0.32      0.26      0.10
  223.33     18.70    -53.00    -92.42    -84.48    -62.47      1.71     41.11      1.64      0.61      0.15      0.13      0.40      1.15      1.21
  223.38      7.47    -43.09    -79.24    -79.90    -55.78      7.49     78.42      0.71      0.01      0.63      0.22      0.46      0.63      0.16
  223.42      1.96    -34.82    -66.77    -69.23    -28.60     40.11     80.39      0.56      0.06      0.10      0.06      0.27      0.14      0.03
  223.46     20.54      1.16    -69.37    -49.24    -17.52     41.04     69.32      0.73      0.11      0.09      0.08      1.40      1.15      0.27
  223.50     24.19     -8.65    -38.34    -42.90     -5.98     58.49     96.08      0.45      0.11      0.54      0.08      0.30      0.19      0.44
  223.54     37.79     -2.33    -28.29    -34.57     30.21     29.67       NaN      0.69      0.31      1.16      0.10      0.34      0.74       NaN
  223.58     20.96     -7.51    -33.79    -22.57     17.14     19.51       NaN      0.58      1.58      0.27      0.31      0.90      2.54       NaN
  223.63      3.28      7.54    -25.55     17.38     81.00       NaN       NaN      1.53      0.20      1.04      0.11      0.30       NaN      0.00
  223.67     -4.94      0.03    -12.26    -25.70     37.78       NaN       NaN      0.39      0.50      0.92      1.37      5.25       NaN      0.00
  223.71     -1.94    -22.69    -26.05     29.58       NaN       NaN       NaN      0.04      1.34      0.15      1.76       NaN       NaN      0.00
  223.75     -4.02    -25.35    -16.60     42.25       NaN       NaN       NaN      0.73      0.07      0.72      0.24       NaN      0.00      0.00
  223.79       NaN       NaN       NaN       NaN       NaN       NaN       NaN       NaN       NaN       NaN       NaN      0.00       NaN      0.00
  223.83       NaN       NaN       NaN       NaN       NaN       NaN       NaN       NaN       NaN       NaN       NaN       NaN       NaN       NaN
  223.88       NaN      8.47     31.43       NaN       NaN       NaN       NaN       NaN      0.95      0.07       NaN       NaN       NaN       NaN
  223.92     21.05    -21.49      1.04     25.90     12.04     10.49       NaN      0.28      1.47      0.65      1.30      0.04      0.05       NaN
  223.96      6.14    -30.69    -12.42     18.40     21.75     13.12     36.12      0.20      0.71      0.41      0.50      0.46      0.25      0.49
  224.00     -8.75    -25.89     -1.73     14.74     28.38     29.92     32.61      0.19      0.52      0.48      0.23      0.72      0.11      1.22
  224.04    -10.27    -45.48    -33.11     27.32     43.90     34.05     30.95      0.31      0.37      0.43      0.02      0.17      0.11      0.08
  224.08     -9.28    -18.70    -26.59      4.07     36.93     31.40     18.47      0.45      0.85      0.20      0.06      0.24      0.06      0.07
  224.13      1.35    -20.37      4.81     10.25     24.14     31.53     22.42      0.18      0.66      0.30      0.61      0.11      0.23      0.81
  224.17    -10.34    -15.29    -21.72     13.15     28.50     20.08     11.95      0.42      0.21      0.07      0.43      0.43      0.22      0.51
  224.21     -9.90     -6.98     10.05     34.78     27.11     14.55    -17.55      0.33      0.39      0.08      0.13      0.08      0.17      0.12
  224.25      8.84    -10.97     -9.89      6.48     10.99     -7.37     -4.83      0.71      0.33      0.32      0.13      0.22      0.48      0.09
  224.29    -27.78     -9.69      2.21      8.41     12.97    -11.03    -57.29      0.20      0.71      0.64      0.18      0.20      0.50      0.63
  224.33    -19.70    -22.33     -5.07      9.61      8.00     -5.26    -37.20      0.75      0.71      0.24      0.16      0.18      0.25      0.26
  224.38      7.80      8.18     -2.18     25.01     23.07     -0.67    -42.98      0.80      0.54      0.18      0.16      0.15      0.04      0.72
  224.42     26.96     10.77     10.35     23.02     25.51    -10.35     -7.93      0.18      0.47      0.09      0.27      0.12      0.75      0.45
  224.46      2.68      0.94      6.15     13.61     24.75      5.03    -18.45      0.17      0.38      0.96      0.45      0.41      0.42      0.19
  224.50      9.30      0.39      1.12     22.52      1.68    -37.34     -4.00      0.11      0.54      0.12      0.33      0.53      1.28      2.19
  224.54      5.00     17.24     27.50     17.69     -4.59    -17.32       NaN      0.99      0.59      1.33      0.13      0.13      1.45       NaN
  224.58     -0.67     -3.63     18.32     11.39    -29.24    -78.35       NaN      0.52      0.38      0.34      0.18      1.00      1.29       NaN
  224.63      8.11     24.22     20.42     -5.78    -29.46       NaN       NaN      0.35      0.48      0.15      1.02      0.95       NaN       NaN
  224.67      9.95      0.65      7.98      5.48       NaN       NaN       NaN      0.25      0.56      0.14      1.26       NaN       NaN      0.00
  224.71     -2.67       NaN     41.98     15.72       NaN       NaN       NaN      0.70       NaN      0.38      0.52       NaN       NaN       NaN
  224.75       NaN       NaN       NaN    -17.92       NaN       NaN       NaN       NaN       NaN       NaN      0.35       NaN       NaN      0.00
  224.79     -2.61     25.38    -17.57    -54.96    -48.92       NaN       NaN      0.01      0.04      0.38      5.36      0.42       NaN       NaN
  224.83     15.39     30.16       NaN    -77.79    -90.84       NaN       NaN      1.51      0.93       NaN      1.51      0.28       NaN       NaN
  224.88       NaN     52.78       NaN       NaN       NaN       NaN       NaN       NaN      0.16       NaN       NaN       NaN       NaN      0.00
  224.92       NaN       NaN       NaN    -59.08       NaN       NaN       NaN       NaN       NaN       NaN      0.11       NaN       NaN       NaN
  224.96       NaN     81.76    -22.19    -58.25    -67.73    -87.90       NaN       NaN      0.91      1.72      2.90      1.15      1.30       NaN
  225.00       NaN     43.30     -1.24    -24.87    -70.68    -63.86    -79.41       NaN      0.60      0.20      0.64      0.67      0.67      0.39
  225.04     20.47     31.98     13.88    -31.51    -57.00    -57.69    -62.50      0.75      0.59      0.06      0.75      0.06      0.37      0.18
  225.08       NaN    -32.20      6.13    -32.00    -31.72    -52.63    -67.18       NaN      1.89      0.00      0.28      0.04      1.62      0.61
  225.13       NaN     37.06     -2.94     -7.32    -48.99    -81.46    -60.51       NaN      0.21      0.13      0.27      0.24      0.16      0.19
  225.17     -2.10     21.61      6.30    -63.74   -102.79   -101.09    -46.19      3.50      0.12      0.39      0.10      0.79      1.05      0.55
  225.21     39.14     -2.51    -19.61    -52.90    -88.05    -93.05    -84.66      0.68      0.74      0.05      0.58      0.22      0.27      0.91
  225.25     26.50     11.00    -32.37    -62.83    -80.72    -81.02    -57.97      0.15      0.41      0.07      0.50      0.64      0.23      1.55
  225.29     29.21     13.75    -19.96    -67.33    -89.24    -81.34    -22.06      1.26      0.18      0.17      0.18      0.06      0.49      1.73
  225.33     16.87     15.97    -31.74    -80.06    -91.96    -72.96    -23.45      0.26      0.21      0.17      0.05      0.11      0.13      0.76
  225.38     34.75      2.50    -40.81    -77.13    -42.87     24.73     69.76      0.42      0.30      0.01      0.09      0.08      0.22      0.10
  225.42     27.95     -4.71    -38.94    -54.97    -23.92     14.66     16.25      0.93      0.15      0.21      0.01      0.14      0.36      0.62
  225.46     26.83     -2.45    -23.54    -54.07     -7.57     14.34      6.40      0.36      0.55      0.18      0.41      0.60      0.58      2.30
  225.50       NaN    -23.72    -61.57    -64.08     62.76     30.62     33.52       NaN      0.76      1.49      0.01      1.77      1.99      2.52
  225.54       NaN    -37.02    -33.33    -48.62     78.80    113.18       NaN       NaN      0.58      0.09      2.09      0.06      0.39       NaN
  225.58    -32.09    -50.00    -33.76     16.18     19.91       NaN       NaN      2.33      0.40      1.54      0.60      0.21       NaN       NaN
  225.63    -53.12     -5.65    -39.39     17.09     48.76       NaN       NaN      0.66      0.41      0.93      1.11      0.34       NaN       NaN
  225.67    -17.67    -16.52    -36.45      8.15     48.37       NaN       NaN      1.22      0.96      1.03      0.98      3.61       NaN      0.00
  225.71       NaN    -32.05      6.01      9.39     68.35       NaN       NaN       NaN      1.43      1.04      0.39      0.69       NaN      0.00
  225.75       NaN       NaN       NaN       NaN       NaN       NaN       NaN       NaN       NaN       NaN       NaN       NaN       NaN      0.00
  225.79    -13.37       NaN       NaN       NaN       NaN       NaN       NaN      1.40       NaN       NaN       NaN       NaN       NaN       NaN
  225.83       NaN       NaN    -33.05       NaN     43.88       NaN       NaN       NaN       NaN      0.32       NaN      2.37       NaN       NaN
  225.88       NaN    -19.19      6.67     22.03       NaN       NaN       NaN       NaN      0.71      1.13      1.82       NaN       NaN       NaN
  225.92      7.91     -7.36    -21.48     58.11     61.71       NaN       NaN      1.54      2.73      3.75      0.15      0.78       NaN       NaN
  225.96      1.27     13.62     -0.98     18.66     35.86    -10.97    -48.04      0.73      0.21      0.63      0.66      0.77      1.99      0.93
  226.00     21.71     16.00      9.42     15.29     33.95     25.22       NaN      0.34      0.48      0.09      0.11      0.39      0.05       NaN
  226.04       NaN     20.99    -13.44      5.48     30.89    -20.38    -34.33       NaN      0.48      0.13      0.27      0.48      0.53      0.22
  226.08       NaN       NaN    -14.58     19.26     20.07      6.95    -28.33       NaN       NaN      0.18      0.32      0.49      1.05      1.06
  226.13       NaN       NaN       NaN    -15.94    -35.34    -80.60       NaN       NaN       NaN       NaN      0.47      0.96      1.55       NaN
  226.17       NaN       NaN       NaN    -29.26    -38.40    -51.58       NaN       NaN       NaN       NaN      0.10      0.99      1.13       NaN
  226.21    -34.00       NaN    -58.04    -34.94    -36.69       NaN       NaN      1.26       NaN      0.78      0.14      0.62       NaN       NaN
  226.25    -24.62    -30.36    -27.33      5.87     -5.98       NaN    -39.79      1.30      1.08      0.34      0.11      1.15       NaN      2.97
  226.29    -19.07    -29.68    -13.02     -6.19     -2.27    -34.13       NaN      0.40      0.62      1.23      1.00      0.40      0.32       NaN
  226.33       NaN     62.30     -9.57     35.93     -2.86       NaN    -12.52       NaN      6.42      2.43      0.49      0.10       NaN      2.33
  226.38       NaN     -7.44     10.99     24.13      5.29    -11.16    -10.52       NaN      0.51      0.21      0.11      0.67      2.36      1.38
  226.42       NaN      0.62     10.54     13.81     11.12      1.48      2.72       NaN      0.19      0.58      0.84      0.85      0.57      0.86
  226.46     23.58      6.26      8.46     23.87     12.42     18.06     47.11      2.41      0.88      0.10      0.84      0.27      0.76      0.41
  226.50     20.29      5.13     11.84     38.09     24.39      8.79     15.81      2.58      2.00      1.69      0.71      1.62      0.55      3.41
  226.54       NaN      9.78     25.83     53.20     35.50     24.50       NaN       NaN      0.92      1.61      0.70      1.03      2.11       NaN
  226.58     14.72     11.60     43.90     68.66     53.35    -11.43       NaN      0.83      0.78      1.37      0.19      0.01      0.85       NaN
  226.63       NaN     17.53     59.71     36.78       NaN       NaN       NaN       NaN      2.65      0.40      0.62       NaN       NaN       NaN
  226.67      9.92      2.54     91.99     80.84       NaN       NaN       NaN      0.59      0.86      0.22      0.66       NaN       NaN      0.00
  226.71     17.90     23.08     51.30       NaN       NaN       NaN       NaN      0.64      0.13      1.56       NaN       NaN       NaN      0.00
  226.75       NaN       NaN       NaN       NaN       NaN       NaN       NaN       NaN       NaN       NaN       NaN      0.00       NaN      0.00
  226.79       NaN       NaN       NaN       NaN       NaN       NaN       NaN       NaN       NaN       NaN       NaN       NaN       NaN      0.00
  226.83       NaN       NaN     35.38       NaN       NaN       NaN       NaN       NaN       NaN      0.19       NaN       NaN       NaN      0.00
  226.88       NaN     17.87     31.80    -55.55    -88.58   -103.98       NaN       NaN      1.52      0.39      1.15      0.82      0.81       NaN
  226.92    -25.52       NaN       NaN    -30.50    -70.39      8.34       NaN      1.63       NaN       NaN      1.50      0.71      3.03       NaN
  226.96       NaN       NaN     -6.09    -29.47    -48.34    -55.37       NaN       NaN       NaN      2.40      0.89      0.92      1.44       NaN
  227.00       NaN       NaN    -16.93    -18.13    -26.62    -41.08       NaN       NaN       NaN      0.04      1.97      1.88      0.35       NaN
  227.04       NaN    -40.20     -3.42    -36.38    -49.54    -48.47    -45.19       NaN      1.37      1.61      0.69      0.18      0.42      4.68
  227.08       NaN       NaN     -8.42    -26.48    -51.16    -34.57       NaN       NaN       NaN      0.47      0.40      2.47      0.89       NaN
  227.13       NaN       NaN       NaN    -44.39    -72.19    -90.52       NaN       NaN       NaN       NaN      3.11      0.13      1.07       NaN
  227.17       NaN    -67.28       NaN    -56.68    -77.79    -96.43    -72.86       NaN      1.50       NaN      1.75      0.56      0.40      0.76
  227.21     -3.06    -11.82    -35.29    -64.18    -83.48    -94.94    -37.15      1.95      1.10      0.01      0.13      0.87      1.02      0.54
  227.25       NaN      6.37    -31.71    -64.09    -73.60    -79.97    -82.44       NaN      2.52      1.31      1.02      1.17      0.04      0.26
  227.29       NaN      3.30    -14.84    -58.81    -97.03    -70.31    -21.62       NaN      0.24      0.56      0.29      0.69      0.67      1.45
  227.33       NaN    -14.89    -26.61    -82.89    -86.25    -74.57    -48.19       NaN      0.42      0.34      0.10      0.78      0.04      0.43
  227.38       NaN    -31.36    -30.62    -46.20    -52.47    -36.70     83.65       NaN      1.49      0.46      0.48      0.39      0.68      0.81
  227.42     28.37     18.07    -30.00    -53.13    -31.49     64.29    118.79      0.84      0.80      0.08      0.02      0.75      0.87      1.61
  227.46     30.44      6.12    -41.07    -57.23    -47.31     16.45     55.03      1.70      0.18      0.33      0.00      0.06      0.47      0.87
  227.50     11.50      8.60    -25.02    -43.82    -27.57      8.52     75.26      0.24      0.64      0.42      0.49      0.68      0.60      0.19
  227.54      1.70     -8.34    -13.45    -30.48    -29.56     66.23       NaN      1.38      0.42      0.54      0.65      0.15      0.39       NaN
  227.58    -37.41    -26.16    -36.65    -10.10     43.27     29.22       NaN      3.83      1.12      0.90      1.04      1.87      1.64       NaN
  227.63       NaN      7.95      2.37    -14.46       NaN      1.84       NaN       NaN      0.15      0.06      0.24       NaN      0.90       NaN
  227.67       NaN     37.59     -8.87    -19.31     -8.88       NaN       NaN       NaN      0.20      0.47      0.51      0.96       NaN      0.00
  227.71     20.74     16.24    -35.04       NaN       NaN       NaN       NaN      0.40      2.50      0.33       NaN       NaN       NaN      0.00
  227.75       NaN    -28.36    -31.03    -50.62       NaN       NaN       NaN       NaN      0.13      0.99      0.33       NaN       NaN       NaN
  227.79       NaN    -27.31       NaN       NaN    -51.88       NaN       NaN       NaN      0.47       NaN       NaN      0.76       NaN      0.00
  227.83      1.67       NaN       NaN     19.10       NaN       NaN       NaN      0.76       NaN       NaN      2.83       NaN       NaN      0.00
  227.88       NaN    -16.40    -39.19       NaN       NaN       NaN       NaN       NaN      0.23      0.14       NaN       NaN       NaN       NaN
  227.92    -20.31    -11.32    -14.79     20.16     23.57     15.39       NaN      0.96      0.99      0.00      0.77      1.19      0.51       NaN
  227.96       NaN    -13.26    -10.01      9.86     28.91       NaN       NaN       NaN      0.18      1.18      1.24      0.31       NaN      0.00
  228.00       NaN     12.05       NaN     -1.14     27.25     22.39       NaN       NaN      0.01       NaN      2.10      0.26      1.20       NaN
  228.04       NaN       NaN     -1.45      6.44     34.78     40.14       NaN       NaN       NaN      0.44      0.62      1.01      0.07       NaN
  228.08       NaN       NaN       NaN      1.33     25.72     -0.62       NaN       NaN       NaN       NaN      0.44      0.98      0.58       NaN
  228.13       NaN    -24.63    -20.15    -11.84    -10.08    -48.83       NaN       NaN      1.08      2.81      1.76      4.47      0.45       NaN
  228.17       NaN       NaN    -38.86    -29.25    -13.70    -15.94       NaN       NaN       NaN      2.45      1.04      0.04      1.13       NaN
  228.21    -41.16    -44.34    -33.16    -16.68      5.94     12.64    -15.77      1.24      0.40      0.41      0.62      0.23      1.18      0.78
  228.25    -31.27    -21.27    -27.80    -18.77     -3.26     -1.94     -4.18      0.20      1.69      0.86      0.34      0.82      1.15      1.07
  228.29       NaN    -24.36    -23.39    -24.23    -12.81     -5.28    -14.17       NaN      0.92      0.34      1.75      0.93      0.18      0.68
  228.33       NaN    -16.23    -17.22    -27.11    -24.18     10.68       NaN       NaN      2.09      1.61      0.86      0.09      0.68       NaN
  228.38       NaN     -2.54    -31.81    -29.94     -7.53     55.97       NaN       NaN      1.16      1.29      0.79      0.09      1.09       NaN
  228.42       NaN    -29.63    -27.62    -19.68    -12.93    -14.63       NaN       NaN      0.96      1.16      0.78      0.69      2.07       NaN
  228.46       NaN    -12.86    -36.32     -2.52    -12.73     35.02       NaN       NaN      1.69      1.05      0.10      0.82      2.11       NaN
  228.50       NaN    -21.58    -25.17     -1.71     -4.12    -17.74       NaN       NaN      1.31      0.89      0.06      0.18      1.00       NaN
  228.54      6.92    -14.31    -20.66      5.46      4.55    -79.00       NaN      0.67      0.56      0.42      0.70      0.49      4.44       NaN
  228.58   -108.68    -12.02     -5.14     22.80       NaN       NaN       NaN      0.28      0.79      0.43      0.25       NaN       NaN       NaN
  228.63       NaN     -1.66      3.98      5.58    -49.13       NaN       NaN       NaN      0.00      0.91      0.52      2.04       NaN       NaN
  228.67       NaN       NaN    -38.08    -23.13       NaN       NaN       NaN       NaN       NaN      0.11      0.88       NaN       NaN      0.00
  228.71       NaN     55.53     32.01       NaN       NaN       NaN       NaN       NaN      0.94      0.84       NaN       NaN       NaN       NaN
  228.75    -20.21    -15.66     25.22       NaN       NaN       NaN       NaN      1.08      0.49      2.88       NaN       NaN       NaN      0.00
  228.79       NaN      0.97       NaN       NaN       NaN       NaN       NaN       NaN      1.99       NaN       NaN       NaN       NaN       NaN
  228.83       NaN    -18.54       NaN       NaN       NaN       NaN       NaN       NaN      0.62       NaN      0.00      0.00      0.00      0.00
  228.88       NaN       NaN       NaN       NaN       NaN       NaN       NaN       NaN       NaN       NaN       NaN       NaN       NaN       NaN
  228.92       NaN       NaN       NaN       NaN    -49.61    -57.03       NaN       NaN       NaN       NaN       NaN      0.83      0.35       NaN
  228.96     -1.89     21.65    -19.08    -30.78    -36.17    -30.48    -72.25      0.25      0.86      0.84      0.13      0.38      0.02      1.24
  229.00      8.68     28.89     20.94     -9.23    -34.49    -60.64    -50.95      0.13      0.15      0.03      0.21      0.35      0.10      0.31
  229.04     13.90     43.22      8.10    -30.14    -48.08    -54.84    -88.03      0.16      0.29      0.00      0.28      0.15      0.09      0.64
  229.08     43.34     40.41     36.27      3.39    -74.30   -108.63    -79.85      1.60      0.39      0.48      0.18      0.13      1.19      0.64
  229.13       NaN     34.74    -16.08    -24.74    -76.24    -97.88    -63.93       NaN      1.03      0.24      0.51      0.93      0.39      0.02
  229.17     35.09      7.10    -49.86   -103.96   -101.51    -98.36   -108.29      0.41      0.43      0.36      0.06      0.03      0.63      0.50
  229.21     -3.41     12.11    -54.68   -109.12   -126.00   -116.13   -103.30      0.46      0.53      0.94      1.82      1.06      0.01      0.48
  229.25     43.06    -31.31    -73.84    -96.26    -99.60    -96.81    -87.86      0.86      0.05      0.07      0.01      0.25      0.58      0.25
  229.29      9.53    -39.11    -73.96   -102.64    -87.23    -78.14    -69.49      1.32      0.11      0.31      0.22      0.22      0.15      0.90
  229.33     37.60    -18.06    -54.34    -82.60    -71.42    -65.05    -16.20      0.08      0.30      0.23      0.54      0.47      0.49      0.04
  229.38     17.73    -17.64    -51.51    -61.66    -57.48    -39.59      7.13      1.68      0.24      0.17      0.15      0.42      0.26      0.43
  229.42     12.59    -24.97    -55.35    -53.31    -22.38     44.27     82.34      0.95      0.56      0.40      0.28      0.21      0.58      1.04
  229.46     31.76    -30.00    -45.62    -53.85     -6.97     71.31     84.40      0.30      1.33      0.03      0.56      0.87      0.57      0.81
  229.50     -7.67    -44.55    -52.89    -41.98     16.97     62.54     73.10      0.45      0.61      0.11      0.45      0.17      0.14      0.78
  229.54    -11.37    -36.42    -51.17    -43.15      7.87     60.21     48.50      0.68      0.22      1.04      0.81      0.05      0.27      0.77
  229.58    -13.66    -25.65    -48.17    -31.17     18.88     42.19       NaN      1.85      0.08      0.20      0.59      0.92      1.12       NaN
  229.63    -32.04    -51.58    -47.23     -7.14     12.29       NaN       NaN      0.54      0.46      0.20      2.07      1.42       NaN      0.00
  229.67    -42.01    -58.14    -55.07     34.32     45.59       NaN       NaN      0.17      0.07      0.62      1.04      0.75       NaN       NaN
  229.71    -49.74    -37.93      0.45     17.92       NaN       NaN       NaN      0.15      0.18      1.90      0.68       NaN       NaN       NaN
  229.75       NaN    -28.13    -39.69     -6.11     -0.16       NaN       NaN       NaN      1.03      0.37      0.65      0.62       NaN      0.00
  229.79    -18.49    -27.94     -9.50     10.73       NaN       NaN       NaN      1.07      0.97      1.86      1.35       NaN       NaN       NaN
  229.83    -11.29    -19.84      8.00      2.93     17.10       NaN       NaN      0.37      0.17      0.04      0.53      0.90       NaN       NaN
  229.88       NaN    -12.74     29.54     38.28     21.48     19.96       NaN       NaN      0.81      0.10      1.74      2.11      0.12       NaN
  229.92    -11.06     23.60     59.15     64.45     25.62     22.49       NaN      0.88      0.65      0.08      0.21      0.12      0.95       NaN
  229.96    -24.40     20.43     56.58     40.96     38.33     22.93     26.48      1.02      1.36      0.04      0.45      0.48      1.06      1.73
  230.00      5.32     17.71     35.71     43.27     32.09     29.03     40.28      0.47      0.10      0.27      1.13      0.11      1.10      0.73
  230.04      3.89    -12.03     35.04     45.30     39.24     16.00     14.22      0.27      1.40      0.74      1.14      1.09      0.66      1.32
  230.08     57.66     42.18     26.73     24.75     14.52     13.65     37.13      1.02      1.19      0.59      0.38      0.26      0.21      0.20
  230.13       NaN      0.18      7.99     16.39     23.75     10.95    -84.86       NaN      0.10      0.54      0.43      0.01      0.80      0.15
  230.17     -5.36    -13.88    -21.29    -14.59    -23.50    -15.26    -35.37      0.59      0.14      0.36      0.11      0.51      1.01      0.42
  230.21    -14.75    -25.67    -38.89    -48.54    -56.31    -55.24    -37.13      0.44      0.02      0.18      0.37      0.07      0.53      0.76
  230.25    -27.90    -47.34    -52.34    -52.91    -39.95    -24.54    -21.87      1.66      0.83      0.54      0.63      0.01      0.18      0.07
  230.29      2.19    -46.95    -36.82    -29.39     -7.46     20.50     13.28      0.36      0.60      0.48      0.52      0.36      0.28      0.90
  230.33    -42.64    -37.48    -30.32     -7.02     28.29     34.43     59.40      0.49      0.93      0.57      0.35      0.76      0.22      1.14
  230.38    -20.73    -32.23    -14.55     14.56     39.67     62.66     71.34      1.81      1.66      0.38      0.89      0.24      0.82      0.72
  230.42     -4.53    -31.17    -18.45     14.26     53.22     74.72     82.63      3.50      0.27      0.63      0.24      0.29      0.58      0.26
  230.46    -20.81    -36.78    -19.81      0.58     46.09     81.10    -22.56      0.83      0.02      0.08      0.07      0.17      1.11      1.22
  230.50    -16.81    -33.08    -26.41     12.62     51.74     83.31       NaN      0.27      0.96      0.83      0.43      0.51      0.37       NaN
  230.54    -31.98    -39.07    -20.31      0.62     76.67     41.58       NaN      1.26      0.11      0.06      0.57      1.05      0.85       NaN
  230.58    -23.53    -21.08    -16.94    -16.22     14.51    -19.69    -11.18      0.29      0.07      0.53      1.43      0.39      1.53      0.27
  230.63       NaN       NaN       NaN       NaN       NaN       NaN       NaN      0.00      0.00      0.00      0.00      0.00      0.00      0.00
  230.67       NaN       NaN       NaN       NaN       NaN       NaN       NaN      0.00      0.00      0.00      0.00      0.00      0.00      0.00
  230.71       NaN       NaN       NaN       NaN       NaN       NaN       NaN      0.00      0.00      0.00      0.00      0.00      0.00      0.00
  230.75       NaN       NaN       NaN       NaN       NaN       NaN       NaN      0.00      0.00      0.00      0.00      0.00      0.00      0.00
  230.79       NaN       NaN       NaN       NaN       NaN       NaN       NaN       NaN       NaN       NaN       NaN       NaN       NaN      0.00
  230.83    -18.80     -3.22       NaN       NaN       NaN       NaN       NaN      0.23      0.35       NaN       NaN       NaN       NaN       NaN
  230.88    -21.20     58.61     60.20      6.46       NaN   -101.53       NaN      5.25      0.87      2.16      1.41       NaN      0.65       NaN
  230.92     25.79     44.55     20.53      6.75    -43.70    -56.36       NaN      1.37      0.90      1.69      1.72      0.76      2.38       NaN
  230.96     13.68     51.03     49.52     12.17    -51.29    -81.28       NaN      0.30      0.07      0.63      0.36      1.20      1.26       NaN
  231.00     -2.66     31.76     41.36     -8.87    -16.29    -70.59    -44.52      1.55      0.23      0.15      0.07      1.06      1.13      0.29
  231.04     38.25     63.38     32.97     -9.13    -40.73    -52.39    -64.01      0.77      0.86      0.55      0.03      0.56      0.84      0.65
  231.08     25.16     62.93     30.67    -20.69    -48.66    -53.63    -55.30      0.57      0.37      0.87      0.13      0.18      0.75      0.43
  231.13     35.83      0.39    -13.29    -56.28    -89.00    -95.30    -85.28      0.47      4.56      1.63      0.15      0.56      0.16      1.41
  231.17     33.68     41.96    -70.70    -72.79    -97.85   -106.51   -109.66      0.33      0.54      0.77      0.11      0.31      0.05      0.83
  231.21     38.23    -19.65    -72.49   -101.64    -96.00    -87.84    -89.55      0.43      0.55      0.02      0.30      0.12      0.23      1.26
  231.25     22.29    -16.81    -65.71    -73.50    -79.90    -75.39    -63.59      0.34      0.28      0.44      0.26      0.34      0.49      0.54
  231.29      5.48    -20.33    -54.15    -72.65    -74.75    -58.44    -36.38      0.30      0.16      0.50      0.05      0.15      0.36      0.49
  231.33     22.10    -10.54    -58.38    -66.67    -51.42    -20.28     -8.66      0.66      0.05      0.29      0.51      0.08      1.05      0.69
  231.38     13.77    -19.13    -33.88    -43.96    -23.54     12.65     33.69      0.05      0.62      0.14      0.19      0.22      0.08      0.86
  231.42     11.48     -4.70    -31.03    -27.35     -8.69     16.43     55.88      0.46      0.64      0.22      0.02      0.28      0.25      0.26
  231.46     21.47     15.36     -7.49    -14.53     12.59     41.10     71.39      0.50      0.29      0.03      0.01      0.07      0.12      0.09
  231.50     14.90     22.62     21.01     -5.76     13.27     32.80     34.98      0.04      0.90      0.21      0.18      0.25      0.07      1.66
  231.54     39.05     28.98     -3.30    -13.75      5.47     10.37     40.40      1.94      0.36      0.50      0.43      0.59      0.44      2.24
  231.58      8.47     18.15      4.77     -2.55     10.74     19.70       NaN      0.22      0.33      1.06      1.04      0.57      0.22       NaN
  231.63     21.33     15.30    -45.18    -20.88     25.97       NaN       NaN      0.42      1.25      0.89      0.98      0.28       NaN       NaN
  231.67      8.37     -0.55    -21.52      7.34     33.04       NaN       NaN      2.48      0.73      0.11      1.33      0.63       NaN       NaN
  231.71       NaN     13.60    -51.19     37.85     14.01    -25.31       NaN       NaN      0.41      0.65      0.89      1.00      0.46       NaN
  231.75       NaN       NaN       NaN       NaN       NaN       NaN       NaN       NaN       NaN       NaN       NaN       NaN       NaN       NaN
  231.79       NaN       NaN       NaN       NaN       NaN       NaN       NaN       NaN       NaN       NaN       NaN       NaN       NaN      0.00
  231.83       NaN     29.14       NaN       NaN       NaN       NaN       NaN       NaN      0.44       NaN       NaN       NaN       NaN      0.00
  231.88     41.60     44.29       NaN     21.90       NaN       NaN       NaN      0.23      0.61       NaN      0.00       NaN       NaN       NaN
  231.92     22.01     30.60     25.07    -15.17    -34.39    -20.28       NaN      1.33      0.14      0.70      0.22      0.97      0.49       NaN
  231.96     47.00     13.39     15.41    -19.08    -28.50    -44.37       NaN      0.41      0.11      0.15      0.01      0.24      1.39       NaN
  232.00     16.76     23.64     -3.09    -42.26    -42.92    -33.33    -29.58      0.41      0.72      0.78      0.83      0.37      0.29      0.80
  232.04     23.17     15.19    -27.64    -57.80    -57.57    -52.31    -35.99      0.26      0.10      0.11      0.25      0.27      0.34      0.15
  232.08    -18.36    -30.76    -54.66    -55.27    -33.66    -22.38      3.49      0.86      0.68      0.71      0.06      1.22      0.51      0.70
  232.13    -41.58    -37.84    -42.44    -38.22    -14.76     -1.87    -12.01      0.15      0.31      1.02      0.18      0.96      0.86      0.59
  232.17    -11.64    -38.48    -74.31    -58.51    -15.18    -24.22    -10.87      1.17      0.96      0.08      0.21      0.06      0.52      0.90
  232.21    -69.05    -76.84    -73.74    -42.91    -39.51    -29.30    -30.51      0.49      0.39      0.09      0.27      0.13      0.06      0.42
  232.25    -44.58    -67.59    -81.69    -57.24    -45.28    -43.56    -50.67      1.20      0.39      0.51      0.28      0.03      0.29      0.51
  232.29      2.15    -74.23    -81.62    -56.68    -31.23     -9.81    -14.30      1.19      0.08      0.38      0.31      0.02      0.20      0.51
  232.33      2.62    -65.51    -72.15    -49.72    -17.09     -3.07     36.95      0.29      0.53      0.01      0.02      0.15      1.19      1.00
  232.38    -39.85    -61.58    -71.02    -30.78      1.02     34.01     45.67      0.02      0.43      0.38      0.02      0.20      0.02      0.10
  232.42     -5.46    -61.71    -61.83    -14.62     33.47     57.37     37.17      1.90      0.51      0.46      0.18      0.92      0.57      0.21
  232.46    -38.98    -53.55    -39.32      5.91     48.78     74.04     44.92      0.85      1.33      0.51      0.18      0.03      0.56      0.38
  232.50       NaN    -68.82    -66.92    -13.36     65.51     82.65     53.47       NaN      0.32      0.44      1.57      0.10      0.03      2.28
  232.54    -26.04    -34.26    -17.40      4.80     48.64     98.44       NaN      0.98      1.35      0.29      1.34      0.30      2.87       NaN
  232.58    -58.04     -1.30      0.41     34.14     47.32       NaN       NaN      2.00      2.50      0.97      0.49      0.45       NaN       NaN
  232.63    -44.18    -68.33     -8.51     31.67     69.94       NaN       NaN      0.26      0.71      0.71      0.48      0.28       NaN      0.00
  232.67    -65.44    -47.12     -5.12     53.16     67.01       NaN       NaN      0.74      0.27      0.63      0.34      0.37       NaN       NaN
  232.71    -42.69    -90.89     50.48     55.73     45.65       NaN       NaN      1.24      0.90      4.73      0.90      1.56       NaN       NaN
  232.75       NaN       NaN     25.58       NaN       NaN       NaN       NaN       NaN       NaN      0.64       NaN       NaN       NaN      0.00
  232.79       NaN       NaN       NaN       NaN       NaN       NaN       NaN       NaN       NaN       NaN       NaN       NaN       NaN       NaN
  232.83       NaN     21.47     51.90       NaN     29.22       NaN       NaN       NaN      2.16      1.86       NaN      0.29       NaN      0.00
  232.88    -38.91     -7.98     75.61     56.82       NaN       NaN       NaN      0.04      0.35      0.03      0.39       NaN       NaN       NaN
  232.92    -74.45     12.79     51.19     55.88     33.93     -3.68       NaN      2.22      0.34      0.35      0.89      0.52      0.34       NaN
  232.96    -11.27     10.73     60.88     32.21     -7.25    -35.66       NaN      0.30      0.05      0.32      0.45      0.96      1.97       NaN
  233.00       NaN      7.77     14.49     19.55    -38.74    -45.25       NaN       NaN      1.53      0.55      0.51      1.26      1.53       NaN
  233.04       NaN     34.93     14.81     18.49    -10.45    -29.93    -97.10       NaN      0.69      0.71      0.15      0.59      0.40      3.37
  233.08       NaN     47.21     11.53    -16.30    -57.11    -71.91    -97.17       NaN      1.12      1.17      0.75      0.58      0.60      0.03
  233.13       NaN       NaN    -11.31    -45.99    -84.84    -67.82    -54.65       NaN       NaN      1.95      0.28      0.21      1.20      1.07
  233.17    -32.36    -32.18    -38.86    -66.37    -75.47    -69.59    -48.43      0.08      0.28      0.17      1.08      0.19      0.34      0.44
  233.21    -29.55    -47.55    -54.23    -73.78    -72.86    -35.05    -12.43      0.44      0.38      0.11      0.17      0.02      0.54      0.67
  233.25    -49.91    -45.13    -61.75    -71.33    -62.17    -25.66      6.64      0.30      0.44      0.02      0.06      0.07      0.06      0.01
  233.29    -67.94    -42.49    -51.53    -61.51    -45.47     -3.42    -18.48      0.37      0.14      0.10      0.58      0.32      0.59      0.19
  233.33    -38.92    -53.57    -46.59    -44.14    -25.47      9.43     47.00      0.46      0.14      0.39      0.11      0.10      0.08      1.48
  233.38    -27.57    -33.79    -31.86    -26.42      8.53     64.18     85.88      0.33      0.32      0.18      0.10      0.38      0.74      0.77
  233.42    -18.82    -16.10    -26.43    -11.34     53.29     74.82     75.94      0.29      0.09      0.31      0.12      0.27      0.15      0.05
  233.46    -10.63    -24.39    -21.04     -0.25     65.57     91.76     74.89      0.13      0.15      0.25      0.37      0.21      0.10      1.33
  233.50    -52.50    -12.11    -13.51     35.25     79.01     80.05       NaN      1.61      0.63      0.03      0.58      0.27      0.43       NaN
  233.54     16.84    -17.12    -11.83     20.64     62.85     16.32       NaN      0.60      1.31      0.63      0.14      0.02      0.14       NaN
  233.58    -37.93    -11.28      2.11     20.67     39.05       NaN       NaN      0.71      0.07      0.07      0.36      0.88       NaN       NaN
  233.63     -7.33    -24.13      8.82     24.23     22.44       NaN       NaN      0.22      0.76      0.65      0.04      0.45       NaN       NaN
  233.67    -17.50     -4.73     20.29     -3.80    -43.66       NaN       NaN      2.45      0.88      0.85      0.18      0.87       NaN       NaN
  233.71     14.88      2.34      7.99    -12.98       NaN       NaN       NaN      0.65      0.26      1.26      0.27       NaN       NaN      0.00
  233.75     -0.51    -21.02       NaN       NaN       NaN       NaN       NaN      1.75      0.35       NaN       NaN       NaN       NaN       NaN
  233.79       NaN      2.47    -27.93    -36.20       NaN       NaN       NaN       NaN      0.70      1.54      0.28       NaN       NaN       NaN
  233.83       NaN       NaN       NaN       NaN       NaN       NaN       NaN       NaN       NaN       NaN       NaN       NaN       NaN       NaN
  233.88     25.93       NaN       NaN       NaN       NaN       NaN       NaN      1.21       NaN       NaN       NaN       NaN       NaN      0.00
  233.92       NaN      5.28       NaN       NaN       NaN     -1.25       NaN       NaN      0.29       NaN       NaN       NaN      8.23       NaN
  233.96       NaN      7.10      1.93     15.14     13.61   -141.69       NaN       NaN      0.77      0.43      1.09      2.49      5.37       NaN
  238.00       NaN       NaN     20.30    -59.20    -48.33    -47.28    -50.23       NaN       NaN      0.27      0.00      0.74      0.33      0.77
  238.04       NaN     -4.64     26.63    -32.60    -29.36    -31.20       NaN       NaN      3.08      0.61      0.77      1.08      1.15       NaN
  238.08       NaN     31.01     22.36     -0.04    -30.45    -63.31    -13.31       NaN      1.54      0.76      0.06      1.62      0.05      1.27
  238.13       NaN       NaN    -63.15    -74.25    -51.57    -16.13       NaN       NaN      0.00      0.85      0.75      0.71      1.01       NaN
  238.17       NaN    -87.67    -80.02    -64.02    -54.55    -22.91      1.11       NaN      0.02      1.26      0.19      0.08      0.61      0.95
  238.21     -6.95    -54.69    -81.36    -57.62    -43.52    -14.21    -18.20      2.44      1.82      1.74      1.39      0.71      0.10      2.11
  238.25    -36.98    -67.77    -50.62    -29.68    -15.31      2.46    -10.31      0.96      2.32      0.28      1.43      1.21      0.10      2.52
  238.29    -79.44    -46.03    -34.01    -30.44    -14.51     -1.11      5.39      0.65      1.34      0.17      0.47      0.55      1.46      0.47
  238.33       NaN    -49.80    -33.81    -13.00      2.24     41.53       NaN       NaN      0.23      0.29      0.51      0.46      1.23       NaN
  238.38       NaN    -33.98    -33.67     -4.26     13.22      1.28       NaN       NaN      0.64      0.44      0.86      0.71      1.02       NaN
  238.42     11.13     19.70    -17.07     10.85     32.52     35.55     21.06      0.54      1.14      0.93      0.82      0.63      0.94      1.56
  238.46    -35.75    -34.94    -26.56     20.59     36.90     41.09     33.09      1.05      0.20      0.22      0.14      0.00      0.18      0.36
  238.50    -28.56    -21.74    -13.23     43.16     55.98     57.30     73.17      0.18      0.37      0.00      1.19      0.56      0.04      0.58
  238.54    -42.19    -22.91    -24.54     45.49     61.39     49.13       NaN      0.56      0.02      0.78      0.61      0.16      0.68       NaN
  238.58    -40.84    -16.07     -5.14     56.58     53.40       NaN       NaN      0.32      1.49      0.85      0.76      2.79       NaN       NaN
  238.63    -25.47    -34.45     -9.52     40.39     74.81       NaN       NaN      0.98      0.08      0.31      2.32      2.50       NaN       NaN
  238.67    -36.59    -12.53     15.40     36.54   -118.51       NaN       NaN      0.55      1.20      0.81      1.93      2.44       NaN      0.00
  238.71    -24.48    -16.19     31.89    -12.36       NaN       NaN       NaN      0.24      1.13      0.37      0.78       NaN       NaN      0.00
  238.75       NaN    -10.97     26.34      7.49    -86.19       NaN       NaN       NaN      0.35      0.92      0.24      0.36       NaN      0.00
  238.79       NaN       NaN       NaN       NaN       NaN       NaN       NaN       NaN       NaN       NaN       NaN       NaN       NaN       NaN
  238.83       NaN       NaN       NaN       NaN       NaN       NaN       NaN       NaN       NaN       NaN       NaN       NaN       NaN       NaN
  238.88       NaN     52.93       NaN       NaN       NaN       NaN       NaN       NaN      1.86       NaN       NaN       NaN       NaN      0.00
  238.92       NaN       NaN       NaN    -72.06   -100.22       NaN       NaN       NaN       NaN       NaN      1.51      2.03       NaN       NaN
  238.96      0.54      1.21    -23.79    -74.04    -72.75    -61.62    -68.27      0.02      0.69      0.67      1.56      0.52      0.01      0.28
  239.00       NaN     23.50    -32.75    -53.22    -63.67    -50.19       NaN       NaN      1.31      0.46      0.55      0.02      0.57       NaN
  239.04       NaN     -5.55    -59.27    -68.26    -64.03    -47.00    -52.41       NaN      1.77      0.89      0.97      0.01      0.49      0.23
  239.08       NaN       NaN   -100.80    -72.27    -42.25    -50.19    -54.01       NaN       NaN      0.28      0.72      0.62      1.70      3.04
  239.13       NaN       NaN    -75.12    -35.35    -52.84    -50.54       NaN       NaN       NaN      1.71      2.59      1.09      0.46       NaN
  239.17       NaN    -50.36    -69.54    -68.58    -60.79    -57.17    -38.43       NaN      2.03      0.11      0.38      0.19      0.52      1.31
  239.21     40.15    -52.85    -90.25    -71.33    -65.61    -59.72    -57.85      1.58      0.46      1.74      1.00      0.72      0.18      1.14
  239.25     58.96    -36.26    -76.58    -69.29    -53.40    -46.72    -38.16      0.91      0.42      0.79      0.09      0.66      0.68      0.55
  239.29    -32.63    -37.94    -41.27    -42.94    -43.91    -34.20    -53.64      0.22      1.53      0.42      0.63      0.30      0.52      0.38
  239.33     -9.33    -24.91    -21.68    -34.01    -30.94    -26.49      2.74      1.33      1.26      0.81      0.25      0.22      1.89      0.39
  239.38     -2.85    -28.74    -11.55     -2.28     -4.91      1.92     28.25      2.28      1.72      0.57      0.14      0.20      1.09      0.23
  239.42     27.80     -8.46     -1.57     -2.07      0.23      4.21    -10.99      0.30      0.23      0.17      0.09      0.16      0.91      0.68
  239.46       NaN      6.14     -8.50     -4.57    -14.64    -19.58    -22.47       NaN      1.15      0.56      0.25      0.39      0.57      1.89
  239.50     31.20     -5.27    -17.88    -17.20    -13.52    -30.28    -59.09      2.49      0.66      0.76      0.07      1.00      2.52      1.61
  239.54     13.64      6.61    -12.36    -26.51    -25.37      1.65    -18.60      0.06      0.83      0.86      0.94      0.81      0.69      0.02
  239.58      5.73    -20.29    -33.84    -22.62    -36.61    -23.56       NaN      0.56      0.38      0.76      1.30      2.10      2.48       NaN
  239.63    -19.01    -18.41    -47.21    -50.35    -23.01       NaN       NaN      0.25      0.53      1.34      0.73      1.34       NaN      0.00
  239.67     21.14      5.37     -3.27    -24.22    -44.09       NaN       NaN      0.44      1.65      1.28      0.45      0.16       NaN      0.00
  239.71       NaN    -29.12       NaN       NaN    -50.88       NaN       NaN       NaN      0.34       NaN       NaN      0.32       NaN       NaN
  239.75     20.08     -3.92    -39.66    -35.31       NaN       NaN       NaN      0.87      1.65      0.06      0.21       NaN       NaN       NaN
  239.79       NaN       NaN       NaN       NaN       NaN       NaN       NaN       NaN       NaN       NaN       NaN       NaN       NaN      0.00
  239.83       NaN       NaN       NaN       NaN       NaN       NaN       NaN       NaN       NaN      0.00       NaN       NaN      0.00      0.00
  239.88       NaN       NaN    -24.28    -38.95    -63.21    -54.47       NaN       NaN       NaN      0.31      1.74      0.27      0.18       NaN
  239.92     63.79     25.42    -31.65    -47.95    -45.28    -13.48      6.40      0.26      0.57      1.06      0.31      0.94      0.09      1.66
  239.96     64.63     -9.30     -4.62     -7.76    -18.69    -12.58       NaN      0.53      0.11      1.04      0.75      0.47      1.51       NaN
  240.00       NaN      5.75     -6.01    -29.26     -4.67     -0.14       NaN       NaN      0.09      1.01      0.47      0.19      0.02       NaN
  240.04       NaN     17.37    -20.96    -40.55    -13.67      2.77      9.70       NaN      0.44      0.31      0.85      0.76      0.39      0.20
  240.08       NaN     41.93    -44.53    -55.04    -35.96    -18.28    -38.10       NaN      1.57      1.73      1.18      0.87      0.79      1.47
  240.13       NaN    -53.84       NaN    -42.52    -40.55    -13.00    -19.53       NaN      0.24       NaN      2.92      0.12      0.82      2.42
  240.17    -17.81       NaN       NaN    -51.31    -36.53    -18.32       NaN      0.88       NaN       NaN      0.12      0.57      0.78       NaN
  240.21    -41.90    -58.29    -41.80    -43.92    -26.55    -17.01     10.92      3.40      0.41      0.16      0.21      0.86      0.34      0.08
  240.25    -24.98    -66.03    -52.60    -43.11    -37.40    -21.37    -27.59      0.10      0.90      0.05      0.69      0.08      0.83      0.72
  240.29    -42.90    -33.54    -34.40    -13.30     -5.63     11.83    -43.51      0.93      0.82      0.12      0.40      0.44      0.68      0.08
  240.33       NaN    -60.49    -39.76    -16.57     -2.96     43.02     43.19       NaN      1.47      1.41      0.02      0.46      0.32      2.41
  240.38       NaN    -30.95    -12.04     -8.35     12.89     55.32     26.02       NaN      1.43      0.78      1.56      0.79      2.05      0.71
  240.42    -44.25    -26.60     -1.67      5.79     20.85     55.86     79.95      0.68      0.37      0.63      0.05      0.30      0.34      0.10
  240.46    -28.09    -37.27    -13.10     11.63     26.90     32.63       NaN      0.69      0.48      0.32      0.43      0.21      0.47       NaN
  240.50    -43.36    -45.73    -18.88      4.82     17.91     30.60       NaN      0.46      0.59      0.13      0.43      0.77      0.22       NaN
  240.54    -41.75    -44.46    -14.30      8.93     34.39     39.79       NaN      0.35      0.16      0.47      0.36      0.80      1.05       NaN
  240.58    -29.88    -34.18    -12.08      9.82     35.02       NaN       NaN      0.27      0.65      0.07      0.69      1.58       NaN       NaN
  240.63    -45.27    -49.73     12.17     39.73      9.32       NaN       NaN      0.65      1.01      0.04      0.23      1.07       NaN       NaN
  240.67    -39.81     -8.17     51.14     74.29       NaN       NaN       NaN      0.17      0.19      0.05      0.08       NaN       NaN      0.00
  240.71       NaN      4.86     55.66     67.29       NaN       NaN       NaN       NaN      1.62      1.87      2.24       NaN       NaN       NaN
  240.75    -29.32      8.27     28.38      7.36    -30.30       NaN       NaN      0.19      0.08      0.99      1.16      2.11       NaN       NaN
  240.79       NaN       NaN       NaN       NaN       NaN       NaN       NaN       NaN       NaN       NaN       NaN       NaN       NaN       NaN
  240.83       NaN       NaN       NaN      2.98    -39.70    -24.88       NaN       NaN       NaN       NaN      1.52      1.02      3.17       NaN
  240.88       NaN       NaN       NaN      0.89    -14.92       NaN       NaN       NaN       NaN       NaN      1.21      0.80       NaN       NaN
  240.92     33.21     55.51     81.42     24.35      2.89      1.20       NaN      0.69      0.31      0.02      1.03      0.31      0.60       NaN
  240.96       NaN     45.23     74.00     49.17    -23.45    -16.57       NaN       NaN      0.12      0.47      0.09      0.70      1.33       NaN
  241.00       NaN     56.87     55.14     15.34    -13.10    -20.71       NaN       NaN      0.21      2.37      1.98      1.01      1.17       NaN
  241.04       NaN       NaN       NaN       NaN       NaN       NaN       NaN      0.00      0.00       NaN       NaN       NaN      0.00      0.00
  241.08       NaN       NaN       NaN       NaN       NaN       NaN       NaN      0.00      0.00      0.00      0.00      0.00      0.00      0.00
  241.13       NaN       NaN       NaN       NaN       NaN       NaN       NaN      0.00      0.00      0.00      0.00      0.00      0.00      0.00
  241.17       NaN       NaN       NaN       NaN       NaN       NaN       NaN      0.00      0.00      0.00      0.00      0.00      0.00      0.00
  241.21       NaN       NaN       NaN       NaN       NaN       NaN       NaN      0.00      0.00      0.00      0.00      0.00      0.00      0.00
  241.25       NaN       NaN       NaN       NaN       NaN       NaN       NaN      0.00      0.00      0.00      0.00      0.00      0.00      0.00
  241.29       NaN       NaN       NaN       NaN       NaN       NaN       NaN      0.00      0.00      0.00      0.00      0.00      0.00      0.00
  241.33       NaN       NaN       NaN       NaN       NaN       NaN       NaN      0.00      0.00      0.00      0.00      0.00      0.00      0.00
  241.38       NaN       NaN       NaN       NaN       NaN       NaN       NaN      0.00      0.00      0.00      0.00      0.00      0.00      0.00
  241.42       NaN       NaN       NaN       NaN       NaN       NaN       NaN      0.00      0.00      0.00      0.00      0.00      0.00      0.00
  241.46       NaN       NaN       NaN       NaN       NaN       NaN       NaN      0.00      0.00      0.00      0.00      0.00      0.00      0.00
  241.50       NaN       NaN       NaN       NaN       NaN       NaN       NaN      0.00      0.00      0.00      0.00      0.00      0.00      0.00
  241.54       NaN       NaN       NaN       NaN       NaN       NaN       NaN      0.00      0.00      0.00      0.00      0.00      0.00      0.00
  241.58       NaN       NaN       NaN       NaN       NaN       NaN       NaN      0.00      0.00      0.00      0.00      0.00      0.00      0.00
  241.63       NaN       NaN       NaN       NaN       NaN       NaN       NaN      0.00      0.00      0.00      0.00      0.00      0.00      0.00
  241.67       NaN       NaN       NaN       NaN       NaN       NaN       NaN      0.00      0.00      0.00      0.00      0.00      0.00      0.00
  241.71       NaN       NaN       NaN       NaN       NaN       NaN       NaN      0.00      0.00      0.00      0.00      0.00      0.00      0.00
  241.75       NaN       NaN       NaN       NaN       NaN       NaN       NaN      0.00      0.00      0.00      0.00      0.00      0.00      0.00
  241.79       NaN       NaN       NaN       NaN       NaN       NaN       NaN      0.00      0.00      0.00      0.00      0.00      0.00      0.00
  241.83       NaN       NaN       NaN       NaN       NaN       NaN       NaN      0.00      0.00      0.00      0.00      0.00      0.00      0.00
  241.88       NaN       NaN       NaN       NaN       NaN       NaN       NaN      0.00      0.00      0.00      0.00      0.00      0.00      0.00
  241.92       NaN       NaN       NaN       NaN       NaN       NaN       NaN      0.00      0.00      0.00      0.00      0.00      0.00      0.00
  241.96       NaN       NaN       NaN       NaN       NaN       NaN       NaN      0.00      0.00      0.00      0.00      0.00      0.00      0.00
  243.00      4.77     17.80    -24.29    -26.56    -47.05    -61.12    -61.96      0.74      0.27      0.38      0.09      0.19      0.33      1.93
  243.04       NaN      8.31    -19.19    -33.06    -52.21    -41.58    -37.95       NaN      0.93      1.12      0.13      0.81      0.19      0.51
  243.08       NaN      4.80     -9.52    -51.87    -60.50    -68.15    -60.38       NaN      0.10      1.37      1.43      1.19      0.17      1.79
  243.13     13.59    -11.99    -38.04    -45.11    -59.48    -62.47    -41.69      0.14      0.24      0.87      0.26      0.96      0.28      0.23
  243.17    -51.86    -49.90    -39.68    -43.14    -48.60    -48.59    -55.97      0.36      0.44      0.06      0.37      0.13      0.25      0.64
  243.21    -55.33    -49.11    -33.15    -33.37    -27.55    -37.20    -52.61      0.42      0.06      1.02      0.59      0.41      0.91      1.37
  243.25    -50.42    -19.04    -24.06    -20.81    -29.77    -45.40    -32.50      0.24      0.08      0.11      0.32      0.19      0.52      0.17
  243.29    -31.83    -24.30    -17.41    -10.12    -20.40    -36.27    -66.17      1.10      0.07      0.03      0.45      0.27      0.17      0.12
  243.33    -29.16    -21.06    -15.90     -9.86    -14.76    -45.74    -73.17      2.20      1.49      0.27      0.06      0.50      0.09      0.85
  243.38    -30.73    -17.11     -7.92    -10.27      5.72     -2.62    -19.02      0.33      0.69      0.31      0.15      0.19      1.34      2.00
  243.42     -3.10     -5.20     22.11     26.57     20.75     16.45       NaN      1.89      0.19      0.05      0.21      0.47      0.83       NaN
  243.46    -15.22     -0.01     15.66     27.68     27.72     30.79     26.75      0.01      1.32      0.83      0.24      0.38      0.74      0.24
  243.50      0.06      3.32     19.84     27.53     11.96      2.96       NaN      0.74      0.66      0.15      0.69      0.25      0.09       NaN
  243.54     10.39    -10.62     -4.76      1.66    -45.63    -60.00       NaN      1.17      0.07      0.83      0.40      0.84      0.36       NaN
  243.58    -15.36      7.18      4.42    -15.86    -22.95    -44.09       NaN      0.33      0.50      0.07      1.31      2.24      0.25       NaN
  243.63       NaN     -5.69      3.32    -40.50    -45.36       NaN       NaN       NaN      0.78      0.19      0.67      0.91       NaN      0.00
  243.67    -31.10      3.22    -19.58    -40.11    -71.27       NaN       NaN      0.51      0.48      0.84      0.78      3.29       NaN      0.00
  243.71       NaN     -3.83    -25.14       NaN    -82.06       NaN       NaN       NaN      0.35      0.19       NaN      0.41       NaN       NaN
  243.75    -10.73    -21.40    -25.98    -84.83       NaN       NaN       NaN      2.10      1.29      0.80      0.82       NaN       NaN       NaN
  243.79       NaN       NaN     -0.84       NaN       NaN       NaN       NaN       NaN       NaN      0.05       NaN       NaN       NaN      0.00
  243.83     -2.15      2.07    -19.00       NaN       NaN       NaN       NaN      2.33      1.37      0.41       NaN       NaN       NaN       NaN
  243.88       NaN     13.20    -41.57    -54.59    -41.62    -40.05       NaN       NaN      1.53      0.12      0.44      0.19      0.69       NaN
  243.92       NaN     -9.48    -26.18    -31.53    -43.54   -100.86    -56.88       NaN      0.39      0.85      0.60      0.04      0.96      0.73
  243.96     48.73      2.10    -11.78    -12.03    -30.73    -64.49       NaN      0.99      1.08      0.15      0.75      0.67      0.34       NaN
