  121.00     -3.27     -0.50     21.27     47.09     42.99     27.30    -11.17      0.09      0.10      0.15      0.78      0.38      0.61      0.28
  121.04     13.92     17.85     43.17     47.83     25.41     20.04      6.25      1.26      0.31      0.09      0.34      0.09      0.73      1.10
  121.08     16.23     33.93     44.24     41.13     21.52      7.16     29.62      0.11      0.01      0.59      0.51      0.31      0.13      1.19
  121.13       NaN     37.77     34.77     36.05      0.54     -3.64    -23.55       NaN      0.19      0.01      0.40      0.10      0.02      0.06
  121.17     -0.00     39.54     30.75      2.52    -12.15    -39.48    -40.20      0.03      0.19      0.14      0.10      0.05      0.30      0.71
  121.21     14.68     28.06     17.77      0.16    -20.63    -28.44     -9.40      0.02      0.01      0.04      0.09      0.26      0.05      0.36
  121.25     11.70     28.04     12.48     -6.15    -23.07    -19.68     -8.39      0.21      0.20      0.19      0.23      0.05      0.05      1.01
  121.29     14.34     17.34      8.84    -13.19    -22.44    -15.56     -4.67      0.07      0.25      0.08      0.20      0.31      0.16      0.34
  121.33      5.20      2.87     10.41      9.27      9.71      8.94     -1.65      0.72      0.27      0.10      0.06      0.27      0.32      0.02
  121.38     -3.05     14.12     21.24     12.65     25.87     39.92     31.49      0.52      0.06      0.57      0.39      0.81      0.00      0.15
  121.42     -7.40      1.19      9.63      9.75     28.89     53.24     44.07      1.00      0.09      0.03      0.54      0.27      0.72      0.32
  121.46     11.72     11.64     14.25     31.48     43.89     57.45     33.61      0.54      0.57      0.03      0.48      0.50      0.19      0.15
  121.50    -10.49      5.05     23.69     48.53     64.93     43.61     20.62      0.27      0.53      0.59      0.13      0.30      0.41      0.09
  121.54     -1.39     12.34     47.79     76.89     54.62     14.53     -7.78      0.52      0.11      0.29      0.37      0.62      0.33      0.46
  121.58     -9.26      2.92     58.35     82.97     39.23     -9.15       NaN      0.03      0.43      0.46      0.52      0.45      0.78       NaN
  121.63     18.60     40.63     51.65     62.16     25.11    -17.97       NaN      0.97      0.63      0.22      0.74      0.37      0.75       NaN
  121.67    -15.36     12.68     60.11     52.37     25.78      0.23       NaN      0.01      1.11      0.44      0.56      0.01      0.74       NaN
  121.71    -10.28    -22.45     41.24     52.02     27.11     16.10       NaN      1.17      0.30      0.89      0.61      1.09      0.70       NaN
  121.75    -22.28     -5.41     33.52     60.98     13.61     -4.94       NaN      0.51      0.10      0.14      0.91      0.57      0.08       NaN
  121.79       NaN      3.21     74.34     70.70     81.70       NaN       NaN       NaN      0.40      1.23      1.07      2.74       NaN       NaN
  121.83       NaN     -5.48     66.26     71.82     21.40       NaN       NaN       NaN      0.04      0.26      1.15      1.24       NaN       NaN
  121.88    -34.42     10.16     57.62     66.81     -1.81    -20.50       NaN      0.12      0.48      0.35      0.41      0.58      1.27       NaN
  121.92    -16.43     35.67     86.17     26.47    -18.12    -40.72    -29.15      0.24      0.61      0.02      0.41      0.41      0.02      0.64
  121.96     -0.00     40.99     73.18     14.56     -3.74    -44.35    -39.98      0.47      0.10      0.18      0.40      0.04      0.31      1.19
  122.00     -3.73     69.72     74.64     31.37    -25.29    -63.67    -55.40      0.18      0.17      0.42      0.13      0.30      0.33      0.07
  122.04     29.73     44.22     30.75     19.13    -21.27    -40.03     -5.11      0.76      0.77      0.65      0.46      0.20      0.16      0.37
  122.08     28.34     45.98     25.35    -22.73    -51.14    -49.95   -101.00      0.06      0.37      0.37      0.05      0.03      0.75      0.20
  122.13     37.87     45.41    -15.67    -43.78    -54.05    -52.43    -51.62      0.23      0.72      0.00      0.14      0.05      1.11      2.10
  122.17     12.71      6.34    -28.35    -72.05    -57.61    -52.35    -84.60      1.98      1.02      0.89      0.31      0.02      0.83      0.30
  122.21     19.74      4.87    -55.47    -79.19    -75.37    -46.88    -40.70      0.23      0.39      0.37      0.27      0.22      0.20      0.16
  122.25      0.50    -10.11    -58.68    -81.19    -70.93    -62.12    -35.86      1.51      0.18      0.08      0.12      0.06      0.09      0.31
  122.29      6.01     -6.75    -48.68    -66.92    -57.09    -38.32    -15.65      0.15      0.21      0.36      0.09      0.59      0.15      0.35
  122.33     11.30      9.06    -29.63    -50.28    -43.54    -33.85     12.70      0.40      0.04      0.29      0.24      0.01      0.13      0.95
  122.38      8.61     12.36    -18.62    -44.09    -23.63     14.71     29.19      0.40      0.19      0.22      0.10      0.07      0.36      0.69
  122.42     17.46     -1.93    -33.25    -42.55    -15.47     16.31     15.18      0.18      0.31      0.16      0.02      0.30      0.30      1.32
  122.46     28.79     -1.80    -45.51    -44.65    -17.68      1.99      8.06      0.23      0.41      0.44      0.24      0.02      0.08      0.70
  122.50      0.90    -47.10    -59.71    -48.73    -11.95     -2.76    -20.00      0.75      0.27      0.18      0.32      0.08      0.72      0.77
  122.54    -16.14    -39.65    -47.10    -13.41      5.03     14.34      0.67      0.76      1.18      0.21      0.45      0.63      0.75      0.90
  122.58    -31.51    -26.69    -25.01     25.91     30.30      9.82     16.58      0.96      0.29      0.82      0.13      0.56      0.86      0.54
  122.63    -13.55    -29.90    -11.58     34.93     33.11     15.18       NaN      0.17      0.19      0.31      0.02      0.09      0.12       NaN
  122.67    -14.24    -17.72    -13.07     42.97     41.94     31.54       NaN      1.04      0.01      0.65      0.31      0.29      2.00       NaN
  122.71    -13.06    -71.25    -42.87     27.02     18.91       NaN       NaN      1.08      0.57      0.05      1.99      0.00       NaN      0.00
  122.75       NaN       NaN       NaN       NaN       NaN       NaN       NaN       NaN       NaN       NaN       NaN       NaN       NaN      0.00
  122.79       NaN       NaN       NaN       NaN       NaN       NaN       NaN       NaN       NaN       NaN       NaN       NaN       NaN      0.00
  122.83    -17.37     -2.76     67.09     87.99     64.54       NaN       NaN      0.56      0.07      0.09      1.06      1.22       NaN       NaN
  122.88       NaN     52.90     84.70     88.99     72.06     18.04      9.69       NaN      0.49      0.29      0.12      0.52      0.45      0.40
  122.92      4.98     51.11     82.51     78.05     47.83     19.17      7.51      0.51      0.63      0.09      0.56      0.02      1.26      1.99
  122.96     -4.27     60.02     93.40     73.42     41.14     -8.22    -11.38      0.38      0.73      0.00      0.41      0.20      0.19      0.35
  123.00     12.00     76.33     78.26     51.38     16.05     -7.15    -15.65      0.22      0.38      0.03      0.57      0.84      0.77      0.39
  123.04     15.04     79.25     51.27     23.66    -22.44    -34.89    -51.56      0.49      0.31      0.22      0.57      0.36      0.04      0.34
  123.08     39.55     71.44     27.00     -2.22    -28.61    -35.75    -33.50      1.18      0.15      0.05      0.08      0.01      0.10      0.70
  123.13     37.24     39.62     -9.69    -31.24    -48.40    -48.04    -44.05      0.73      1.15      0.26      0.16      0.10      0.30      0.69
  123.17     26.80     24.66      2.07    -46.05    -51.40    -43.57    -42.16      0.06      0.39      0.31      0.16      0.12      0.00      0.46
  123.21     23.27     18.78    -29.99    -42.23    -52.49    -42.53    -45.97      1.92      0.04      0.16      0.11      0.22      0.33      0.14
  123.25     12.19     14.61    -15.50    -36.79    -40.53    -32.23    -22.63      0.30      0.24      0.11      0.04      0.14      0.40      0.08
  123.29      0.15    -11.06    -10.25    -26.98    -25.73    -11.26    -23.30      0.32      0.77      0.24      0.16      0.06      0.57      0.65
  123.33     -5.89    -18.35     -7.67     -7.09     -6.07    -13.21    -19.71      0.31      0.57      0.01      0.17      0.08      0.03      0.24
  123.38    -30.96    -20.18     -5.18      2.92     -4.81    -11.63     21.53      0.02      0.08      0.27      0.01      0.26      0.68      0.83
  123.42    -26.22    -27.44     -9.44    -12.14    -19.41    -21.36     -8.82      0.36      0.13      0.05      0.26      0.02      0.46      0.32
  123.46     -2.70    -10.74    -11.83    -18.41    -23.33    -39.07    -28.52      0.46      0.08      0.25      0.05      0.46      0.67      0.69
  123.50     11.93    -10.04    -11.46    -27.99    -42.06    -48.33    -27.92      1.73      0.55      0.31      0.38      0.03      0.36      0.71
  123.54     10.48      2.23     -8.87    -29.67    -40.72    -34.18    -13.27      0.01      0.40      0.58      0.03      0.32      0.46      0.13
  123.58     -0.97     11.19    -12.49    -28.02    -38.55    -25.89     16.31      0.27      0.24      0.02      0.33      0.04      0.84      0.67
  123.63      1.63    -11.23    -28.06    -28.19    -10.94    -11.97     25.28      0.16      0.23      0.06      0.19      0.17      0.39      0.25
  123.67    -24.74    -25.47    -18.87     -7.05     17.57     19.22     13.64      0.81      0.41      0.91      0.53      0.91      0.16      0.86
  123.71    -38.81    -35.55    -34.02     47.32     33.52     24.50     26.20      0.48      0.65      0.51      0.30      0.46      1.62      1.42
  123.75    -17.05    -22.50     15.73     31.13     30.53     21.18       NaN      1.63      0.05      1.40      0.21      0.22      2.14       NaN
  123.79       NaN    -25.71      5.48     71.21     43.98       NaN       NaN       NaN      1.12      1.20      1.02      1.10       NaN       NaN
  123.83       NaN     14.90     16.17       NaN       NaN       NaN       NaN       NaN      1.67      1.40       NaN       NaN      0.00       NaN
  123.88     11.03      5.20     41.68     32.14     34.51    -12.34       NaN      1.27      0.30      0.31      0.30      1.23      1.65       NaN
  123.92       NaN      7.01     14.22     25.52    -19.90     -2.25       NaN       NaN      0.58      0.74      0.21      1.22      0.58       NaN
  123.96     27.90     16.22     30.09     46.15     16.72     11.45       NaN      0.03      0.06      0.68      0.55      0.31      0.75       NaN
  124.00     29.07     27.78     38.57     40.44     -5.99    -36.75    -60.37      0.14      0.23      0.50      0.88      0.08      0.24      0.61
  124.04     42.03     31.44     28.82      8.33    -22.84    -47.02    -56.85      0.28      0.13      0.14      0.03      0.18      0.03      0.14
  124.08     42.28     19.79      2.51    -22.10    -44.15    -69.56    -33.59      0.43      0.30      0.87      0.27      0.25      0.11      1.23
  124.13     -7.65    -19.01    -23.41    -44.90    -73.34    -64.95    -45.41      0.36      0.43      0.38      0.18      0.14      0.15      0.41
  124.17    -31.87    -42.05    -47.79    -65.13    -77.94    -54.12    -18.96      0.36      0.72      0.21      0.51      0.64      0.26      0.50
  124.21    -27.83    -46.08    -47.31    -75.03    -72.08    -41.18      9.06      0.86      0.29      0.05      0.35      0.25      0.34      0.81
  124.25    -34.36    -28.56    -40.14    -59.63    -59.14    -24.00     34.24      0.44      0.19      0.28      0.21      0.43      0.32      0.20
  124.29    -19.44    -16.89    -21.19    -43.31    -54.62    -18.39     23.35      0.12      0.18      0.11      0.04      0.16      0.14      0.06
  124.33    -15.13     -1.75     -4.45    -24.92    -20.04      3.00     55.27      0.19      0.29      0.09      0.20      0.44      0.08      0.10
  124.38    -24.96      7.57      0.21     -3.63     20.00     45.43     22.02      0.06      0.38      0.04      0.12      0.69      0.68      1.40
  124.42     -9.11     20.23     17.72     15.40     29.54     44.65     13.58      0.04      0.29      0.34      0.17      0.13      0.17      0.97
  124.46     -0.41     17.39     25.05     20.82     36.43     23.35    -11.41      0.00      0.29      0.19      0.21      0.26      0.23      0.62
  124.50     12.16     26.72     25.94     19.32     10.08    -34.12    -71.04      0.37      0.59      0.17      0.25      0.21      0.27      0.33
  124.54     16.60     29.88    -17.45    -12.09      2.49     -5.10    -51.87      0.87      0.28      0.38      0.61      0.04      0.36      0.34
  124.58      9.58     15.23    -18.67     -1.65     24.88     15.39      2.85      1.00      0.41      0.23      0.69      1.00      0.37      1.64
  124.63     30.79      8.55    -15.78      9.35     19.55     -3.85       NaN      0.87      0.39      0.02      0.25      0.30      0.86       NaN
  124.67     20.04     21.68    -23.91     25.11     20.06     22.48       NaN      1.13      0.73      0.01      1.07      0.75      1.65       NaN
  124.71       NaN     23.84     14.02     51.12     29.71      1.26       NaN       NaN      0.44      0.73      0.22      0.86      0.19       NaN
  124.75       NaN       NaN       NaN       NaN       NaN       NaN       NaN       NaN       NaN       NaN       NaN       NaN       NaN       NaN
  124.79      1.13     -5.21     18.02     33.68       NaN       NaN       NaN      0.16      0.55      0.10      0.80       NaN       NaN      0.00
  124.83     18.41      1.44     37.02     50.90     37.33       NaN       NaN      0.05      0.96      0.15      0.15      0.62       NaN       NaN
  124.88     -1.13     23.99     41.53     38.79     -4.48       NaN       NaN      0.61      0.32      0.81      0.37      0.59       NaN       NaN
  124.92     13.17     27.35     44.76     -0.93    -33.41    -32.38       NaN      0.30      0.70      0.91      0.30      0.88      1.14       NaN
  124.96     31.91     27.17     39.06     10.91    -41.12    -58.09       NaN      1.15      0.24      0.35      0.47      0.26      0.01       NaN
  130.00     -4.51     13.45     41.93     10.64    -27.35    -42.12    -18.62      1.23      0.78      0.11      0.62      0.02      0.02      1.49
  130.04     -0.15     36.08     20.56     -5.09    -27.70    -49.88    -46.82      0.43      0.58      0.22      0.02      0.14      0.16      0.19
  130.08     23.72     41.21      5.23    -19.04    -56.75    -74.64    -48.82      0.01      0.29      0.03      0.39      0.12      0.16      1.75
  130.13     28.25     19.01    -10.03    -46.69    -90.98    -81.52    -51.33      0.51      0.06      0.12      0.07      0.02      0.53      0.69
  130.17     14.03     -4.56    -41.04    -76.23    -78.14    -64.62    -35.64      0.07      0.13      0.33      0.29      0.20      0.01      0.60
  130.21      6.79     -8.73    -42.78    -61.83    -67.33    -51.63    -38.83      0.83      0.48      0.56      0.60      0.54      0.42      0.07
  130.25     -9.44    -16.24    -34.63    -52.42    -51.36    -27.77     -3.29      0.04      0.03      0.38      0.07      0.02      0.04      0.33
  130.29      3.84     -4.53    -20.57    -41.44    -30.02     -5.56     25.40      0.76      0.18      0.15      0.31      0.24      0.25      0.73
  130.33     10.95     13.71    -12.63    -30.84    -21.94     22.62     62.43      0.83      0.14      0.25      0.12      0.28      0.25      0.04
  130.38      5.52     14.78      0.37     -8.06     -1.03     17.49     50.08      0.33      0.01      0.10      0.02      0.35      0.47      0.80
  130.42    -11.95      3.79     -3.51     -5.17     12.83     31.00     -2.39      0.40      0.44      0.19      0.06      0.19      0.17      0.38
  130.46    -11.26      4.07     -2.92     -6.16     23.49     27.30    -27.21      0.46      0.08      0.35      0.04      0.31      0.13      0.08
  130.50     10.87      5.96    -12.06    -10.79     17.73    -19.31    -77.24      1.23      0.07      0.11      0.04      0.08      1.10      0.33
  130.54     -8.89     -0.75     -7.71     16.37      9.74    -23.30    -84.22      0.08      0.12      0.22      0.29      0.14      0.12      0.25
  130.58      6.50      8.50    -12.89    -18.04    -12.94      3.30    -21.05      0.40      0.63      0.24      0.21      0.13      0.62      1.49
  130.63    -17.06      4.35    -37.59    -16.39      5.60      1.94       NaN      1.04      0.94      0.53      0.26      0.08      0.55       NaN
  130.67     -5.47    -20.29    -16.17     21.18     34.37    -10.95       NaN      0.30      0.77      0.49      0.15      0.35      0.24       NaN
  130.71    -32.12    -22.01     -0.90     45.30     42.49     25.95       NaN      1.83      0.08      0.87      0.16      0.61      0.22       NaN
  130.75       NaN       NaN       NaN     61.80     72.46       NaN       NaN       NaN       NaN       NaN      0.33      0.62       NaN       NaN
  130.79    -24.26    -25.02       NaN       NaN       NaN       NaN       NaN      0.55      0.03       NaN       NaN       NaN       NaN       NaN
  130.83       NaN     -2.20     -1.69       NaN       NaN       NaN       NaN       NaN      0.32      0.51       NaN       NaN       NaN      0.00
  130.88    -46.24     -0.35     53.93     47.37     29.36       NaN       NaN      0.37      0.85      0.56      0.03      0.25       NaN       NaN
  130.92    -13.50     21.35     40.69     51.81      0.49    -37.34       NaN      0.47      0.81      0.15      0.29      0.32      0.22       NaN
  130.96     -6.69     18.94     33.88     30.08    -15.93    -16.80    -38.19      0.10      0.35      0.12      0.19      0.00      0.28      1.69
  131.00      2.97     13.79     52.46     35.04    -12.72    -31.50    -16.60      0.30      0.90      0.27      0.30      0.64      0.20      0.17
  131.04     16.90     34.91     47.08     47.65      4.31    -49.20    -71.98      0.71      0.24      0.23      0.36      0.18      0.12      0.34
  131.08     44.55     48.42     35.49     26.86    -16.41    -54.21    -62.31      0.18      0.52      0.26      0.37      0.30      0.39      0.42
  131.13     35.92     23.74    -26.11    -36.09    -52.68    -73.83    -46.46      0.33      0.72      0.80      0.44      0.36      1.10      0.17
  131.17     27.41     17.48     -8.30    -49.99    -67.42    -73.64    -83.58      0.07      0.16      0.34      0.08      0.15      0.01      0.95
  131.21     21.22      2.09    -30.74    -48.35    -74.48    -77.12    -86.37      0.50      0.45      0.03      0.25      0.17      0.06      0.21
  131.25     11.45     -0.69    -29.01    -54.26    -74.35    -68.11    -45.35      0.04      0.32      1.00      0.02      0.00      0.44      0.55
  131.29     30.08     -6.13    -35.34    -57.13    -64.86    -42.69     -5.79      0.32      0.31      0.26      0.46      0.15      0.25      0.67
  131.33     26.97     -5.27    -43.69    -51.23    -42.19      9.07     38.21      0.60      0.31      0.25      0.25      0.32      0.31      0.42
  131.38     16.98      0.91    -32.60    -46.92    -23.47     19.31     61.24      0.16      0.32      0.19      0.12      0.13      0.88      1.99
  131.42     26.99     -9.45    -27.39    -32.96      0.99     48.38     64.78      0.63      0.35      0.16      0.26      0.02      0.27      0.70
  131.46     -3.76     -9.28    -42.06    -38.02     16.61     59.70     37.47      0.19      0.50      0.00      0.49      0.56      0.62      0.25
  131.50      3.49    -11.23    -24.37    -11.65     44.87     38.03     -6.43      0.64      0.11      0.34      0.08      0.02      0.37      0.90
  131.54      7.78    -21.39    -34.13    -26.36     37.04     56.68     27.04      0.10      0.87      1.00      0.07      0.49      0.33      0.22
  131.58      5.66    -32.59    -55.70    -33.00     19.31     17.65       NaN      0.04      0.55      0.05      0.18      0.03      0.10       NaN
  131.63      8.44    -41.55    -64.91    -20.03     23.88      5.38       NaN      0.54      0.03      0.38      0.33      0.43      0.22       NaN
  131.67    -15.00    -31.36    -39.73    -12.36     20.26      7.47       NaN      0.14      0.49      0.41      0.47      0.10      0.69       NaN
  131.71    -21.27    -32.13    -37.30     -2.62     19.29      9.98       NaN      1.59      0.53      0.17      0.30      0.27      0.10       NaN
  131.75     -4.24    -18.76    -25.85     51.95     44.03       NaN       NaN      0.66      0.67      0.90      0.50      0.14       NaN       NaN
  131.79       NaN       NaN       NaN     37.25     53.73     26.49       NaN       NaN       NaN       NaN      2.73      2.90      0.76      0.00
  131.83       NaN      1.94       NaN       NaN       NaN       NaN       NaN       NaN      0.18       NaN       NaN       NaN       NaN       NaN
  131.88    -55.26    -30.02     83.49     24.58       NaN       NaN       NaN      1.19      1.38      1.67      2.05       NaN       NaN       NaN
  131.92    -33.59     26.00     41.11     23.86     13.99     -3.10       NaN      0.73      0.56      0.86      0.98      0.19      1.62       NaN
  131.96    -19.79     29.46     33.01      3.99     -3.36    -23.02    -31.72      0.90      0.28      0.92      0.99      0.53      0.12      1.72
  132.00     -6.98     15.13     40.16      2.15    -15.65    -23.89    -34.45      0.47      0.08      0.26      0.18      0.18      0.59      0.30
  132.04    -12.97     24.86     28.26      2.88    -12.73    -16.48    -18.34      0.89      0.01      0.29      0.02      0.84      0.31      0.80
  132.08     28.89     16.52      2.14    -11.44    -33.86    -31.86    -34.95      0.17      0.10      0.22      0.30      0.15      0.08      0.56
  132.13       NaN      4.45      2.88    -25.94    -15.60    -25.13    -40.05       NaN      0.64      0.98      0.69      0.64      0.37      0.66
  132.17    -36.27    -38.24    -11.15    -19.75    -28.69    -23.44    -32.27      0.46      0.12      0.32      0.28      0.05      0.13      0.39
  132.21    -47.83    -47.27    -41.65    -27.10    -24.24    -32.31    -41.01      0.33      1.06      0.06      0.57      0.41      0.16      0.93
  132.25    -47.78    -66.45    -41.71    -26.13    -22.53    -27.40    -29.11      0.96      0.08      0.23      0.30      0.05      0.12      0.18
  132.29    -62.26    -39.79    -19.32     -2.22      4.01      6.66     -4.49      0.08      0.23      0.11      0.26      0.26      0.39      0.46
  132.33    -47.56    -28.05     -5.67      2.55      6.97     14.30     12.98      0.01      0.25      0.03      0.29      0.21      0.03      0.26
  132.38    -38.09    -27.10     -5.05      7.34     11.67     13.39     10.97      0.03      0.33      0.02      0.45      0.32      0.40      0.21
  132.42     -9.97    -24.83     -5.59     -5.53     -9.11    -15.49    -21.17      0.28      0.01      0.21      0.08      0.39      0.35      1.02
  132.46    -10.48    -22.30    -22.92    -16.35    -19.11    -16.08    -23.35      0.39      0.21      0.46      0.38      0.14      0.63      0.16
  132.50    -18.62    -34.50    -30.61    -30.74    -21.43     -2.68      4.06      0.82      0.21      0.04      0.49      1.41      0.00      0.97
  132.54     -5.66    -30.63    -54.06    -36.02    -28.21      1.71       NaN      1.78      0.65      0.22      0.10      0.31      0.51       NaN
  132.58    -43.65    -36.96    -38.30    -27.40     -6.82     37.56      1.35      0.47      0.32      0.73      0.40      0.67      0.02      0.15
  132.63    -15.37    -49.75    -36.17     -7.21     20.61     39.62       NaN      2.64      1.39      1.22      0.12      0.06      0.76       NaN
  132.67    -27.85    -16.74     -0.07     25.92     47.82     34.01       NaN      0.22      0.71      0.01      0.52      0.27      2.83       NaN
  132.71    -20.77    -12.04     10.59     31.51     31.45     -6.14       NaN      0.97      0.30      1.82      0.59      0.50      1.99       NaN
  132.75       NaN    -13.31       NaN       NaN       NaN       NaN       NaN       NaN      0.10       NaN       NaN       NaN       NaN       NaN
  132.79       NaN    -20.41       NaN     31.45       NaN       NaN       NaN       NaN      1.77       NaN      2.95       NaN       NaN       NaN
  132.83       NaN       NaN       NaN       NaN       NaN       NaN       NaN       NaN       NaN       NaN       NaN      0.00       NaN       NaN
  132.88    -31.41     10.32     29.61     29.28       NaN       NaN       NaN      0.52      3.66      1.65      0.97       NaN       NaN      0.00
  132.92    -29.96     17.32     42.13     36.22    -17.85    -38.95    -51.51      0.76      0.38      0.35      0.13      0.02      0.07      2.83
  132.96    -25.53      8.42     37.84     26.12    -10.35    -49.52    -42.91      0.25      0.80      0.33      0.51      0.16      0.41      1.00
  133.00    -29.85     -6.85     19.08     11.56    -29.49    -43.25    -45.41      0.39      0.05      0.08      0.30      0.13      0.69      0.06
  133.04    -25.13     29.17     39.83      8.85    -30.29    -49.00    -49.12      1.72      0.06      0.29      0.22      0.15      0.40      0.45
  133.08     -6.71     22.77     34.57    -18.14    -41.43    -58.75    -65.23      0.12      0.22      1.22      0.49      0.62      0.43      0.19
  133.13      1.18     41.62     23.43     -8.26    -42.43    -45.19    -46.55      0.23      0.33      0.60      0.21      0.27      0.21      0.19
  133.17     17.45     25.60     -5.74    -27.99    -45.13    -45.59    -36.79      0.38      0.29      0.97      0.34      0.31      0.33      0.01
  133.21     24.71     10.07    -16.65    -36.61    -46.94    -48.10    -29.40      0.17      0.18      0.47      0.35      0.28      0.41      0.37
  133.25      3.74      5.91    -10.67    -35.57    -48.22    -17.79      1.58      0.03      0.36      0.52      0.21      0.23      0.18      0.30
  133.29     24.74      8.23    -16.05    -29.62    -34.41     12.20     45.24      0.32      0.27      0.22      0.22      0.58      0.30      0.15
  133.33     22.57      6.74    -14.28    -13.98     -8.20     16.13     56.66      0.05      0.06      0.14      0.16      0.31      0.21      0.70
  133.38      9.20     -4.05    -14.26    -10.04      9.73     50.11     92.27      1.15      0.17      0.14      0.41      0.12      0.08      0.42
  133.42      6.09      0.96    -11.39     -2.29     32.95     67.44     97.71      0.13      0.07      0.36      0.10      0.08      0.09      0.39
  133.46     -7.21    -27.85    -23.59     24.98     67.89     96.58     72.74      0.27      0.16      0.03      0.24      0.64      0.19      0.38
  133.50     -7.21    -24.63    -18.52     27.63     87.18     90.23     87.81      0.11      0.23      0.08      0.19      0.63      0.16      0.69
  133.54    -10.00    -29.93    -16.83     22.68     66.06     80.34     71.47      0.19      0.45      1.01      0.07      0.59      0.84      0.85
  133.58    -32.00    -24.77     16.98     71.74     94.64     86.81       NaN      0.68      0.02      0.05      0.90      0.45      1.98       NaN
  133.63    -30.07    -27.26     27.58     61.56     94.38       NaN       NaN      1.38      0.03      0.21      0.41      0.11       NaN       NaN
  133.67    -45.29    -21.76     22.17     84.19     60.68     34.81       NaN      1.12      0.42      1.23      0.37      0.21      1.90       NaN
  133.71    -22.76    -38.74     17.95     71.14     81.64     77.33       NaN      2.06      0.62      0.19      0.35      0.54      0.46       NaN
  133.75    -39.01    -27.66     43.89     56.86     60.34       NaN       NaN      0.54      0.40      0.34      1.46      0.18       NaN       NaN
  133.79    -50.61    -25.27     20.25     65.23     74.24       NaN       NaN      1.01      1.12      1.23      1.29      2.45       NaN       NaN
  133.83    -29.29       NaN     20.61     91.48       NaN       NaN       NaN      0.17       NaN      1.18      0.28       NaN      0.00       NaN
  133.88    -27.40     31.77     73.21     67.16     71.29       NaN       NaN      0.16      1.14      0.80      0.58      0.24       NaN       NaN
  133.92    -17.62     14.48     70.60     55.08     42.83     47.48       NaN      0.02      0.07      0.10      0.30      1.05      0.21       NaN
  133.96    -15.93     22.91     51.89     48.97     31.26     16.13       NaN      0.53      0.10      0.15      0.49      0.96      0.36       NaN
  134.00     16.89     43.92     55.19     46.04     20.10      6.71    -17.81      0.23      0.04      0.62      0.68      0.13      0.14      0.92
  134.04     14.39     50.03     49.63     45.54     15.29     12.37     -7.53      0.34      0.61      0.45      0.02      1.27      0.88      0.30
  134.08     -2.96     30.21     44.47     35.87     19.80    -10.04    -35.55      0.36      0.75      0.18      0.35      0.03      0.42      0.45
  134.13    -27.34     25.22     25.55      2.99     -2.11    -21.99    -24.90      0.78      0.13      0.28      0.27      0.46      0.12      0.74
  134.17    -10.78      7.46      1.07     -6.31    -12.02    -21.57    -33.39      0.16      0.39      0.08      0.14      0.37      0.43      0.83
  134.21    -41.22      1.97     -8.53     -4.43     -5.71    -16.27    -26.35      0.44      0.47      0.09      0.10      0.08      0.32      0.78
  134.25    -26.57      0.43     12.74      5.74      8.29     -2.96    -30.28      0.02      0.24      0.69      0.71      0.20      0.22      0.59
  134.29    -31.74     10.33     11.21      1.40      6.71     -8.66    -11.96      0.01      0.18      0.15      0.10      0.17      0.17      0.11
  134.33    -30.58      6.00      6.18      3.64      8.04      5.72      3.84      0.01      0.14      0.04      0.52      0.14      0.24      0.70
  134.38    -11.86     12.09     11.36      8.26      7.33      2.75      7.27      0.16      0.06      0.03      0.20      0.40      0.12      0.92
  134.42     14.97     22.45     13.84      3.71     -2.89      7.18     42.05      0.35      0.82      0.23      0.18      0.14      0.07      1.92
  134.46     -2.15     11.13      1.51     -0.78     -6.21    -12.04      0.62      0.27      0.16      0.20      0.00      0.05      0.16      0.60
  134.50     -9.52    -16.12    -11.41     -9.79      3.29     -1.49      2.11      0.13      0.23      0.09      0.05      0.43      0.11      0.02
  134.54      3.85    -23.36    -24.31     -7.35     14.12     17.21     -6.29      0.15      0.34      0.18      0.12      0.31      0.41      0.14
  134.58     -7.18    -28.52    -29.62    -33.28     23.14     32.29    -30.96      0.29      0.17      0.00      0.27      0.83      0.71      2.40
  134.63    -10.65    -33.10    -52.78     18.38     58.95       NaN       NaN      0.35      0.27      0.78      0.29      0.50       NaN       NaN
  134.67       NaN    -47.75    -43.50      8.15     76.64       NaN       NaN       NaN      0.31      0.15      1.32      2.97       NaN       NaN
  134.71    -14.57    -45.39    -17.57      8.96     22.92       NaN       NaN      1.88      2.09      0.61      0.19      0.52       NaN       NaN
  134.75       NaN    -56.28    -53.92     57.72       NaN       NaN       NaN       NaN      0.98      0.57      0.98       NaN       NaN       NaN
  134.79    -43.16    -27.19     22.01       NaN       NaN       NaN       NaN      0.07      0.46      0.73       NaN       NaN       NaN       NaN
  134.83       NaN    -60.13       NaN       NaN       NaN       NaN       NaN       NaN      0.03       NaN      0.00       NaN       NaN      0.00
  134.88       NaN       NaN     56.06     55.04     44.41       NaN       NaN       NaN       NaN      0.59      1.28      1.48       NaN       NaN
  134.92    -35.82      4.30     45.38     66.10     35.00       NaN       NaN      0.37      0.92      0.89      0.17      0.64       NaN       NaN
  134.96    -33.32     -5.11     35.36     45.63     19.43      6.91    -28.90      0.14      0.52      0.48      0.92      0.78      0.33      0.54
  135.00    -18.73     23.62     56.13     53.70     27.06     -6.55    -63.13      0.24      0.01      1.06      0.46      1.14      0.61      0.60
  135.04    -35.64     57.08     62.60     31.85     20.67    -30.80    -58.42      0.63      0.87      0.07      0.14      0.07      1.59      0.89
  135.08    -13.40     30.41     40.16     28.26     -6.73    -23.81    -42.77      0.44      0.01      0.51      0.37      0.00      0.11      0.85
  135.13     -8.73     -1.26     28.31      5.13    -29.75    -53.86    -67.24      0.66      0.11      0.30      1.04      0.71      0.41      0.34
  135.17    -33.78      0.12      8.25    -18.80    -42.12    -70.08    -59.59      0.25      0.27      0.29      0.25      0.44      0.25      0.22
  135.21      2.68     16.70      2.21    -40.97    -66.94    -57.14    -63.40      0.25      0.01      0.01      0.23      0.02      0.04      0.07
  135.25    -19.52     -4.61    -17.11    -48.81    -60.50    -59.82    -35.52      0.51      0.34      0.19      0.33      0.34      0.41      0.01
  135.29    -12.79    -23.32    -29.09    -57.40    -60.47    -47.89    -12.33      0.26      0.36      0.13      0.50      0.15      0.19      0.24
  135.33     -5.81    -24.98    -34.00    -47.54    -38.23     15.95     56.40      0.61      0.33      0.01      0.09      0.27      0.36      0.01
  135.38     -6.53    -16.68    -37.67    -37.25     -8.22     29.41     48.48      0.50      0.23      0.21      0.39      0.19      0.07      0.00
  135.42    -17.29    -29.70    -43.10    -26.05     -1.36     34.05     41.00      0.14      0.14      0.26      0.18      0.20      0.65      0.72
  135.46    -21.48    -40.66    -56.10    -38.98     27.48     48.22     24.74      0.37      0.24      0.34      0.36      0.34      0.11      0.03
  135.50    -28.21    -59.82    -53.50    -19.77     17.28     20.48     13.24      0.23      1.20      0.62      0.73      0.10      0.69      0.12
  135.54    -29.67    -72.29    -63.29    -35.03     24.48     18.73     14.53      0.01      0.06      0.14      0.01      0.37      0.14      0.27
  135.58    -57.53    -68.53    -63.22      5.04     50.89     60.08    -35.26      0.84      0.33      0.07      0.56      0.42      0.53      0.02
  135.63    -66.63    -73.33    -42.79     -7.35     32.29     42.36       NaN      0.03      0.56      0.10      0.51      0.68      2.38       NaN
  135.67       NaN    -52.47    -59.79     24.60     45.80    -27.72    -61.21       NaN      1.06      1.13      0.09      1.13      1.22      0.48
  135.71    -53.04    -57.49    -37.15     42.21     74.19       NaN       NaN      0.71      0.63      0.72      0.02      1.24       NaN       NaN
  135.75    -47.23    -66.20    -41.14      9.55       NaN       NaN       NaN      0.71      1.50      1.66      2.72       NaN       NaN       NaN
  135.79    -21.14     -7.94       NaN       NaN       NaN       NaN       NaN      0.40      0.33       NaN       NaN       NaN       NaN       NaN
  135.83    -32.88    -36.37    -42.86       NaN       NaN       NaN       NaN      0.48      0.16      0.27       NaN       NaN       NaN      0.00
  135.88      5.62    -39.56      4.95     -6.36     30.84       NaN       NaN      0.01      0.41      2.65      2.71      0.73       NaN       NaN
  135.92    -10.05    -45.74      4.33     23.90     29.78       NaN       NaN      0.97      0.35      0.47      0.42      0.64       NaN       NaN
  135.96     -4.25    -25.13    -18.31     25.73     26.08     11.04       NaN      0.34      0.17      0.33      0.03      1.85      2.31       NaN
  136.00      8.47    -47.34     -7.07     13.67     11.58     16.35       NaN      0.21      0.55      0.31      0.60      0.03      0.89       NaN
  136.04    -55.80    -42.55    -13.50     10.41     13.76      5.39    -43.80      0.12      0.02      0.38      0.64      0.42      0.20      1.23
  136.08    -43.77    -34.45    -19.28     -2.06      1.17     -9.99     63.94      1.38      0.05      0.01      0.10      0.04      0.09      3.49
  136.13    -22.24    -26.46    -21.74    -17.56    -22.93    -26.08    -32.53      0.11      0.08      0.31      0.18      0.61      1.06      0.59
  136.17    -48.19    -40.55    -24.25    -22.17    -27.74    -35.39    -40.58      0.70      0.62      0.34      0.42      0.18      0.46      0.97
  136.21    -36.52    -36.92    -23.39    -22.48    -49.45    -36.10    -13.82      0.39      0.25      0.04      0.17      0.16      0.07      0.03
  136.25    -38.42    -35.37    -25.36    -31.25    -36.93    -28.56     -5.61      0.12      0.05      0.57      0.14      0.01      0.59      0.06
  136.29    -25.65    -25.36    -18.23    -20.04    -19.53      6.23     46.59      0.01      0.20      0.47      0.40      0.05      0.19      0.08
  136.33    -20.73    -20.95    -11.72     -8.32     -7.12     13.09     26.67      0.52      0.10      0.32      0.15      0.23      0.88      0.29
  136.38    -34.24    -15.33      2.73      1.80      3.67      6.51     10.93      0.30      0.42      0.14      0.40      0.01      0.13      1.72
  136.42     -9.79     -8.91     -1.91     -5.30     -7.61     10.76     19.65      0.02      0.38      0.12      0.39      0.14      0.30      0.48
  136.46    -17.25     -9.24     -5.45    -12.28    -13.74     -1.02      3.72      0.58      0.03      0.12      0.30      0.22      0.31      0.30
  136.50      9.33    -17.79    -20.75    -19.95    -16.87     -5.25    -37.28      0.94      0.11      0.11      0.37      0.44      0.48      0.94
  136.54      6.50     -5.56    -13.97    -24.58    -11.39     18.60     -1.04      0.80      0.54      0.39      0.19      0.11      0.98      0.63
  136.58     -4.55     -9.23    -21.69    -22.98      8.64     17.15    -15.95      0.70      0.34      0.01      0.18      0.41      0.47      0.01
  136.63      9.83    -38.51    -43.61     -4.71     29.04     26.99    -50.01      0.60      0.52      0.56      0.08      0.17      0.32      1.59
  136.67      4.37    -34.53    -34.06    -26.91     11.83     47.36    -22.65      0.62      0.05      0.39      0.48      0.16      0.23      1.77
  136.71     14.08    -31.47    -39.09     21.73     28.63     11.65       NaN      0.62      0.62      0.10      1.17      2.38      3.88       NaN
  136.75     38.11    -34.46    -28.69     16.45       NaN       NaN       NaN      1.15      0.71      1.34      1.30       NaN       NaN       NaN
  136.79     17.18    -24.99    -26.92    -15.90       NaN       NaN       NaN      0.26      1.86      0.54      3.58       NaN       NaN       NaN
  136.83     -6.52     -7.89     36.19     36.04     30.31       NaN       NaN      0.13      0.05      0.13      0.94      0.36       NaN      0.00
  136.88    -11.31      3.07     33.68     58.91     41.07     35.02       NaN      0.66      0.14      0.12      1.48      2.92      0.83       NaN
  136.92      1.43     19.14     41.02     33.13    -14.21    -44.93       NaN      0.08      0.13      0.78      1.91      3.05      1.61       NaN
  136.96     -0.94     14.51     31.46     33.26      0.72    -36.29       NaN      1.02      0.09      0.41      0.31      0.52      1.62       NaN
  137.00    -15.40     26.03     39.16     18.34    -24.87    -53.59       NaN      0.14      1.73      1.18      0.48      0.69      1.10       NaN
  137.04    -18.51     41.75     43.51      0.58    -40.66    -49.65    -56.26      0.36      0.29      0.37      0.04      0.64      0.66      0.78
  137.08      5.77     40.86     10.85    -15.08    -41.77    -72.16    -75.36      0.31      0.40      0.61      0.28      0.12      0.38      0.36
  137.13     28.03     22.13     -9.30    -49.50    -69.39    -77.96    -11.14      0.05      0.00      0.13      0.75      0.10      0.28      1.32
  137.17     31.48    -16.22    -46.60    -86.77    -89.95    -80.61    -68.13      0.32      0.60      0.52      0.66      0.11      0.38      0.36
  137.21     -0.38    -23.89    -59.42    -92.73   -108.84   -102.60    -20.44      0.75      0.18      0.42      0.32      0.37      0.06      0.36
  137.25     -6.96    -48.47    -79.63   -114.22   -111.57    -92.41    -28.98      0.30      0.66      0.06      0.05      0.00      0.29      0.83
  137.29     -4.19    -38.93    -82.65   -105.47    -82.66    -15.11     47.80      0.88      0.27      0.09      0.03      0.05      0.09      0.20
  137.33     -3.92    -55.13    -76.60    -79.18    -37.73     16.80     83.28      0.41      0.64      0.20      0.05      0.10      0.62      0.05
  137.38     -4.44    -45.89    -58.65    -61.81    -42.00     15.34     93.93      0.21      0.00      0.45      0.10      0.02      0.58      0.12
  137.42    -16.68    -27.33    -44.45    -39.63     10.66     39.42     62.15      0.16      0.40      0.24      0.65      0.42      0.76      0.87
  137.46    -31.53    -34.63    -46.55    -35.83     -6.68     24.56     55.66      0.08      0.01      0.03      0.11      0.24      0.08      1.13
  137.50    -29.84    -48.96    -63.95    -11.53     25.10     51.50     55.37      0.99      0.75      0.17      0.27      0.13      0.09      1.67
  137.54    -35.97    -70.71    -29.78     -3.00     35.82     33.60     54.33      0.28      0.43      0.13      0.09      0.13      0.28      0.73
  137.58    -53.75    -51.19    -36.47     -8.57     -0.55     16.10     33.62      0.82      0.07      0.50      0.03      0.30      0.35      0.24
  137.63    -68.46    -65.31    -34.04      4.42    -12.65    -27.46       NaN      0.29      0.94      0.06      0.23      0.70      0.15       NaN
  137.67    -77.55    -61.27     -6.98     24.06      3.78    -22.38    -18.26      0.08      0.66      0.36      0.65      0.29      0.20      3.46
  137.71    -40.12    -27.41     19.45     18.56     23.28    -14.97    -40.59      0.75      1.24      0.37      0.47      1.33      0.92      0.67
  137.75       NaN       NaN     22.69     13.77      8.50    -11.63       NaN       NaN       NaN      0.96      0.14      1.03      2.58       NaN
  137.79       NaN     41.86       NaN     30.64       NaN     28.21       NaN       NaN      0.88       NaN      0.13       NaN      0.03       NaN
  137.83       NaN       NaN     46.96       NaN       NaN       NaN       NaN       NaN       NaN      0.40       NaN       NaN       NaN       NaN
  137.88       NaN       NaN       NaN    -22.77    -19.09       NaN     52.55       NaN       NaN       NaN      2.00      1.61       NaN      0.90
  137.92     -7.35      9.46     -6.05    -14.69    -10.93      2.48       NaN      2.06      0.89      1.31      0.21      0.59      0.60       NaN
  137.96     -1.52      5.96    -16.68    -14.91      8.98     22.88       NaN      0.10      0.20      0.86      0.28      0.15      0.55       NaN
  138.00    -24.25    -16.26    -14.24     -2.95     26.45     32.55     12.82      0.70      0.02      0.41      0.03      0.20      0.52      2.24
  138.04    -31.53      3.82     -0.91     12.04     31.46     16.14    -28.38      0.87      0.70      0.45      0.54      0.59      1.18      1.20
  138.08      3.55     15.37      5.30     16.31     17.39      4.74    -22.75      0.71      0.07      0.57      0.15      0.70      0.64      0.41
  138.13     -9.94     11.60      6.39     13.19     15.03     -9.05    -50.52      1.49      0.14      0.40      0.32      0.20      1.14      0.53
  138.17     -5.79     15.26     -5.88     -6.59    -38.39    -59.28    -74.54      0.18      0.54      0.37      0.13      0.07      0.71      0.51
  138.21      1.13     -5.70     -8.60    -12.84    -33.96    -58.99    -62.71      0.05      0.41      0.37      0.17      0.44      0.27      1.02
  138.25     -6.06     -0.86     -8.00    -14.02    -48.51    -63.01    -37.58      0.15      0.06      0.61      0.02      0.63      0.05      0.06
  138.29     -4.10      7.14     -3.26    -10.01    -33.12    -44.94    -14.20      0.30      0.19      0.08      0.06      0.06      0.46      0.04
  138.33     15.66     21.39      0.49    -21.85    -36.04    -43.69    -15.65      0.27      0.41      0.16      0.17      0.58      0.84      1.33
  138.38     10.29     14.43     -5.93    -24.03    -37.52    -36.45     -0.38      0.09      0.23      0.03      0.39      0.04      0.61      0.73
  138.42    -13.99      5.98     -5.20    -24.91    -18.79     -9.56      9.93      0.56      0.07      0.02      0.61      0.15      0.36      0.14
  138.46     -5.80      0.77     -9.26    -17.81    -20.41    -10.26     19.82      0.96      0.01      1.03      0.06      0.25      0.05      0.91
  138.50     14.28      4.67    -17.88    -28.69    -32.08    -14.77     13.91      0.88      1.27      0.85      0.08      0.11      0.22      1.50
  138.54      2.55    -15.95    -26.55    -30.78    -26.90    -29.74    -30.44      1.36      0.35      0.42      0.34      0.06      0.33      0.94
  138.58     18.22    -21.62    -22.78    -26.10    -29.32    -37.89       NaN      0.50      1.20      0.70      0.36      1.11      0.86       NaN
  138.63    -15.10    -34.09    -25.69    -36.11    -45.54    -44.83       NaN      0.06      0.27      0.02      0.31      0.57      1.44       NaN
  138.67     -3.42    -13.04    -26.69    -52.49    -47.46    -39.58       NaN      0.03      0.05      0.10      0.34      0.43      0.17       NaN
  138.71     -7.60    -13.79    -28.33    -37.97    -28.50       NaN       NaN      0.19      1.62      0.91      0.33      1.04       NaN       NaN
  138.75       NaN    -36.32    -41.50    -53.85     11.42    -11.88       NaN       NaN      0.62      0.26      0.91      2.33      1.78       NaN
  138.79     -1.59     -1.33    -18.25     22.19     30.32       NaN       NaN      0.27      0.30      0.06      1.85      1.13       NaN       NaN
  138.83       NaN       NaN       NaN     -4.11       NaN       NaN       NaN       NaN       NaN       NaN      0.27       NaN       NaN       NaN
  138.88       NaN     -3.61      6.19     17.45     16.87     -7.87   -192.38       NaN      0.35      1.17      1.28      0.69      2.09     97.54
  138.92     -2.24     -4.34     -4.29      7.41     29.52     14.41       NaN      0.70      0.03      0.01      0.92      0.80      0.77       NaN
  138.96    -11.62      7.95      4.98     11.35     16.23     10.81       NaN      0.24      0.25      1.12      0.52      0.04      0.69       NaN
  139.00      2.19      1.22     -6.02      4.84     21.45     24.07      2.99      0.86      1.03      0.25      1.05      0.10      0.11      0.23
  139.04    -14.75      7.27     -3.55      9.33     18.06      3.59     -5.65      0.21      0.03      0.09      0.10      0.02      0.24      0.17
  139.08     -3.92     -4.30      2.18      3.75      0.84      0.86       NaN      0.05      0.27      0.93      0.10      0.02      0.14       NaN
  139.13    -36.76    -16.64    -10.94    -17.65    -52.91    -59.81    -39.59      0.17      0.62      0.29      0.00      0.53      1.28      0.93
  139.17    -17.42    -28.73    -31.59    -60.14    -72.61    -64.94    -54.66      0.19      0.14      0.25      0.04      0.34      0.41      0.25
  139.21    -36.93    -37.79    -39.98    -64.61    -67.88    -52.65    -37.09      0.05      0.13      0.46      0.29      0.11      0.08      0.17
  139.25    -44.79    -23.94    -59.24    -66.39    -54.84    -44.28    -21.72      1.02      0.76      0.26      0.07      0.06      0.20      0.17
  139.29    -19.68    -28.73    -50.39    -57.44    -45.87    -43.53    -21.97      0.40      0.03      0.45      0.17      0.21      0.23      0.02
  139.33     -3.07    -20.19    -46.11    -46.81    -37.08    -31.26      1.78      0.14      0.15      0.22      0.29      0.51      0.02      0.49
  139.38    -10.73    -20.40    -36.49    -35.64    -22.79      7.65     19.58      0.22      0.34      0.01      0.09      0.13      0.35      0.17
  139.42    -21.65    -24.85    -36.85    -27.19     -9.84      2.80      0.74      1.00      0.53      0.03      0.25      0.45      0.57      0.48
  139.46    -20.65    -30.53    -31.66    -20.01      3.52     23.62     22.70      0.35      0.07      0.49      0.64      0.18      0.71      1.80
  139.50    -26.25    -32.33    -38.66     -8.52     24.75     25.79      3.30      0.90      0.25      0.22      0.11      0.33      0.30      0.58
  139.54    -45.50    -45.21    -44.73    -31.94     -0.57     -1.52      9.78      0.44      0.17      0.05      0.39      0.24      0.83      0.01
  139.58    -49.17    -71.75    -53.44    -20.65     -3.34      2.91      2.35      0.21      0.11      0.85      1.08      1.06      0.71      1.17
  139.63    -68.98    -62.48    -53.81    -17.11      6.66     29.76     11.93      1.42      0.25      0.67      0.65      0.41      0.29      0.21
  139.67    -75.13    -72.84    -44.47      6.23     31.75     23.68       NaN      0.11      0.72      0.76      0.33      1.00      1.40       NaN
  139.71    -67.55    -63.97    -42.53     18.74     57.97     55.01       NaN      0.06      0.46      0.05      0.96      2.51      3.96       NaN
  139.75    -60.00    -46.40    -40.64     10.29     40.60     23.76       NaN      0.45      0.05      0.16      2.13      0.26      0.99       NaN
  139.79    -70.45    -58.40       NaN     10.70       NaN       NaN       NaN      0.31      2.87       NaN      0.78       NaN      0.00      0.00
  139.83       NaN    -41.20     -3.19     48.81       NaN       NaN       NaN       NaN      1.86      0.72      2.27       NaN       NaN       NaN
  139.88       NaN    -20.30    -10.10      8.79     50.25     52.01       NaN       NaN      0.27      0.51      0.03      0.38      0.10       NaN
  139.92    -45.03     -8.38      1.73     28.35     39.47     25.41       NaN      0.82      0.07      0.10      0.59      0.77      1.15       NaN
  139.96    -10.78     -6.39     19.03     28.36     31.76      5.21      1.28      0.21      0.01      2.19      0.50      0.53      0.95      2.17
  140.00    -18.50     -8.53      6.24     17.02     27.82     28.04     11.78      0.01      0.68      0.31      0.29      0.05      0.48      0.67
  140.04    -12.73     -7.61      8.06     30.02     38.91     30.71      0.98      1.15      0.87      0.28      0.25      0.20      0.01      0.75
  140.08       NaN    -14.35     -6.62     12.72      0.96    -17.97    -23.84       NaN      1.47      0.27      0.07      0.77      1.50      0.86
  140.13    -15.46    -14.52      0.55     -0.78    -23.92    -54.16    -62.19      0.09      0.78      0.60      0.40      0.46      0.74      0.86
  140.17     -5.60    -19.24    -21.86    -38.05    -44.43    -62.80    -49.37      0.56      0.53      0.41      0.63      0.13      0.03      0.81
  140.21    -18.40    -44.34    -50.84    -54.49    -57.89    -62.45    -62.78      1.04      0.51      0.05      0.37      0.28      0.74      0.10
  140.25    -36.15    -48.38    -52.62    -63.88    -67.36    -63.00    -55.10      0.25      0.40      0.11      0.34      0.04      0.27      1.13
  140.29    -24.18    -34.22    -44.52    -51.12    -55.83    -20.37     38.96      0.46      0.23      0.30      0.16      0.20      0.23      0.40
  140.33    -20.54    -32.81    -41.27    -46.26    -20.33     14.15     23.68      0.27      0.30      0.07      0.41      0.35      0.33      0.65
  140.38     -9.88    -17.92    -31.15    -20.15      7.93     37.56     46.60      0.20      0.70      0.20      0.22      0.06      0.89      1.90
  140.42      7.22    -16.14    -22.52    -13.06     36.30     44.15     33.76      0.63      0.35      0.06      0.14      0.19      1.11      1.38
  140.46     16.04    -20.95    -11.12     -0.18     24.14     41.56    -15.66      0.48      1.31      0.13      0.28      0.30      0.11      1.01
  140.50    -26.53    -19.25     -9.39      5.71     28.32     21.20      9.56      1.00      0.27      0.20      0.29      0.24      0.14      0.18
  140.54    -20.52    -18.67      3.93     11.90     11.64    -41.45    -83.08      0.16      1.13      0.15      0.47      0.30      1.22      0.16
  140.58    -33.63    -22.67     -9.38    -18.86    -29.11    -36.22       NaN      0.12      0.37      0.61      0.43      0.35      0.09       NaN
  140.63    -40.22    -31.48    -22.38    -18.49    -22.49    -44.89       NaN      1.80      1.30      0.03      0.81      0.38      0.53       NaN
  140.67    -47.97    -37.07    -25.91    -48.95    -38.39    -57.72       NaN      0.15      0.78      0.54      0.75      0.28      0.24       NaN
  140.71    -38.92    -38.25    -40.95    -42.97    -32.17    -30.91       NaN      0.70      0.72      0.15      1.33      0.09      0.63       NaN
  140.75       NaN       NaN    -49.76    -35.95       NaN       NaN       NaN       NaN       NaN      0.41      1.45       NaN       NaN       NaN
  140.79       NaN       NaN       NaN       NaN       NaN       NaN       NaN       NaN       NaN       NaN       NaN       NaN       NaN       NaN
  140.83    -19.37    -30.30      9.61     39.82       NaN       NaN       NaN      1.86      0.21      3.03      0.98       NaN      0.00      0.00
  140.88       NaN       NaN       NaN       NaN       NaN       NaN       NaN       NaN       NaN       NaN       NaN       NaN       NaN       NaN
  140.92     18.34     29.66     25.54     37.29     23.65     10.29       NaN      1.49      0.11      0.45      1.28      1.71      2.30       NaN
  140.96     20.76     42.77     29.19     25.24     13.05    -10.58       NaN      1.29      0.23      0.39      0.39      0.31      0.30       NaN
  141.00     19.61     40.95     32.14     29.36     16.59     -7.05    -11.12      0.30      0.16      0.01      0.73      0.69      0.39      1.42
  141.04     20.74     28.28     20.67     14.28      4.24    -10.95    -24.88      0.51      0.08      0.46      0.87      0.39      0.17      0.22
  141.08     25.38     11.50      5.86     -5.20    -19.60    -21.08    -48.51      0.56      0.35      0.66      0.09      0.65      0.08      1.07
  141.13     23.53     13.62     -5.03    -32.36    -20.41    -31.51    -49.75      0.46      0.03      0.02      0.27      0.24      0.64      1.67
  141.17      9.12    -18.43    -48.59    -43.35    -39.72    -47.88    -88.95      0.81      0.03      0.27      0.00      0.07      0.27      0.59
  141.21      5.46    -22.40    -44.04    -48.18    -55.13    -72.78   -104.06      0.34      0.35      0.28      0.50      0.24      0.06      1.04
  141.25     -1.19    -14.00    -33.12    -39.35    -52.36    -66.63    -57.74      0.74      0.18      0.20      0.11      0.55      0.03      0.30
  141.29     -8.41     -0.10     -6.61    -23.93    -36.75    -43.83    -24.45      0.33      0.21      0.20      0.17      0.23      0.06      0.18
  141.33     11.65     10.85     -3.35    -14.37    -22.74    -14.28      7.58      0.58      0.66      0.40      0.19      0.24      0.24      1.30
  141.38     20.14     19.93     -7.32     -2.41      4.30     13.40     20.18      0.18      0.15      0.05      0.46      0.01      0.40      1.25
  141.42     11.68     10.93     -2.00      4.63     24.97     29.07     32.86      0.61      0.19      0.19      0.33      0.13      0.26      0.57
  141.46     19.31     29.11     -1.24      0.95     13.68     25.77    -15.54      0.54      0.20      0.10      0.62      0.11      0.19      0.06
  141.50     33.01      9.99    -25.84    -18.37    -13.36    -16.04    -37.87      0.79      1.46      0.42      0.63      0.63      0.04      0.23
  141.54     -7.68    -17.46    -34.74    -24.07     -8.77    -32.93    -48.02      0.26      0.98      1.12      0.08      0.12      0.75      1.09
  141.58      2.18    -30.14    -46.91    -39.39    -30.06       NaN       NaN      1.72      0.70      0.46      0.09      1.83       NaN       NaN
  141.63    -20.33    -54.94    -65.54    -28.03    -14.66    -44.59       NaN      0.94      0.93      1.16      0.09      0.87      0.42       NaN
  141.67       NaN    -42.66    -35.63    -33.99    -17.93    -32.66       NaN       NaN      1.22      0.82      0.99      2.35      0.56       NaN
  141.71    -34.86    -19.90    -26.16     21.26       NaN       NaN       NaN      0.65      2.05      3.16      1.97       NaN       NaN       NaN
  141.75    -32.10       NaN     -0.55     32.16       NaN       NaN       NaN      1.41       NaN      1.27      0.73       NaN       NaN       NaN
  141.79       NaN    -28.56       NaN       NaN       NaN       NaN       NaN       NaN      1.07       NaN       NaN       NaN       NaN      0.00
  141.83    -23.61    -23.00     21.84     36.85    -37.25    -61.94       NaN      0.38      0.64      0.94      0.61      1.05      1.00       NaN
  141.88    -42.86    -11.35     42.78     30.77    -18.56       NaN       NaN      0.12      1.00      0.48      2.01      1.55       NaN       NaN
  141.92    -24.63     -4.72     31.99     23.60    -13.11    -29.23       NaN      0.29      0.79      0.22      0.75      0.95      0.38      0.00
  141.96      5.89     -5.95     32.15     -0.18    -33.80    -45.21       NaN      0.22      1.14      0.01      0.21      0.19      0.06       NaN
  142.00     -8.30     -7.86     18.21      5.53    -50.96    -64.22    -60.04      0.09      0.41      0.06      0.06      0.35      0.53      0.97
  142.04     -4.17    -12.51      1.28    -21.13    -50.33    -50.24    -45.81      0.36      1.83      0.37      0.29      0.46      0.03      2.32
  142.08      2.82    -24.66    -25.32    -36.16    -52.16    -63.21       NaN      0.33      0.39      0.47      0.60      0.52      0.41       NaN
  142.13       NaN    -34.55    -30.33    -33.80    -51.04    -60.97      6.90       NaN      0.38      0.19      0.32      0.23      0.73      0.73
  142.17    -36.34    -56.58    -44.45    -44.61    -50.50    -49.09    -34.45      1.20      0.62      0.20      0.01      0.13      0.17      0.33
  142.21    -42.38    -55.74    -45.14    -44.83    -51.76    -59.65    -72.06      0.13      0.03      0.22      0.37      0.39      0.31      0.05
  142.25    -50.33    -62.64    -48.54    -41.16    -48.17    -57.29    -49.89      0.18      0.43      0.07      0.06      0.17      0.18      1.61
  142.29    -44.85    -39.26    -30.39    -29.05    -22.30    -22.76    -17.76      0.15      0.11      0.33      0.03      0.27      0.04      0.52
  142.33    -39.08    -26.34     -1.55     -7.76     -9.84    -12.97    -18.48      0.02      0.11      0.31      0.13      0.27      0.52      0.53
  142.38    -28.73     -5.50     -4.62     -0.84     10.40      8.67     25.12      0.28      0.34      0.22      0.31      0.01      0.07      0.31
  142.42    -26.49     -9.12     -0.04      5.77     27.43     42.53     81.46      0.31      0.14      0.29      0.14      0.23      0.59      0.04
  142.46    -31.35    -22.69      0.47     20.30     39.28     68.65     49.27      0.21      0.32      0.16      0.17      0.08      0.20      1.23
  142.50    -38.87     -9.59      0.29     23.93     40.92     39.82     41.96      0.23      0.56      0.18      0.66      0.51      0.42      0.92
  142.54    -23.79    -32.32    -10.23     -0.57     -3.98     -9.84    -19.01      0.15      0.76      0.77      0.18      1.57      1.13      0.52
  142.58    -31.79    -31.16    -31.11     -6.08      1.65     -1.44    -16.64      0.83      0.76      0.10      0.11      0.18      0.41      0.12
  142.63    -38.30    -51.28    -31.40    -13.08     10.90     -9.21       NaN      0.13      0.31      0.28      0.00      1.31      1.39       NaN
  142.67    -35.85    -45.74    -30.00     -9.34     -7.87    -27.84       NaN      0.72      1.07      0.23      0.05      2.41      1.10       NaN
  142.71    -26.92    -37.69    -39.00     -2.15     35.93     24.74    -16.08      0.05      0.53      2.05      1.14      0.23      0.58      0.38
  142.75       NaN       NaN    -25.01     13.85       NaN       NaN       NaN       NaN       NaN      0.25      1.01       NaN       NaN       NaN
  142.79     -9.69    -52.29     -1.84     -0.12       NaN       NaN       NaN      0.95      0.82      0.54      0.56       NaN       NaN       NaN
  142.83       NaN       NaN     -4.67       NaN     32.89       NaN       NaN       NaN       NaN      0.53       NaN      0.73       NaN      0.00
  142.88    -34.73    -24.97     23.34     50.62     19.05      8.21       NaN      0.01      0.36      0.21      1.46      0.17      0.41       NaN
  142.92       NaN     -0.84     26.45     33.83     18.47       NaN       NaN       NaN      0.04      0.28      1.09      0.88       NaN       NaN
  142.96    -31.43    -15.65     12.44     23.13     17.56    -11.61       NaN      0.06      0.44      0.19      0.66      1.58      0.28       NaN
  143.00    -14.57     -8.71     23.15     28.43     14.62     17.51     20.52      0.30      0.16      0.45      0.28      0.25      0.33      0.34
  143.04     -9.04      7.55     17.83     19.20      5.61     -2.25     11.97      0.73      1.02      0.11      0.18      0.01      0.31      0.61
  143.08     -0.18     -5.30     18.62     22.57      5.57     -1.46    -12.77      0.96      0.01      0.25      0.16      0.62      0.01      0.67
  143.13     -9.36     -0.57     18.39     20.21     -3.06      6.94     -7.42      0.03      0.05      0.26      0.24      0.21      0.02      0.38
  143.17    -22.45      3.62      8.20     -9.20    -30.95     -3.98    -15.36      0.02      0.00      0.29      0.36      0.13      0.28      0.03
  143.21     -1.42     17.76     15.32    -23.98    -51.68    -33.07    -14.12      0.37      0.16      0.18      0.50      0.44      0.28      0.86
  143.25     -0.28     27.22     27.48     -9.99    -36.00    -26.47    -16.33      0.12      0.03      0.37      0.43      0.02      0.03      0.34
  143.29      3.92     32.46     13.43     -7.75    -31.94    -31.42    -43.10      0.23      0.27      0.11      0.05      0.08      0.04      0.07
  143.33     11.46     34.62     22.65    -11.72    -35.19    -35.49    -64.86      0.11      0.06      0.07      0.09      0.03      0.42      0.57
  143.38      0.52     28.48     16.81     -9.29    -23.08    -14.22    -31.81      0.65      0.02      0.46      0.14      0.68      0.33      1.35
  143.42      5.48     20.97      3.45    -16.48     -1.69      4.45    -40.18      0.68      0.22      0.11      0.14      0.07      0.00      0.29
  143.46     14.05     27.00      0.68    -15.68     -3.76     -4.76     -6.18      0.17      0.33      0.25      0.09      0.22      0.06      0.40
  143.50     18.43     13.26    -10.90    -12.36      1.50     -9.86    -25.45      0.35      0.48      0.15      0.32      0.14      0.26      0.13
  143.54     -0.76    -10.46    -21.46     -5.11      5.80    -15.93    -27.77      0.87      0.06      0.29      0.41      0.54      0.70      0.40
  143.58      2.52    -43.36    -41.03     -9.37     -3.80     -1.52       NaN      0.15      0.13      0.13      0.30      0.08      0.07       NaN
  143.63      1.80    -43.54    -55.60    -17.31      0.23    -29.98       NaN      0.42      0.36      0.16      1.54      0.61      0.63      0.00
  143.67    -17.29    -46.20    -70.07    -27.62     -4.11    -25.05    -36.29      0.59      0.59      0.30      0.07      0.01      1.29      1.40
  143.71    -83.03    -50.28       NaN      4.38     16.81    -23.84       NaN      1.98      0.15       NaN      2.84      0.62      0.32       NaN
  143.75       NaN    -38.78    -28.42       NaN       NaN    -54.15       NaN       NaN      1.08      1.05       NaN       NaN      0.27       NaN
  143.79       NaN       NaN       NaN       NaN       NaN       NaN       NaN       NaN       NaN       NaN       NaN       NaN       NaN       NaN
  143.83       NaN       NaN       NaN       NaN      6.40       NaN       NaN       NaN       NaN       NaN       NaN      1.71       NaN       NaN
  143.88    -22.16    -20.53      0.95      2.16     32.92    -11.65       NaN      0.90      1.15      0.43      1.02      0.50      2.10       NaN
  143.92    -25.28      5.21      2.66     16.27     16.56    -21.40       NaN      0.45      1.62      0.70      0.03      0.49      0.48       NaN
  143.96    -14.22    -11.56     14.06     21.19      8.31    -13.25    -19.81      0.16      0.18      0.05      0.85      0.22      0.53      1.73
  144.00    -27.05     11.43     20.51     27.29      6.94    -18.17    -35.23      0.36      0.47      0.06      0.34      0.58      0.72      0.72
  144.04    -17.82      3.25     15.57     24.15      4.84     -0.06     -7.86      3.05      0.71      0.83      0.05      0.28      1.27      0.06
  144.08     -5.66     -8.43     -5.13      3.77      2.57      4.27     -0.23      0.25      0.03      0.05      0.51      0.50      0.14      0.45
  144.13    -24.27      7.10     12.37     18.34     11.52     -4.05    -12.77      0.15      0.46      0.08      0.01      0.00      0.14      0.68
  144.17    -37.92     -1.28      9.30      4.94    -11.57    -47.38    -44.71      0.09      0.02      0.42      0.45      0.09      0.36      0.33
  144.21    -27.44     -4.08     -3.21    -11.81    -45.63    -66.76    -61.13      0.03      0.15      0.08      0.28      0.01      0.01      0.18
  144.25     -3.29      2.35     -8.52    -17.78    -41.01    -62.71    -86.84      0.27      0.00      0.10      0.29      0.08      0.06      0.55
  144.29      4.23      0.80     -7.92    -21.49    -35.18    -59.15    -66.62      0.29      0.42      0.34      0.13      0.14      0.25      0.03
  144.33     10.89      2.79     -8.37    -19.82    -34.58    -36.67    -55.06      1.23      0.24      0.08      0.01      0.02      0.47      0.49
  144.38    -11.03     -5.10    -10.95    -16.30    -21.75    -19.95     37.19      0.08      0.10      0.02      0.01      1.20      1.59      0.85
  144.42     -1.73      3.72      9.10      6.94      0.28      3.75      7.80      0.44      0.26      0.45      0.20      0.22      0.42      0.14
  144.46    -23.07      7.68     20.67     28.73     14.68     -5.87     27.89      0.43      0.30      0.19      0.32      0.00      0.52      0.17
  144.50    -16.83     20.77     26.35     18.79     10.85      1.98     39.19      0.08      0.15      0.22      0.75      0.11      0.50      1.76
  144.54    -15.31     26.07     26.72     21.86     10.74      6.00     44.45      0.16      0.29      0.08      0.19      1.07      0.12      5.69
  144.58     -8.04     29.52     20.67      3.97      6.12    -13.23       NaN      0.09      0.47      1.04      0.34      0.58      0.33       NaN
  144.63      4.94     23.80     12.47    -35.65    -51.86    -59.53    -71.62      0.48      0.04      0.36      1.10      0.62      0.25      0.92
  144.67     20.35     24.05     -0.91    -33.18    -40.07    -46.62       NaN      0.54      1.22      0.62      0.28      1.35      0.68       NaN
  144.71     18.01     30.64      0.80    -55.37    -55.60    -45.68       NaN      2.12      1.72      1.14      1.95      1.32      0.81       NaN
  144.75     30.77     28.53      9.63       NaN    -68.01    -55.92       NaN      0.12      0.23      1.56       NaN      0.54      0.97       NaN
  144.79       NaN       NaN       NaN    -15.49       NaN       NaN       NaN       NaN       NaN       NaN      0.33       NaN       NaN       NaN
  144.83       NaN       NaN       NaN    -38.16       NaN       NaN       NaN       NaN       NaN       NaN      0.94       NaN       NaN      0.00
  144.88     24.53     22.91    -18.94    -40.27    -41.09    -44.41       NaN      0.26      0.43      0.78      0.40      0.95      1.23       NaN
  144.92     -1.57     28.42    -21.63    -38.39    -39.35    -41.24       NaN      0.12      0.44      0.46      0.16      0.10      0.92       NaN
  144.96    -10.74      0.03    -21.96    -24.27    -25.81    -18.07    -11.68      0.09      0.46      0.62      0.43      0.13      1.02      0.84
  145.00    -13.06     -0.69     -8.37    -12.71     -7.40     -0.64     -5.98      0.22      0.60      0.17      0.13      1.15      0.79      0.94
  145.04     30.79     11.21     -9.50    -15.75    -20.76    -24.13    -31.71      0.56      0.37      0.00      0.44      0.07      0.25      0.22
  145.08      2.27     21.62     20.45     -4.55    -28.64    -50.55    -15.07      0.91      0.73      0.26      0.33      0.36      0.63      0.54
  145.13     29.11     20.73     -2.73    -24.86    -37.27    -55.21    -65.90      1.03      0.99      0.30      0.29      0.01      1.08      1.78
  145.17      7.37     -0.85    -17.29    -34.31    -46.22    -52.51    -43.17      0.03      0.19      0.30      0.40      0.49      0.17      1.23
  145.21     19.64      5.77    -28.92    -51.70    -53.87    -54.22    -46.58      0.48      0.07      0.42      0.05      0.10      0.13      0.22
  145.25     25.75     11.36    -28.79    -37.64    -34.26    -32.65    -30.16      0.40      0.09      0.30      0.34      0.07      0.22      0.57
  145.29     52.18      0.24    -23.50    -29.08     -2.83     18.19     43.33      0.18      0.03      0.30      0.02      0.34      0.09      0.64
  145.33     32.60     15.47    -17.90     -8.90     24.04     50.14     82.48      0.02      0.14      0.41      0.07      0.18      0.22      0.92
  145.38     42.26     24.66    -22.37    -10.24     26.99     68.13     74.78      0.03      0.25      0.28      0.25      0.29      0.01      0.51
  145.42     40.30      0.98    -24.55     -2.39     35.70     65.73    105.53      0.02      0.19      0.30      0.17      0.00      0.09      0.47
  145.46     44.19    -11.44    -25.97     -3.27     39.27     56.10     40.49      0.20      0.05      0.00      0.16      0.42      0.49      0.24
  145.50     37.44    -20.04    -26.17     -1.98     19.65     44.36     48.75      0.30      0.05      0.31      0.30      0.25      0.10      0.00
  145.54    -10.06    -36.97    -44.23    -18.33     20.03     36.59     67.30      0.39      0.06      0.03      0.11      0.53      1.68      0.53
  145.58    -22.59    -50.85    -45.97    -13.92     15.53     22.73       NaN      0.42      0.40      0.25      0.25      0.15      0.31       NaN
  145.63    -27.21    -54.03    -57.63      2.15     45.96     56.52       NaN      0.49      0.86      0.83      0.88      0.76      1.13       NaN
  145.67    -32.70    -56.49    -41.86      0.64     27.84     20.74    -25.54      0.05      0.94      0.02      0.15      0.35      0.08      1.78
  145.71    -32.00    -47.55    -41.84    -24.77     -0.29    -10.33    -13.22      0.19      0.09      0.34      0.09      0.69      0.59      1.39
  145.75    -31.71    -47.16    -51.25      1.37     -8.59     -2.58       NaN      0.95      0.30      0.08      0.68      0.08      2.18       NaN
  145.79       NaN    -53.83    -48.37       NaN       NaN       NaN       NaN       NaN      0.09      0.34       NaN       NaN       NaN       NaN
  145.83    -59.84    -74.44    -54.28    -10.77     -1.23       NaN       NaN      0.62      1.56      0.23      0.94      0.16       NaN       NaN
  145.88       NaN    -10.80    -46.49    -19.54    -19.42    -23.40       NaN       NaN      0.94      1.46      0.76      0.43      0.60       NaN
  145.92    -19.47    -40.67    -42.72     -9.75    -13.34    -11.13       NaN      0.19      0.18      0.41      0.26      2.07      1.25       NaN
  145.96    -30.28    -48.43    -26.54      1.98     -6.10    -20.75       NaN      0.14      0.52      0.62      0.57      0.48      0.01       NaN
  146.00     -0.40    -30.72    -14.68     19.33      0.77    -25.87    135.81      0.36      0.13      0.38      1.13      0.22      0.64      3.28
  146.04       NaN    -10.51     13.13     25.89      8.30    -10.27    -35.56       NaN      0.28      0.27      0.38      0.02      0.27      0.67
  146.08    -22.51     -8.85     12.25     -1.66    -10.84    -56.19    -80.96      0.06      0.91      0.45      0.35      0.24      0.31      0.31
  146.13    -30.03    -18.96     -9.45    -15.64    -41.46    -68.91    -95.72      1.44      0.93      0.24      0.08      0.20      0.21      0.64
  146.17    -33.11    -38.71    -19.01    -21.03    -48.04    -47.32    -54.53      0.12      0.24      0.13      0.18      0.08      0.41      0.04
  146.21    -62.69    -47.24    -21.19    -19.16    -29.06    -64.31   -107.16      0.39      0.24      0.48      0.08      0.06      0.06      0.01
  146.25    -67.04    -36.45    -15.78    -20.75    -44.31    -71.94    -73.91      0.15      0.12      0.14      0.26      0.20      0.21      0.49
  146.29    -66.95    -50.07    -24.43    -33.51    -61.90    -75.07    -73.59      0.23      0.37      0.21      0.07      0.11      0.17      0.60
  146.33    -78.12    -37.14    -19.04    -31.05    -53.74    -57.47    -36.36      0.03      0.30      0.16      0.11      0.06      0.34      0.06
  146.38    -73.84    -33.48    -18.17    -22.84    -29.47     -3.30     31.21      0.02      0.33      0.05      0.09      0.02      0.65      0.16
  146.42    -57.43    -32.74     -9.75     -3.72     14.82     39.15     48.00      0.58      0.57      0.01      0.11      0.26      0.79      0.39
  146.46    -65.35    -10.35      3.55     21.19     39.95     73.86     70.89      0.01      0.50      0.28      0.14      0.44      0.04      0.80
  146.50    -32.32    -15.07     22.62     26.02     35.90     41.74     25.82      0.54      0.21      0.09      0.22      0.20      0.09      0.97
  146.54    -19.74     -0.40     21.56     25.12     28.87      2.41     11.12      3.25      0.55      0.27      0.76      0.52      0.65      1.26
  146.58     -1.23      3.36     23.18     14.26      8.47    -10.43       NaN      0.01      0.52      0.28      0.73      0.22      2.14       NaN
  146.63    -70.32    -24.37      6.57     -0.60     -7.33    -43.05       NaN      0.86      0.60      0.08      0.11      0.41      1.00       NaN
  146.67       NaN      0.74     -5.62    -14.31    -40.41    -47.56       NaN       NaN      0.56      0.47      1.25      0.92      1.02       NaN
  146.71       NaN     -3.53     -8.26    -23.39    -11.47      2.76       NaN       NaN      0.80      0.45      0.68      0.78      3.10       NaN
  146.75       NaN    -40.09    -26.19     -5.55      1.57       NaN       NaN       NaN      0.53      0.14      0.24      0.22       NaN       NaN
  146.79    -36.99       NaN     -7.86      2.84     -1.05       NaN       NaN      2.02       NaN      1.94      1.86      2.50       NaN      0.00
  146.83    -60.61    -34.72    -25.70    -10.14       NaN       NaN       NaN      0.24      0.36      0.67      0.37       NaN       NaN       NaN
  146.88    -79.53    -24.03      8.44     35.11     16.08       NaN       NaN      1.34      0.18      0.18      0.14      1.08       NaN       NaN
  146.92    -34.59    -23.02     -1.15     29.85     -4.08    -17.49       NaN      0.68      0.92      0.06      0.60      0.60      0.38       NaN
  146.96    -19.66     11.43     27.91     22.61      2.97    -23.05       NaN      0.69      0.60      0.23      0.45      0.59      0.15       NaN
  147.00    -31.41     -1.59     37.08     34.62     12.15     -4.80    -41.11      1.55      0.61      0.34      0.07      0.34      0.40      3.64
  147.04    -21.17      7.41     42.80     35.41     -2.66    -18.24    -33.67      0.59      0.10      0.50      0.05      0.82      0.55      0.43
  147.08      3.58     23.56     41.31     30.40    -15.33    -31.25    -28.46      0.61      0.35      0.12      0.13      0.29      0.12      0.31
  147.13     -8.10     15.35     20.93      4.12    -25.13    -49.85    -72.50      0.01      0.13      0.06      0.12      0.31      0.40      0.27
  147.17     14.05     10.10     -0.24    -30.38    -62.77    -76.21    -79.40      0.66      0.57      0.27      0.12      0.19      0.09      0.76
  147.21    -13.64     -6.27     -3.92    -25.10    -73.13    -86.40   -112.42      0.22      0.15      0.02      0.09      0.23      0.35      0.61
  147.25    -15.48    -13.90    -22.17    -44.40    -65.28    -80.53    -89.65      0.24      0.18      0.56      0.15      0.12      0.17      0.74
  147.29      1.60     -0.76     -6.64    -50.72    -70.62    -80.03    -58.59      0.02      0.03      0.28      0.28      0.21      0.14      0.60
  147.33     27.23      1.26    -15.89    -46.09    -55.71    -55.23    -35.49      0.09      0.15      0.02      0.36      0.20      0.31      1.07
  147.38     18.51      5.54    -11.37    -36.19    -35.34    -26.09    -10.42      0.23      0.50      0.19      0.10      0.09      0.62      0.14
  147.42     24.37     15.69    -11.61    -27.17    -26.89    -12.87     29.21      1.09      0.33      0.22      0.01      0.08      0.37      1.22
  147.46     28.73     13.70    -12.09    -22.77     -5.62     33.49     49.70      0.10      0.10      0.01      0.08      0.36      0.19      0.23
  147.50     47.12     11.44    -23.18    -21.21      2.51      4.21     -5.91      4.57      2.21      0.60      0.82      0.07      0.21      2.77
  147.54     47.34      1.34    -39.04    -25.89    -14.10      4.80       NaN      1.47      1.67      1.16      0.28      1.27      0.86       NaN
  147.58     27.85      5.42    -32.70    -37.78    -35.59       NaN       NaN      0.13      0.50      0.13      0.69      0.47       NaN       NaN
  147.63     10.65     -3.09    -31.15    -47.00    -54.15    -44.93       NaN      1.76      0.89      0.62      0.34      1.03      3.25       NaN
  147.67      5.13     15.77    -37.99    -62.54    -48.84    -49.24       NaN      1.12      0.73      0.72      1.11      0.62      0.63       NaN
  147.71      6.16    -16.95    -48.84    -81.69    -65.23    -62.10       NaN      0.28      0.81      0.54      1.36      1.41      3.06       NaN
  147.75     -8.12    -64.84    -59.15       NaN       NaN       NaN       NaN      0.08      1.28      0.34       NaN       NaN       NaN       NaN
  147.79    -13.35    -68.39    -97.86    -66.95       NaN       NaN       NaN      1.31      0.93      1.12      0.72       NaN      0.00      0.00
  147.83    -15.55    -18.79    -58.22       NaN       NaN       NaN       NaN      0.93      0.61      0.60       NaN       NaN       NaN       NaN
  147.88    -41.96    -67.66    -84.55    -56.81      3.07     28.29       NaN      1.01      1.22      0.68      1.17      1.54      1.25       NaN
  147.92    -35.08    -73.28    -77.37    -44.01     -6.86     51.77     71.46      1.11      0.55      0.11      0.16      0.57      0.58      0.80
  147.96    -21.50    -61.51    -28.83     -0.47     23.16     43.76     34.18      0.12      0.49      0.13      0.23      0.01      0.24      2.22
  148.00    -18.24    -24.80    -14.48     -3.12     10.83     25.34     19.69      0.94      0.69      0.13      0.21      0.23      0.22      0.97
  148.04    -29.32    -30.81    -15.45     -6.93    -11.94     -9.16     -9.68      0.43      0.13      0.61      0.01      0.26      0.02      0.21
  148.08    -13.37    -29.59    -24.57    -19.72    -26.10    -30.37    -34.42      0.13      0.10      0.56      0.25      0.19      0.24      1.50
  148.13    -41.74    -45.42    -42.77    -39.96    -38.59    -35.56    -30.91      1.49      0.86      0.31      0.30      0.25      0.30      0.87
  148.17    -35.48    -53.63    -56.91    -48.13    -48.67    -42.87    -45.50      0.04      0.46      0.21      0.17      0.16      0.34      0.97
  148.21    -46.68    -55.70    -60.76    -53.53    -51.81    -42.81    -45.51      0.12      0.05      0.29      0.24      0.01      0.33      0.38
  148.25    -59.50    -54.12    -60.92    -45.78    -32.16    -22.06     22.56      0.15      0.03      0.24      0.26      0.16      0.11      0.39
  148.29    -56.93    -50.51    -41.79    -24.25     -9.37     -2.56     38.96      0.70      0.30      0.25      0.02      0.31      0.04      0.28
  148.33    -27.50    -29.76    -18.24     -2.85     13.00     30.99     40.50      0.49      0.14      0.04      0.17      0.13      0.47      0.88
  148.38    -29.17    -14.35     -2.90     12.34     38.67     54.03     64.42      0.54      0.32      0.48      0.23      0.19      0.23      0.81
  148.42     -7.79      0.90      6.60     16.26     47.38     67.09     66.18      0.49      0.15      0.00      0.09      0.12      0.47      0.18
  148.46      1.24     10.75     13.01     31.50     67.19     76.07     74.48      0.43      0.41      0.09      0.63      0.19      0.07      0.13
  148.50     13.29     13.21     17.41     27.87     51.19     51.97     14.16      0.69      0.15      0.45      0.01      0.06      0.20      0.55
  148.54     13.44     21.81      9.48     29.34     46.52     41.18     12.94      0.27      1.04      0.56      0.12      0.43      0.85      3.28
  148.58      2.75     10.15     25.07     33.69     35.25     20.40       NaN      1.22      0.52      0.73      0.40      0.24      1.04       NaN
  148.63     13.53      5.64      1.30      4.98     -5.32      8.45       NaN      1.83      0.20      0.47      0.72      0.06      0.61       NaN
  148.67    -15.49     18.20    -32.05      4.64      6.59    -23.90       NaN      0.49      1.19      1.33      1.51      0.07      3.17       NaN
  148.71       NaN       NaN     -3.00      3.88       NaN    -28.28       NaN       NaN       NaN      2.31      1.90       NaN      4.23       NaN
  148.75     -7.77    -30.00     -0.70       NaN       NaN       NaN       NaN      3.69      1.83      0.26       NaN       NaN       NaN       NaN
  148.79       NaN     -3.14    -20.34       NaN     31.74       NaN       NaN       NaN      0.55      0.22       NaN      0.08       NaN      0.00
  148.83    -15.48       NaN     10.96     32.52     30.17      1.48       NaN      0.35       NaN      0.68      1.27      0.25      1.12       NaN
  148.88       NaN    -10.47      0.25     31.16     50.36       NaN       NaN       NaN      0.41      0.64      0.12      0.09       NaN       NaN
  148.92    -15.87    -13.52     48.93     57.07     53.89     -4.81       NaN      0.87      0.51      0.86      0.70      0.77      0.02       NaN
  148.96     -8.56      0.52     51.02     69.57     55.16     40.69    -43.79      0.68      0.44      0.02      0.56      0.36      0.48      3.17
  149.00     -4.04     12.13     63.25     72.86     53.77     14.32    -21.27      0.30      0.23      0.30      0.15      0.15      0.09      0.27
  149.04     -7.65     32.08     53.24     67.75     53.27     16.26    -33.57      0.10      0.24      0.06      0.45      0.66      0.02      2.80
  149.08     49.09     45.32     56.54     52.29     13.76     -9.79    -48.76      1.31      0.11      0.02      0.13      0.04      0.12      0.47
  149.13     32.40     42.52     42.64     21.96     -1.45    -29.32    -55.61      0.41      0.73      0.66      0.23      0.13      0.09      1.37
  149.17     47.98     28.66     31.43     12.80    -14.44    -62.02    -81.96      3.98      0.12      0.41      0.31      0.28      0.23      0.19
  149.21     29.94     36.80     29.09      2.65    -28.00    -70.48    -95.68      0.67      0.22      0.09      0.17      0.04      0.22      0.35
  149.25     27.54     44.73     28.16     -4.77    -42.08    -70.80    -69.54      0.32      0.12      0.74      0.18      0.17      0.14      0.54
  149.29     38.90     30.45     17.65     -7.81    -42.87    -59.28    -64.46      0.05      0.42      0.35      0.33      0.26      0.68      1.15
  149.33     35.71     24.72      1.41    -26.23    -38.96    -54.13    -29.08      0.51      0.28      0.15      0.08      0.01      0.11      0.83
  149.38     33.17     33.90     12.19     -0.55     -7.76     -5.14      9.18      0.38      0.64      0.08      0.27      0.09      0.23      1.01
  149.42     36.46     36.72     15.71     16.04     16.91     22.05     32.82      1.40      0.15      0.26      0.06      0.19      0.59      0.77
  149.46     25.71     30.40     19.58      8.10     12.81      9.08     12.59      0.45      0.57      0.26      0.36      0.48      0.33      1.75
  149.50     27.41     38.99     29.81     -4.30    -25.23    -31.03    -38.14      1.66      1.02      0.81      0.33      0.28      0.23      1.05
  149.54     23.14     32.17     11.82    -19.45    -54.10    -65.99    -57.77      0.12      0.16      0.07      0.05      0.82      0.87      0.89
  149.58     12.39     14.44    -17.32    -50.96    -80.89   -108.30   -103.91      0.36      0.29      2.07      1.78      0.18      0.66      2.61
  149.63     17.19     10.65    -17.74    -79.41   -104.87    -99.24       NaN      0.66      0.17      0.75      0.02      1.93      1.30       NaN
  149.67      1.32     12.27    -25.60    -71.27   -123.54       NaN       NaN      1.93      0.27      0.01      0.58      1.26       NaN       NaN
  149.71    -16.76     -7.23    -73.04    -99.09   -100.48       NaN       NaN      0.77      0.46      1.66      1.04      1.60       NaN       NaN
  149.75       NaN       NaN    -58.30    -90.19       NaN       NaN       NaN       NaN       NaN      2.55      0.10       NaN       NaN       NaN
  149.79       NaN    -33.98       NaN       NaN       NaN       NaN       NaN       NaN      0.61       NaN       NaN       NaN       NaN      0.00
  149.83       NaN    -28.27       NaN    -56.66       NaN       NaN       NaN       NaN      0.46       NaN      1.24       NaN       NaN       NaN
  149.88       NaN    -61.44    -56.64       NaN       NaN       NaN       NaN       NaN      1.72      0.51       NaN       NaN       NaN       NaN
  149.92    -17.27    -23.07    -49.27    -50.02    -59.94       NaN       NaN      0.81      1.14      0.86      0.72      1.65       NaN       NaN
  149.96     -9.10    -30.70    -55.23    -26.61    -31.11     -5.24     48.03      0.05      0.10      0.77      0.78      0.18      0.64      0.95
  150.00     -2.90    -23.94    -20.82    -18.98     -2.20     -9.64     18.55      0.59      0.36      0.88      0.33      0.28      0.62      0.16
  150.04     -2.51    -19.98    -31.12    -24.38    -21.22     -2.18     45.04      0.97      0.05      0.13      0.07      0.02      0.06      0.35
  150.08     12.81    -36.14    -32.00    -25.83    -44.09    -16.99     41.16      0.64      0.23      0.07      0.65      0.52      0.35      0.42
  150.13     -2.92    -46.36    -32.93    -35.19    -39.67    -15.90      6.91      0.42      0.30      0.47      0.51      0.27      0.15      0.41
  150.17    -19.70    -44.11    -33.38    -35.27    -43.08    -12.84      9.73      0.25      0.16      0.11      0.00      0.02      0.44      0.07
  150.21     -8.05    -31.04    -24.52    -32.04    -40.83    -27.30     -3.94      0.37      0.31      0.19      0.09      0.47      0.41      0.35
  150.25    -10.83    -28.60    -20.99    -21.97    -29.47    -27.40     -9.21      0.12      0.34      0.65      0.11      0.10      0.37      0.07
  150.29    -12.30    -25.57    -10.32    -15.71    -17.21     -4.95     27.08      0.17      0.01      0.22      0.16      0.05      0.21      0.12
  150.33     -2.38    -18.62    -13.00    -16.79     -4.43      2.23     17.11      0.68      0.38      0.08      0.23      0.44      0.19      0.01
  150.38    -18.05    -15.98    -12.56     -7.14     10.34     23.25     22.44      0.35      0.29      0.00      0.20      0.04      0.31      1.80
  150.42    -16.53    -24.29    -18.75     -3.78     13.93     31.78     33.39      0.68      0.02      0.12      0.11      0.02      0.26      0.47
  150.46    -18.37    -23.72    -21.72      9.91     32.22     26.74     -5.46      0.25      0.47      0.13      0.13      0.08      0.75      0.66
  150.50    -42.50    -20.95     -3.85      7.56     23.83      3.65       NaN      0.01      0.42      0.85      0.34      0.26      0.05       NaN
  150.54    -56.14    -38.32      2.28     20.42     23.93    -13.05    -49.71      0.84      0.43      0.35      0.59      1.20      0.78      2.40
  150.58    -67.08    -33.28      6.89     27.02     19.17    -72.92       NaN      0.48      0.08      2.66      1.77      1.31      0.35       NaN
  150.63    -50.99    -28.12     18.59     43.21    -15.01       NaN       NaN      1.09      0.97      0.91      0.77      1.68       NaN       NaN
  150.67    -63.11    -21.00     12.11     13.46     -2.56    -27.72       NaN      1.58      0.75      1.01      0.07      1.93      0.89       NaN
  150.71    -44.29     -4.32     15.25     14.63    -45.88    -66.31       NaN      0.74      0.96      1.47      0.13      2.82      0.28       NaN
  150.75       NaN     34.92     25.25     25.31       NaN       NaN       NaN       NaN      0.34      1.06      0.76       NaN       NaN      0.00
  150.79       NaN       NaN       NaN       NaN       NaN       NaN       NaN       NaN       NaN       NaN       NaN       NaN       NaN       NaN
  150.83       NaN       NaN       NaN       NaN       NaN       NaN       NaN       NaN       NaN       NaN       NaN       NaN       NaN      0.00
  150.88       NaN     38.84     26.08     26.41     21.22       NaN       NaN       NaN      1.21      0.26      0.24      0.56       NaN       NaN
  150.92     11.34     28.79     33.88     43.91     -2.52       NaN       NaN      0.51      1.39      1.30      0.67      0.11       NaN       NaN
  150.96     -3.22     34.50     15.15      9.09      1.06    -22.53       NaN      0.19      1.45      0.17      1.08      0.50      0.61       NaN
  151.00     17.00     35.49     18.17     15.17      7.17      8.62    -27.50      0.11      0.03      0.75      0.80      0.94      1.08      1.42
  151.04     20.83     21.17     32.10     33.46     28.53     14.73      5.56      0.48      0.20      0.38      0.41      0.54      1.39      0.84
  151.08     22.12     31.43     24.06     29.34     23.53     -4.47     -9.24      0.10      0.98      0.35      0.30      0.06      0.99      0.57
  151.13      7.16     -0.13     -4.03     19.11     11.97    -11.36    -32.56      0.57      0.39      0.01      0.45      0.43      0.13      0.16
  151.17     15.61     -2.33    -11.72     19.71      5.52    -16.26    -34.45      0.51      0.08      0.54      0.18      0.11      0.27      0.55
  151.21      2.48      4.13      6.10     16.01     -7.88    -31.27    -51.17      0.25      0.04      0.10      0.08      0.17      0.10      0.42
  151.25      7.06     -1.01     11.68     16.76     -3.47    -31.92    -35.79      0.40      0.22      0.43      0.10      0.32      0.10      0.48
  151.29     11.70      5.60      6.11      2.50    -27.01    -54.64    -69.55      0.20      0.47      0.01      0.13      0.38      0.56      0.39
  151.33     24.56      2.96     -3.55    -41.39    -64.90    -43.66     10.03      0.61      0.16      0.12      0.03      0.30      0.28      0.02
  151.38     15.43      4.14    -16.73    -31.66    -37.26    -12.16     40.54      0.36      0.25      0.24      0.04      0.19      0.28      0.41
  151.42     21.65     10.64    -12.30     -4.67      7.62     38.51     55.66      0.09      0.01      0.18      0.03      0.04      0.06      0.45
  151.46     25.82    -10.03    -16.40      3.08     23.64     45.88     25.49      0.28      1.10      0.19      0.32      0.05      0.16      0.03
  151.50      9.44    -22.69    -14.16      1.79     23.67     33.58     33.74      0.93      0.13      0.55      0.34      0.26      0.42      4.20
  151.54    -16.74    -13.01    -12.79      6.13     14.37     28.30       NaN      0.15      0.33      0.04      0.04      0.13      1.81       NaN
  151.58    -20.28    -22.64     -1.09     -4.00    -30.17    -24.99       NaN      0.67      0.17      0.72      0.05      0.50      0.34       NaN
  151.63    -41.60    -11.67     -0.46     -3.27    -39.82    -52.89       NaN      0.03      0.19      0.06      0.04      0.20      0.08       NaN
  151.67    -20.92      4.90     -5.07    -28.25    -51.05    -49.05       NaN      0.75      0.10      1.15      0.36      0.56      0.26       NaN
  151.71    -28.29     -1.25     -1.53    -20.57    -84.37    -79.37       NaN      1.24      0.51      0.70      1.10      0.36      0.23       NaN
  151.75    -43.12     10.53    -28.09    -54.95    -73.24       NaN       NaN      0.57      0.95      0.07      1.12      0.06       NaN       NaN
  151.79       NaN     10.82       NaN    -26.29       NaN       NaN       NaN       NaN      0.47       NaN      2.72       NaN       NaN      0.00
  151.83       NaN       NaN    -10.83    -47.70    -41.74       NaN       NaN       NaN       NaN      2.12      1.45      2.26       NaN       NaN
  151.88      1.41     -1.60    -20.18    -31.51    -17.78       NaN       NaN      0.81      1.31      0.29      0.27      0.91       NaN       NaN
  151.92    -10.32      3.75    -18.17    -22.06      4.75     11.97       NaN      0.46      0.03      0.00      0.19      0.27      0.18       NaN
  151.96    -31.96      9.76     -5.54     -5.32     16.54     15.74    -20.16      0.85      0.13      0.24      0.69      0.69      1.64      2.15
