  121.00     34.85     29.24     -3.98    -40.00    -65.55    -92.95    -30.75      0.46      0.41      0.51      0.23      0.46      0.22      0.32
  121.04     38.12     52.36    -28.16    -49.49    -72.38    -85.25    -85.69      1.44      1.22      0.11      0.20      0.51      0.27      0.75
  121.08      6.32    -15.35    -28.68    -42.81    -74.47    -90.70    -85.35      0.16      0.01      0.37      0.29      0.81      0.24      0.58
  121.13       NaN    -31.06    -28.28    -37.01    -65.77    -90.75    -50.75       NaN      0.35      0.23      0.26      0.26      0.84      2.17
  121.17     11.86    -31.24    -38.85    -52.44    -64.36    -64.71    -17.92      0.35      0.02      0.15      0.39      0.19      0.29      1.29
  121.21    -13.30    -20.09    -37.46    -48.21    -59.55    -52.41    -44.31      0.23      0.49      0.25      0.09      0.26      0.09      0.31
  121.25     -4.47    -21.88    -28.17    -44.56    -52.94    -50.66    -29.60      0.09      0.19      0.59      0.41      0.11      0.18      0.75
  121.29     -8.38     -1.85     -9.83    -31.34    -45.23    -51.58    -36.66      0.42      0.05      0.24      0.18      0.21      0.23      0.79
  121.33      9.07      3.81     -3.85    -22.98    -35.96    -37.83    -18.92      0.05      0.31      0.00      0.10      0.21      0.11      0.20
  121.38     12.91     -2.69     -5.27    -24.49    -28.27    -18.35    -15.76      0.00      0.38      0.38      0.34      0.36      0.20      0.22
  121.42     20.30     18.28      6.64     -6.91    -14.33    -21.95    -28.53      0.33      0.13      0.24      0.48      0.23      0.38      0.41
  121.46     15.60      8.58      1.21     -9.20    -14.26    -21.66    -19.08      0.02      0.36      0.02      0.14      0.03      0.11      0.17
  121.50     19.25      8.32     -0.30    -10.71    -22.23    -26.64    -25.25      0.33      0.21      0.33      0.18      0.22      0.25      0.34
  121.54     24.03      4.42    -10.78    -17.77    -43.05    -32.87    -27.35      0.14      0.06      0.35      0.44      0.74      0.33      0.76
  121.58     13.16      0.02    -17.87    -54.61    -53.14    -31.47       NaN      0.27      0.23      0.08      0.74      0.13      0.18       NaN
  121.63     -4.11    -11.53    -25.38    -37.70    -50.03    -50.34       NaN      0.24      0.20      0.12      0.13      1.25      0.92       NaN
  121.67    -13.23    -23.28    -45.80    -53.02    -78.83     21.39       NaN      0.31      0.03      0.76      0.22      0.15      1.57       NaN
  121.71     -2.66    -34.54    -56.56    -42.00    -51.47    -38.91       NaN      1.07      0.22      0.05      0.27      0.35      1.31       NaN
  121.75     18.84    -17.11    -38.75    -51.71    -78.98    -43.24       NaN      0.97      0.65      0.60      0.03      0.14      4.56       NaN
  121.79       NaN    -10.35    -16.02    -32.20    -84.41       NaN       NaN       NaN      0.21      0.43      0.42      0.19       NaN       NaN
  121.83       NaN    -11.74    -24.41    -46.57    -63.86       NaN       NaN       NaN      0.43      0.15      0.21      0.14       NaN       NaN
  121.88      9.06    -21.76    -20.02    -37.30    -49.04    -14.56       NaN      0.63      0.47      0.77      0.14      0.23      0.88       NaN
  121.92     17.07      8.39      0.42    -31.06    -46.51    -45.26    -36.08      0.49      0.17      0.50      0.10      0.03      0.57      0.52
  121.96     19.12     34.59     -1.35    -14.95    -62.97    -53.05    -73.01      0.46      0.10      0.50      0.00      0.27      0.14      0.56
  122.00     22.43     28.36    -16.47    -40.88    -87.90    -77.40    -68.49      0.49      0.51      0.34      0.58      0.59      0.55      1.07
  122.04     -1.61     -8.59    -19.48    -57.91    -94.56    -86.01    -50.30      1.46      0.69      0.14      0.18      0.17      0.31      0.41
  122.08     13.97      3.93    -29.67    -76.11    -89.96    -73.71    -49.77      0.40      0.25      0.01      0.59      0.42      0.72      0.17
  122.13      2.68    -25.36    -54.29    -70.93    -82.24    -56.12    -20.77      0.14      0.19      0.25      0.18      0.29      0.21      1.09
  122.17     -4.57    -17.25    -63.80    -70.75    -68.38    -68.38    -35.88      0.98      0.32      0.59      0.04      0.23      0.17      0.02
  122.21    -11.58    -45.83    -53.27    -65.79    -53.68    -33.00     10.64      0.40      0.21      0.10      0.07      0.21      0.26      0.31
  122.25    -19.15    -35.44    -46.88    -49.74    -34.64     -7.01     25.33      0.27      0.07      0.09      0.19      0.35      0.51      0.38
  122.29     -4.26    -29.03    -43.05    -34.37    -18.39    -12.03      0.37      0.42      0.21      0.32      0.16      0.20      0.28      0.40
  122.33      1.11    -15.52    -32.86    -25.03    -17.84     -8.16     -4.00      0.27      0.28      0.22      0.20      0.27      0.15      0.50
  122.38     -3.10     -9.01    -21.19    -21.34    -20.63    -15.51      6.25      0.82      0.21      0.25      0.10      0.28      0.15      0.09
  122.42     -3.27    -11.81    -19.50    -26.65    -24.68    -17.72      0.16      0.66      0.24      0.18      0.30      0.45      0.05      0.79
  122.46      3.01    -13.59    -25.86    -29.96    -23.69     -5.66      3.77      0.04      0.04      0.08      0.24      0.25      0.28      0.06
  122.50     -4.10    -13.91    -25.09    -29.28    -21.84     -8.69      2.26      0.15      0.45      0.26      0.24      0.12      0.12      0.59
  122.54    -12.25    -19.52    -27.33    -25.36    -10.75     -4.66     -2.89      0.11      0.31      0.35      0.21      0.28      0.94      1.78
  122.58      1.38    -16.64    -27.00    -16.66     -8.25      7.11      9.92      0.70      0.09      0.65      0.54      0.02      0.47      0.43
  122.63      4.84    -26.16    -26.99    -10.08    -12.11     20.13       NaN      0.89      0.47      0.45      0.28      0.18      0.79       NaN
  122.67     13.58      3.63    -16.20    -15.36    -33.02    -22.37       NaN      0.84      0.73      0.24      0.66      0.38      4.05       NaN
  122.71      9.05     -9.21    -33.31    -14.44    -24.53       NaN       NaN      1.21      1.33      1.69      1.31      0.68       NaN      0.00
  122.75       NaN       NaN       NaN       NaN       NaN       NaN       NaN       NaN       NaN       NaN       NaN       NaN       NaN      0.00
  122.79       NaN       NaN       NaN       NaN       NaN       NaN       NaN       NaN       NaN       NaN       NaN       NaN       NaN      0.00
  122.83      6.39    -21.67    -27.74    -20.41    -31.49       NaN       NaN      0.13      0.33      0.28      0.50      0.62       NaN       NaN
  122.88       NaN     -2.74      6.71    -18.14    -32.55    -25.88    -15.19       NaN      0.11      1.15      0.55      0.66      0.48      0.82
  122.92      2.48      0.77     -2.58    -16.21    -22.56    -50.41    -56.67      0.48      0.52      0.34      0.24      0.45      1.32      4.30
  122.96      7.45      7.70      1.08    -14.15    -37.53    -41.85    -21.52      0.29      0.11      0.44      0.80      0.50      0.38      0.23
  123.00     30.70     31.36     10.88    -15.87    -63.89    -73.36    -65.14      0.88      0.57      0.44      0.26      0.26      0.55      0.77
  123.04     29.68     -2.70    -12.74    -50.91    -68.57    -73.60    -59.60      0.41      0.49      0.10      0.40      0.07      0.71      0.64
  123.08     12.68    -14.14    -12.64    -37.47    -60.45    -69.33    -57.97      0.25      0.19      0.20      0.18      0.14      0.18      1.51
  123.13     31.95     -5.54    -24.98    -45.94    -58.32    -56.32    -37.53      0.26      0.02      0.19      0.37      0.08      0.22      1.14
  123.17     26.75    -19.19    -37.55    -52.39    -52.16    -40.58    -27.62      0.31      0.32      0.04      0.02      0.03      0.25      0.53
  123.21    -10.77    -20.51    -29.04    -42.33    -34.47    -32.28    -33.36      0.03      0.13      0.38      0.20      0.13      0.19      0.66
  123.25      6.02     -9.83    -15.82    -30.57    -35.79    -37.77    -19.27      0.63      0.20      0.30      0.35      0.09      0.63      0.87
  123.29     11.56      8.31     -4.64    -23.86    -37.45    -42.05    -30.80      0.50      0.01      0.06      0.03      0.22      0.56      1.23
  123.33      8.94      2.21     -9.71    -22.23    -35.92    -38.64    -33.97      0.14      0.33      0.02      0.18      0.15      0.03      0.58
  123.38     14.23     -1.00    -16.67    -32.68    -38.70    -37.61    -21.80      0.11      0.14      0.11      0.29      0.23      0.15      0.41
  123.42     14.13     -1.00    -15.15    -33.70    -42.50    -31.59    -18.88      0.14      0.47      0.20      0.29      0.36      0.01      0.01
  123.46     13.60     -7.09    -18.29    -38.99    -42.67    -28.10    -14.51      0.13      0.15      0.25      0.22      0.00      0.10      0.08
  123.50     21.73     -0.83    -18.83    -29.54    -32.41    -23.79    -26.26      0.21      0.17      0.00      0.08      0.19      0.05      0.23
  123.54     17.82     -3.84    -25.95    -27.70    -29.70     -0.43     -6.29      0.06      0.14      0.45      0.26      0.04      0.16      0.20
  123.58     -0.12    -13.23    -33.39    -35.58    -24.18     -4.12      0.13      0.31      0.01      0.41      0.14      1.23      0.39      2.33
  123.63    -12.49    -17.64    -33.14    -36.48     -9.51    -18.94    -20.96      0.47      0.13      0.03      0.20      0.00      0.82      1.20
  123.67      0.48    -22.26    -38.64    -21.55     17.05      4.60     22.09      1.15      0.62      0.06      1.36      1.61      0.30      2.48
  123.71     18.18    -12.53    -11.90    -23.74      9.77     26.47     16.70      0.18      0.02      0.23      1.02      0.67      0.71      1.18
  123.75     20.33      1.94    -12.49    -30.16    -23.30     -3.33       NaN      1.53      0.16      0.48      0.22      0.52      0.13       NaN
  123.79       NaN      1.52    -12.87    -37.92    -38.38       NaN       NaN       NaN      0.15      0.01      0.04      0.77       NaN       NaN
  123.83       NaN     -7.53      7.97       NaN       NaN       NaN       NaN       NaN      0.95      0.98       NaN       NaN      0.00       NaN
  123.88     23.98     18.02    -31.35    -35.70    -59.02    -16.29       NaN      0.04      0.07      1.12      0.16      0.86      0.03       NaN
  123.92       NaN      9.88     16.78    -30.91    -26.47    -39.61       NaN       NaN      0.11      0.65      1.13      0.46      0.48       NaN
  123.96     28.16     22.18      5.58    -43.85    -62.49    -67.16       NaN      0.48      0.53      0.39      0.45      1.04      0.84       NaN
  124.00     27.17     12.04     -8.81    -30.77    -63.49    -28.31     46.72      0.02      0.03      0.29      0.14      0.22      0.13      1.37
  124.04     18.85      2.86    -10.45    -29.13    -55.02    -21.64     44.91      0.19      0.30      0.36      0.28      0.60      0.74      0.56
  124.08     22.90     -8.00    -22.79    -43.62    -56.95    -62.11      0.86      0.20      0.37      0.21      0.03      0.11      0.11      0.22
  124.13      0.31     -5.06    -18.88    -33.25    -46.70    -45.80    -20.85      0.00      0.61      0.04      0.05      0.18      0.91      0.55
  124.17      8.70     -8.41    -21.75    -37.11    -47.85    -48.60    -34.08      0.01      0.43      0.28      0.38      0.24      0.13      0.61
  124.21      8.75     -8.31    -22.68    -29.83    -42.19    -18.36     22.53      0.25      0.31      0.01      0.07      0.05      0.10      0.32
  124.25      6.08     -8.16    -24.58    -36.62    -24.90    -12.86     25.53      0.03      0.09      0.28      0.12      0.02      0.53      0.03
  124.29      5.07     -9.22    -36.14    -38.69    -20.25     -2.90     12.45      0.22      0.13      0.02      0.03      0.23      0.15      0.08
  124.33      1.63    -17.95    -29.01    -39.28    -39.08    -27.19    -29.34      0.30      0.10      0.16      0.03      0.26      0.04      0.17
  124.38      5.52    -14.55    -24.35    -38.42    -38.44    -44.42    -55.35      0.75      0.43      0.24      0.22      0.27      0.33      0.03
  124.42     12.26    -17.33    -27.86    -39.33    -40.98    -48.97    -58.09      0.01      0.33      0.16      0.13      0.45      0.20      0.07
  124.46     -5.98    -23.25    -36.99    -47.56    -55.39    -57.31     -4.92      0.15      0.02      0.29      0.26      0.23      0.10      0.47
  124.50     -3.54    -16.98    -32.77    -45.14    -51.33    -23.06     -3.02      0.40      0.11      0.03      0.33      0.65      0.15      1.12
  124.54     -1.69     -7.44    -12.15    -16.93     -8.35    -16.92    -28.54      0.46      0.39      0.24      0.04      0.01      0.36      0.77
  124.58     -0.89     -4.24     -7.62     -3.69     -2.59     -8.83    -11.82      0.03      0.03      0.48      0.01      0.38      0.53      0.36
  124.63     -1.15     -0.85     -2.62      8.99     -8.16    -31.22       NaN      0.14      0.16      1.00      0.09      0.45      0.54       NaN
  124.67     18.35      8.64    -14.18      3.85    -17.31    -49.17       NaN      0.47      0.00      0.46      4.58      2.36      1.50       NaN
  124.71       NaN     -8.90    -22.47    -28.93    -11.81    -60.02       NaN       NaN      0.52      0.21      0.10      0.67      2.92       NaN
  124.75       NaN       NaN       NaN       NaN       NaN       NaN       NaN       NaN       NaN       NaN       NaN       NaN       NaN       NaN
  124.79     28.77    -12.83    -12.33    -41.45       NaN       NaN       NaN      0.22      0.34      0.78      0.58       NaN       NaN      0.00
  124.83     18.42     -0.38    -18.01    -29.62    -57.22       NaN       NaN      1.45      0.08      0.16      0.59      0.87       NaN       NaN
  124.88     23.72     -0.24      5.92    -20.79    -29.56       NaN       NaN      0.09      0.11      0.20      0.28      0.26       NaN       NaN
  124.92     49.25      0.01    -25.55    -47.58    -81.38    -88.17       NaN      0.49      0.11      0.17      0.24      0.96      0.13       NaN
  124.96     19.31     -0.66    -32.20    -54.77    -56.39    -64.10       NaN      0.39      0.17      0.36      0.17      0.11      0.31       NaN
  130.00      7.98     11.88    -10.31    -29.93    -39.83    -44.84     -1.04      0.86      0.27      0.01      0.50      0.71      0.44      0.60
  130.04      3.94     -2.88    -33.64    -61.50    -64.13    -32.05    -30.77      0.56      0.36      0.13      0.35      0.72      0.71      0.89
  130.08     -2.42    -23.52    -31.04    -49.17    -50.02    -30.27     20.31      0.85      0.59      0.42      0.22      0.30      0.57      0.92
  130.13     -6.12    -24.06    -27.65    -33.55    -19.26      6.36     64.00      0.14      0.39      0.22      0.06      0.12      0.89      0.62
  130.17     -4.03     -9.05    -17.67     -9.27     -0.76     27.36     42.62      0.01      0.15      0.16      0.40      0.11      0.12      0.04
  130.21    -10.21     -5.34     -3.33     -2.13      6.88     17.08     18.57      0.61      0.35      0.19      0.07      0.19      0.37      0.32
  130.25     13.26      5.03      0.60     -0.04      0.88      4.69      7.63      0.31      0.34      0.13      0.16      0.38      0.72      0.26
  130.29      8.55      5.58     -7.63     -7.38      0.41     -1.05     11.85      0.72      0.39      0.22      0.17      0.35      0.61      0.35
  130.33      0.91     -1.31     -7.73     -7.34     -1.69     -3.06     -1.66      0.22      0.13      0.03      0.09      0.21      0.02      0.31
  130.38     11.69     -4.97    -14.34    -14.36     -8.90    -14.72      1.43      0.17      0.49      0.18      0.45      0.49      0.05      0.60
  130.42     -2.39     -7.24    -21.87    -28.78    -21.08    -16.81    -11.50      0.16      0.38      0.34      0.31      0.27      0.23      0.33
  130.46      4.79    -19.00    -27.21    -33.21    -29.77    -23.68    -27.72      0.12      0.35      0.06      0.01      0.13      0.25      0.27
  130.50    -18.13    -18.94    -28.93    -27.72    -19.66    -17.82     -6.33      0.22      0.11      0.10      0.50      0.15      0.43      0.17
  130.54      4.66    -17.06    -24.87    -30.01    -10.75     -5.15      0.15      0.11      0.58      0.16      0.76      0.48      0.34      1.25
  130.58    -13.12    -28.10    -12.87     -0.12     -9.00     -9.68    -64.09      0.51      0.27      0.08      0.84      0.07      1.16     17.39
  130.63    -16.94    -19.35    -17.88      4.79     -5.19    -29.50       NaN      0.72      0.01      0.09      0.61      0.07      0.51       NaN
  130.67    -13.30     -6.05     -0.70      9.66     15.58     38.00       NaN      0.22      0.18      0.06      1.30      0.65      0.89       NaN
  130.71     16.41     -0.26     -4.87      3.05    -16.10    -27.43       NaN      0.84      0.10      0.13      0.31      1.98      0.41       NaN
  130.75       NaN       NaN       NaN    -20.54    -16.01       NaN       NaN       NaN       NaN       NaN      0.52      1.16       NaN       NaN
  130.79     17.71     -1.83       NaN       NaN       NaN       NaN       NaN      0.46      0.78       NaN       NaN       NaN       NaN       NaN
  130.83       NaN      0.60      6.38       NaN       NaN       NaN       NaN       NaN      0.67      1.13       NaN       NaN       NaN      0.00
  130.88     44.23     20.48      2.75      6.62     -5.46       NaN       NaN      0.46      1.15      0.78      0.06      0.48       NaN       NaN
  130.92     40.77     14.94      7.88    -26.80    -32.61     -4.46       NaN      0.74      0.55      0.35      0.15      0.54      0.69       NaN
  130.96     42.85    -15.46     -0.69    -18.64    -43.34    -48.12    -68.94      0.49      0.06      0.19      0.41      0.87      0.37      0.22
  131.00     41.35      4.14    -19.15    -39.01    -47.13    -55.80    -42.31      0.72      0.14      0.04      0.42      0.64      1.10      0.61
  131.04     12.21    -10.95    -24.68    -32.60    -30.26    -30.72    -10.89      0.05      0.53      0.43      0.53      0.53      0.36      0.78
  131.08      8.05      1.17    -16.32    -26.55    -39.03    -27.36    -41.64      0.22      0.37      0.20      0.20      0.46      1.07      3.71
  131.13     14.61      1.57     -9.57    -18.43      5.20     -3.92     13.70      0.05      0.18      0.67      0.18      0.26      0.19      0.17
  131.17     23.35      2.05    -16.10    -21.16    -13.74     -9.19     -8.44      0.44      0.31      0.06      0.04      0.08      0.13      0.82
  131.21      1.72     -9.25    -25.72    -26.34    -18.21    -17.67      3.11      0.31      0.14      0.33      0.19      0.24      0.02      0.98
  131.25      1.71    -20.00    -25.01    -23.10    -15.77    -11.82    -14.51      0.36      0.69      0.51      0.15      0.30      0.28      0.02
  131.29      5.89    -12.81    -29.86    -21.64    -14.91     -4.99     -3.00      0.22      0.15      0.00      0.21      0.07      0.39      0.57
  131.33     -8.21    -16.87    -22.69    -13.73      1.79     -9.67    -11.26      0.09      0.20      0.22      0.03      0.28      0.40      0.98
  131.38      7.06    -11.11    -14.31     -5.93      3.50     -6.62    -19.05      0.26      0.43      0.03      0.11      0.18      0.44      0.01
  131.42      6.14     -3.26     -7.75    -16.53     -9.94    -13.92    -13.01      0.31      0.18      0.49      0.34      0.30      0.36      0.58
  131.46      9.16     -2.58    -18.58    -23.88    -24.48    -22.38    -26.75      0.25      0.00      0.10      0.18      0.04      0.02      0.22
  131.50      4.63    -12.59    -22.43    -25.05    -21.97    -38.33    -30.97      0.54      0.16      0.27      0.50      0.34      0.85      1.10
  131.54     -3.45    -11.34    -16.83    -19.13    -20.62    -37.41    -20.17      0.45      0.20      0.16      0.47      0.01      1.03      0.52
  131.58     -7.02      3.26    -15.30    -25.12    -21.91    -14.84       NaN      0.80      0.24      0.03      0.80      0.76      0.09       NaN
  131.63      3.56    -14.43    -23.06    -21.86    -19.72    -25.95       NaN      0.36      0.30      0.42      0.06      0.80      0.74       NaN
  131.67      7.04    -22.84    -20.52    -26.78    -24.07    -26.12       NaN      0.12      1.02      0.04      0.92      1.72      1.60       NaN
  131.71     39.96     11.35    -24.17      8.00     21.56     -6.36       NaN      0.48      0.55      0.66      0.62      1.55      0.09       NaN
  131.75     20.41     23.87    -28.40      8.15     19.97       NaN       NaN      0.71      0.39      0.35      0.57      2.48       NaN       NaN
  131.79       NaN       NaN       NaN     -0.43      1.03     -5.53       NaN       NaN       NaN       NaN      1.61      1.54      1.17      0.00
  131.83       NaN    -15.70       NaN       NaN       NaN       NaN       NaN       NaN      0.24       NaN       NaN       NaN       NaN       NaN
  131.88     56.92     -8.49     -3.86      0.20       NaN       NaN       NaN      0.32      0.07      0.14      3.53       NaN       NaN       NaN
  131.92     38.25     13.17      2.08     10.44     10.59     14.11       NaN      0.14      0.46      1.73      0.78      0.62      1.62       NaN
  131.96     25.64      7.99     -9.71      1.06      9.13     13.89     30.99      0.41      0.66      0.00      0.11      0.08      0.73      0.35
  132.00     36.07     -0.28     -8.95     -6.65     18.94     27.02     21.01      0.55      0.76      0.12      0.09      0.68      0.86      0.44
  132.04     35.61     -3.79    -11.30     -9.18      3.34     18.38     31.19      0.91      0.56      0.73      0.15      0.04      0.36      0.05
  132.08     30.94     -6.64    -14.89    -18.47     -8.18      8.62     20.64      0.15      0.16      0.28      0.00      0.33      0.52      0.10
  132.13       NaN    -33.38    -18.59    -19.92    -25.00    -15.83     -3.91       NaN      0.47      0.37      0.21      0.59      0.16      0.11
  132.17     14.07    -19.64    -33.91    -25.68    -24.58    -30.19     -4.79      0.63      0.09      0.06      0.51      0.05      0.20      0.03
  132.21    -59.19    -34.42    -28.47    -26.95    -18.53     -5.28      1.57      0.87      0.49      0.18      0.01      0.06      0.11      0.10
  132.25    -22.06    -25.72    -15.06     -7.90      6.41      9.67     17.96      0.27      0.22      0.27      0.05      0.29      0.30      0.68
  132.29     -5.79    -20.12     -9.45     -8.19    -15.03    -20.25    -21.33      0.19      0.12      0.08      0.04      0.01      0.23      0.00
  132.33      5.13    -10.20    -17.08    -17.15    -24.72    -28.95    -36.14      0.43      0.61      0.08      0.16      0.44      0.28      0.41
  132.38     20.59     -6.72    -17.11    -22.10    -27.47    -30.52    -39.31      0.80      0.37      0.49      0.43      0.41      0.43      0.09
  132.42     20.50     -5.58    -26.92    -32.06    -30.97    -26.87    -23.76      0.31      0.36      0.22      0.34      0.31      0.32      0.60
  132.46      9.53     -2.16    -20.29    -27.67    -23.68    -18.36    -15.70      0.01      0.08      0.13      0.33      0.22      0.15      0.04
  132.50     13.92     -2.51    -16.11    -25.01    -13.44    -21.66    -24.71      0.04      0.17      0.24      0.30      0.38      0.02      0.82
  132.54      6.99      0.07    -12.44    -21.62    -17.31    -29.02       NaN      0.57      0.58      0.57      0.02      0.36      0.34       NaN
  132.58      2.76    -28.75    -41.01    -31.98    -21.88    -35.55     -5.56      0.02      0.02      0.16      0.22      0.33      0.05      0.49
  132.63    -11.13    -35.90    -34.66    -29.65    -40.81    -55.48       NaN      1.11      1.67      1.60      0.20      0.29      0.35       NaN
  132.67     20.24    -53.16    -36.37    -54.37    -69.69    -51.96       NaN      0.39      1.65      0.78      0.75      1.66      3.27       NaN
  132.71    -14.66    -23.65    -44.41    -48.00    -44.83    -67.09       NaN      0.55      0.41      1.18      0.19      1.37      1.86       NaN
  132.75       NaN    -37.71       NaN       NaN       NaN       NaN       NaN       NaN      0.17       NaN       NaN       NaN       NaN       NaN
  132.79       NaN     12.96       NaN    -27.46       NaN       NaN       NaN       NaN      0.44       NaN      1.61       NaN       NaN       NaN
  132.83       NaN       NaN       NaN       NaN       NaN       NaN       NaN       NaN       NaN       NaN       NaN      0.00       NaN       NaN
  132.88     33.78    -16.58    -42.36    -32.91       NaN       NaN       NaN      1.36      0.11      1.58      1.06       NaN       NaN      0.00
  132.92     15.78    -14.95    -34.90    -41.14    -39.54    -52.38    -52.45      0.91      0.36      0.17      0.45      0.03      1.21      3.62
  132.96      7.12    -18.78     -5.45    -27.18    -49.89    -40.55    -44.85      0.85      0.97      0.41      0.17      1.79      0.04      1.64
  133.00     17.06     -5.86    -25.06    -39.77    -49.81    -41.50     -4.78      0.23      1.16      0.79      0.46      0.58      0.64      1.78
  133.04     19.59    -33.66    -38.62    -33.94    -46.61    -53.75    -40.62      0.93      0.03      0.30      1.34      0.45      0.77      0.50
  133.08     -3.39    -15.41      9.49    -36.59    -58.46    -58.05    -52.66      0.45      0.66      1.20      0.68      1.73      0.05      0.66
  133.13     10.38    -44.12    -45.05    -56.94    -61.12    -63.32    -58.54      0.40      0.04      0.35      0.15      0.24      0.09      0.35
  133.17    -20.06    -43.83    -58.50    -66.73    -68.78    -69.23    -46.40      0.33      0.41      0.29      0.11      0.03      0.92      1.50
  133.21    -48.55    -60.30    -71.22    -72.36    -65.37    -53.43     -9.13      0.21      0.42      0.26      0.26      0.02      0.22      0.27
  133.25    -40.52    -63.32    -71.62    -74.17    -60.44    -45.51     23.40      0.09      0.08      0.22      0.15      0.50      0.60      0.56
  133.29    -41.93    -64.76    -77.13    -68.51    -53.85    -20.34      0.86      0.37      0.26      0.05      0.13      0.19      0.23      0.11
  133.33    -39.10    -69.85    -70.27    -55.98    -31.62     -8.04      0.28      0.20      0.25      0.16      0.06      0.20      0.31      0.64
  133.38    -47.80    -52.69    -54.50    -43.67    -20.41     -8.78    -22.86      0.26      0.53      0.33      0.11      0.20      0.13      0.69
  133.42    -45.11    -52.15    -52.98    -40.51    -22.68    -21.20    -34.02      0.04      0.32      0.03      0.27      0.41      0.44      0.07
  133.46    -48.50    -61.56    -62.23    -38.30     -9.02    -15.21     -0.09      0.12      0.06      0.09      0.45      0.24      0.32      0.62
  133.50    -43.20    -49.00    -48.52    -33.10     -9.81    -15.95    -20.04      0.18      0.24      0.26      0.22      0.46      0.64      0.50
  133.54    -35.86    -47.89    -56.46    -37.76    -15.21     -3.90    -15.81      0.06      0.14      0.49      0.09      0.12      0.67      0.35
  133.58    -68.37    -31.14    -25.75      0.98     12.86     -1.33       NaN      0.19      0.66      0.45      1.48      0.28      0.10       NaN
  133.63    -41.68    -23.48    -16.27     17.14    -33.95       NaN       NaN      0.14      0.67      0.70      1.05      0.08       NaN       NaN
  133.67    -38.03    -60.90    -22.76    -11.18    -25.03    -62.93       NaN      1.66      0.52      0.27      0.46      0.60      1.57       NaN
  133.71    -41.83    -21.78     -2.81     17.56     -7.80    -49.35       NaN      3.17      3.22      0.68      1.41      0.77      3.96       NaN
  133.75    -20.38    -31.42     18.72     32.47      9.59       NaN       NaN      0.16      0.97      1.31      0.67      0.71       NaN       NaN
  133.79    -27.89    -32.99    -21.73      6.04     -9.35       NaN       NaN      0.05      0.78      0.36      0.53      0.36       NaN       NaN
  133.83    -23.20       NaN     -0.36     -7.57       NaN       NaN       NaN      0.11       NaN      0.22      0.39       NaN      0.00       NaN
  133.88     12.09      0.31     15.30     21.38    -12.23       NaN       NaN      0.72      0.85      0.20      0.01      1.17       NaN       NaN
  133.92     21.06      6.60     18.51     28.27     -1.01    -21.33       NaN      0.25      0.05      0.10      0.64      1.20      0.78       NaN
  133.96     43.90     15.03     24.55     10.63      3.94    -10.72       NaN      0.27      0.13      0.32      0.55      0.24      0.61       NaN
  134.00      1.42      3.19     12.60     10.94      1.20     12.10    -20.31      0.22      0.16      0.58      0.15      0.43      0.62      2.13
  134.04     19.69     -4.40     -3.02      4.15     15.62    -12.99    -31.30      0.24      0.34      0.21      0.20      1.29      1.16      2.18
  134.08     12.51     -4.72    -16.30    -16.75     -9.86    -18.74    -18.94      0.35      0.12      0.49      0.19      0.12      0.49      0.08
  134.13      8.44    -22.64    -23.83    -13.87     -1.79      1.99    -15.55      0.09      0.32      0.10      0.29      0.39      0.50      0.95
  134.17    -12.40    -18.91    -18.82    -12.45     -7.84     -4.45     -5.77      0.57      0.22      0.04      0.26      0.18      0.08      0.36
  134.21     -2.95    -12.84    -16.55    -12.59     -4.38      1.21     -1.56      0.31      0.13      0.54      0.12      0.28      0.32      0.56
  134.25    -13.51    -27.54    -14.97    -11.80      4.04      2.75     -1.32      0.27      0.79      0.53      0.41      0.10      0.00      0.26
  134.29    -19.22    -13.73    -20.85    -13.03     -1.50     -6.58     -6.33      0.02      0.17      0.11      0.09      0.03      0.30      0.62
  134.33    -15.51    -20.80    -17.27    -16.07    -12.63    -10.46     -8.53      0.20      0.37      0.51      0.48      0.32      0.31      1.21
  134.38     -6.83    -26.12    -23.60    -21.65    -13.95     -2.70     13.11      0.54      0.24      0.30      0.39      0.02      0.39      0.21
  134.42    -15.57    -28.81    -32.73    -34.52    -20.66      5.70     22.44      0.41      0.26      0.47      0.21      0.28      0.37      0.07
  134.46    -25.22    -41.93    -41.07    -32.43     -7.09     23.32     28.76      0.03      0.32      0.27      0.25      0.39      0.07      0.06
  134.50    -33.89    -36.10    -39.21    -30.24     -1.56     30.50     28.14      0.99      0.46      0.07      0.26      0.67      0.20      0.33
  134.54    -23.81    -33.60    -27.78     -4.61     11.13     19.58      5.81      0.43      0.38      0.18      0.21      0.35      1.26      0.85
  134.58    -26.52    -22.58    -16.78    -22.26     23.14     50.04      4.87      0.75      0.29      0.43      0.03      0.67      0.76      0.69
  134.63    -64.77    -40.01    -29.38      0.43     33.67       NaN       NaN      0.21      0.42      0.71      0.67      0.04       NaN       NaN
  134.67       NaN    -33.05    -15.86     92.78     17.62       NaN       NaN       NaN      0.71      1.22      0.51      6.95       NaN       NaN
  134.71    -35.64    -40.29     -8.62     25.09     48.05       NaN       NaN      2.65      0.86      1.31      0.77      5.26       NaN       NaN
  134.75       NaN    -25.07    -20.07     56.80       NaN       NaN       NaN       NaN      0.79      0.28      0.07       NaN       NaN       NaN
  134.79    -46.53     25.19     44.78       NaN       NaN       NaN       NaN      0.24      0.88      0.00       NaN       NaN       NaN       NaN
  134.83       NaN    -30.66       NaN       NaN       NaN       NaN       NaN       NaN      0.33       NaN      0.00       NaN       NaN      0.00
  134.88       NaN       NaN     33.24     17.47     13.49       NaN       NaN       NaN       NaN      0.53      0.32      0.58       NaN       NaN
  134.92    -10.56    -44.01     30.22     14.21     -7.00       NaN       NaN      0.37      2.34      0.32      0.33      1.81       NaN       NaN
  134.96     -2.10      2.29     31.88     -4.48    -24.54      5.76     18.18      0.11      0.05      0.59      0.69      1.14      0.20      0.44
  135.00    -17.05     14.06     14.10      2.38    -31.39    -18.49     19.29      0.06      0.34      0.15      0.37      0.83      0.16      0.01
  135.04     20.60      3.10     -5.06    -44.26    -65.06    -23.22    -15.58      0.42      0.42      0.53      0.17      0.41      1.65      2.48
  135.08    -18.59    -17.59    -40.10    -56.95    -59.80    -52.26    -15.80      0.15      0.30      0.25      0.16      0.57      0.32      0.79
  135.13      4.64    -34.76    -34.90    -66.69    -69.46    -46.21    -19.55      0.60      0.17      0.45      0.86      0.00      0.40      0.31
  135.17    -41.44    -42.52    -45.80    -57.30    -44.80    -22.90    -27.29      0.26      0.03      0.04      0.21      0.03      0.37      0.12
  135.21    -39.36    -54.43    -54.81    -61.97    -41.61    -24.69     -8.65      0.02      0.35      0.09      0.35      0.30      0.04      0.14
  135.25    -43.24    -71.73    -66.71    -66.86    -36.40    -10.58     -4.31      0.97      0.16      0.03      0.07      0.05      0.32      0.82
  135.29    -46.10    -61.35    -57.35    -43.98    -25.75    -11.78     11.57      0.26      0.36      0.18      0.19      0.06      0.58      0.15
  135.33    -36.78    -68.20    -55.40    -41.89    -15.67      6.53     20.93      0.06      0.29      0.27      0.13      0.35      0.25      0.72
  135.38    -27.47    -48.69    -46.33    -23.09      6.79     35.73     51.97      0.17      0.37      0.28      0.17      0.02      0.02      0.06
  135.42    -35.55    -42.71    -35.54    -10.88     22.55     46.58     39.83      0.40      0.44      0.32      0.09      0.11      0.15      0.47
  135.46    -16.03    -31.79    -23.95     -7.36     27.13     39.94     36.74      0.03      0.38      0.21      0.08      0.14      0.21      0.74
  135.50    -25.08    -14.86     -8.23     -1.13     41.41     53.48     52.08      0.16      0.37      0.46      0.08      0.20      0.26      0.49
  135.54     -9.77     -5.27      4.46     37.42     35.92     12.72     23.96      0.05      0.06      0.36      0.03      0.36      0.55      0.24
  135.58     -5.90     -0.37      9.05     35.24     38.50     42.49     19.68      1.06      0.54      0.15      0.81      0.23      0.59      0.23
  135.63    -26.72    -15.26     -0.98     10.81     34.48     36.87       NaN      1.00      0.53      0.32      0.19      0.70      1.39       NaN
  135.67       NaN    -36.91     -6.30      8.76     21.96     -3.63     -6.38       NaN      0.18      0.91      0.77      1.20      0.70      0.35
  135.71    -23.10    -39.70      5.92     10.10      5.82       NaN       NaN      0.60      2.42      0.48      0.87      1.32       NaN       NaN
  135.75    -24.88    -43.49    -15.73     -2.97       NaN       NaN       NaN      0.08      1.04      0.90      0.90       NaN       NaN       NaN
  135.79    -49.86    -41.03       NaN       NaN       NaN       NaN       NaN      0.59      0.23       NaN       NaN       NaN       NaN       NaN
  135.83     -8.60    -45.50    -49.90       NaN       NaN       NaN       NaN      0.46      0.09      0.57       NaN       NaN       NaN      0.00
  135.88    -21.19    -27.29    -16.48     29.80      7.29       NaN       NaN      0.80      0.51      0.14      0.11      0.05       NaN       NaN
  135.92     23.75    -20.28    -18.22     -4.56    -20.26       NaN       NaN      0.79      0.20      0.48      0.78      0.12       NaN       NaN
  135.96     15.57     -5.22    -18.91    -14.24    -22.75    -14.42       NaN      0.24      0.29      0.24      0.20      1.05      3.07       NaN
  136.00     39.47     -5.79    -27.39    -19.23    -32.92    -30.27       NaN      1.47      0.47      0.46      1.14      0.69      0.01       NaN
  136.04      8.43    -29.36    -41.07    -23.43    -40.92    -26.28      1.97      0.63      0.09      0.61      0.04      0.04      0.25      1.59
  136.08    -24.94    -41.68    -38.99    -28.33    -40.24    -34.37   -145.74      0.76      0.42      0.29      0.15      0.37      0.20      6.74
  136.13     -3.94    -31.72    -27.21    -26.73    -32.26    -22.77      2.77      0.10      0.01      0.06      0.02      0.23      1.69      1.48
  136.17    -40.03    -27.80    -22.99    -24.87    -29.89      2.76     30.52      0.13      0.50      0.09      0.27      0.01      0.55      0.67
  136.21    -36.03    -30.27    -21.35    -22.36     -7.97      3.83     15.48      0.60      0.43      0.10      0.29      0.04      0.15      0.93
  136.25    -25.49    -18.76     -9.48     -5.36     -2.85      9.55     23.48      0.21      0.35      0.37      0.02      0.08      0.26      1.29
  136.29    -30.41    -15.37      0.58      2.04      0.20     11.55     39.49      0.10      0.31      0.32      0.15      0.04      0.29      0.70
  136.33    -31.17    -28.12     -7.44      0.88      4.50     18.81     22.40      0.76      0.56      0.00      0.09      0.02      0.26      0.66
  136.38    -22.99    -23.46     -6.32      1.55      1.89     12.57     18.46      0.52      0.78      0.09      0.25      0.36      0.03      0.46
  136.42    -20.53    -22.46    -14.74     -1.10     -1.02     -4.72    -15.08      0.64      0.29      0.02      0.15      0.02      0.24      0.31
  136.46    -24.46    -29.80    -26.53    -14.67    -10.17     -3.75     -2.38      0.37      0.31      0.02      0.08      0.24      0.04      0.17
  136.50    -42.19    -41.90    -25.97    -17.94    -12.00    -15.10      0.43      0.12      0.57      0.21      0.44      0.13      0.09      0.36
  136.54    -31.39    -30.99    -25.50     -7.79     -7.31      0.96      2.68      0.15      0.11      0.32      0.27      0.53      0.26      0.05
  136.58    -47.32    -22.22     -7.20     -2.49     14.66      5.21     21.69      0.33      0.44      0.39      0.36      0.04      0.03      3.11
  136.63    -27.35    -22.38     -1.59      0.15     17.27     -9.42     65.73      0.13      0.14      0.06      0.18      0.94      0.69      4.01
  136.67    -21.44    -15.00    -20.31     -5.53     -2.84    -37.09     12.28      0.38      0.11      0.37      0.97      0.07      2.74      2.69
  136.71    -36.74    -34.95    -27.07     -5.71    -10.39    -16.18       NaN      0.40      0.48      0.13      0.69      0.62      0.58       NaN
  136.75    -30.56     -9.38    -12.75    -24.90       NaN       NaN       NaN      1.82      1.89      0.11      0.67       NaN       NaN       NaN
  136.79    -18.94    -48.20     17.27     16.95       NaN       NaN       NaN      0.27      0.49      0.01      0.44       NaN       NaN       NaN
  136.83    -27.91    -27.99     28.13     50.89     38.08       NaN       NaN      0.32      0.08      0.64      1.06      0.01       NaN      0.00
  136.88    -17.42     -8.38     43.57     32.00     25.89      7.69       NaN      0.48      0.49      0.68      0.86      0.82      1.55       NaN
  136.92     -6.73     12.38     33.90     25.60     -1.97      6.45       NaN      0.94      0.26      2.28      1.73      2.08      1.37       NaN
  136.96    -11.53      7.98     21.12      6.45     -2.50      4.72       NaN      0.23      1.79      1.14      0.07      0.51      3.43       NaN
  137.00      4.78    -16.65     -1.45    -12.46    -16.95    -11.82       NaN      0.72      1.31      1.15      0.50      0.60      0.26       NaN
  137.04     -3.32    -21.67    -25.16    -19.52    -18.54    -22.58    -26.27      0.91      1.20      0.34      0.14      0.02      0.33      2.93
  137.08    -41.60    -25.57    -33.15    -30.99    -18.31     -2.35     -6.49      0.03      0.21      0.17      0.10      0.18      0.32      0.40
  137.13    -44.69    -36.96    -35.38    -14.76      9.70      6.30     60.71      0.30      0.20      0.42      0.02      0.11      0.58      1.98
  137.17    -36.39    -26.38     -5.03      9.17     14.76     13.17     37.45      0.30      0.26      0.28      0.05      0.26      0.13      0.49
  137.21    -17.43     -4.92     -0.59      6.79     11.19      2.93      9.23      1.51      0.34      0.01      0.04      0.23      0.36      0.26
  137.25    -10.07     -9.58      3.27     13.15      8.90      4.26      6.17      0.21      0.33      0.07      0.11      0.07      0.39      0.04
  137.29    -17.73    -14.20      6.27     10.78      3.50      8.20    -23.58      0.46      0.35      0.15      0.17      0.12      0.69      0.07
  137.33    -15.58    -13.91      8.37     20.86     20.70     12.44     12.54      0.02      0.25      0.24      0.10      0.30      0.48      0.99
  137.38     -6.57     -1.39     12.68     10.53     17.79     19.04      6.93      0.24      0.71      0.23      0.11      0.01      0.22      0.20
  137.42     -9.73     -6.98     -3.16     -3.96     13.53     24.32     16.22      0.99      0.59      0.28      0.06      0.13      0.03      0.69
  137.46    -16.36    -18.50    -13.12     -0.31     15.09     15.70     -1.15      0.14      0.42      0.32      0.36      0.40      0.43      0.62
  137.50    -11.70    -14.68     -2.91      7.53     12.21     -4.34     -8.38      0.33      0.11      0.06      0.10      0.11      0.23      0.63
  137.54    -17.83     -6.54     16.71      3.14     22.32     14.40    -16.15      0.63      0.58      0.63      0.14      0.22      0.27      1.83
  137.58    -20.81     -3.43     11.00      8.37     10.94     -0.17    -11.52      0.74      0.14      0.27      0.65      0.57      1.49      0.72
  137.63    -29.36    -17.46     10.44     10.72     -0.51     -4.02       NaN      0.62      0.00      0.76      0.31      0.23      0.88       NaN
  137.67     33.11     -9.46      6.47      9.81    -14.84    -23.86    -22.82      0.44      0.65      1.32      0.33      0.39      0.12      2.64
  137.71    -37.22      7.80     11.50      2.48      1.68     -4.00     -0.79      0.31      1.19      1.14      0.53      1.33      0.92      0.85
  137.75       NaN       NaN     36.71     21.58     30.34     18.96       NaN       NaN       NaN      3.94      0.14      0.48      2.13       NaN
  137.79       NaN     16.97       NaN     46.49       NaN     11.94       NaN       NaN      0.73       NaN      0.41       NaN      0.64       NaN
  137.83       NaN       NaN     33.61       NaN       NaN       NaN       NaN       NaN       NaN      1.27       NaN       NaN       NaN       NaN
  137.88       NaN       NaN       NaN     62.30     68.35       NaN    -11.93       NaN       NaN       NaN      0.22      0.93       NaN      0.32
  137.92     40.75     25.79     33.98     44.23     52.60     26.43       NaN      1.28      0.58      0.37      0.26      0.16      0.84       NaN
  137.96      2.07     30.53     25.50     18.25     25.28      9.37       NaN      0.36      0.18      0.31      1.50      0.26      0.32       NaN
  138.00     38.50     19.11     23.10     16.33     20.53     14.85    -34.51      0.01      0.84      0.39      0.89      0.67      0.55      6.92
  138.04    -40.07     12.61     18.02      1.28      5.27      4.41    -12.89      1.25      0.31      0.71      0.42      0.38      1.00      1.42
  138.08     10.87      1.04     11.37      2.78     -1.36     -9.86     -8.08      0.02      0.26      0.21      0.04      0.35      0.30      0.55
  138.13      2.56     12.15     10.34      8.81     13.23      5.97    -11.08      0.25      0.04      0.01      0.19      0.10      0.25      0.81
  138.17      7.82     -2.57      8.12     11.72      2.75     -2.54    -24.73      0.45      0.47      0.27      0.14      0.15      0.29      0.47
  138.21     -2.82     10.05     13.04     16.33      2.98     -1.43     -2.14      0.12      0.18      0.10      0.30      0.09      0.31      0.74
  138.25      2.55     12.80     18.25     11.03      2.81      2.08    -11.56      0.32      0.03      0.03      0.16      0.09      0.12      0.64
  138.29      2.92     10.09      8.93      7.52     -0.19      3.54     13.88      0.03      0.48      0.13      0.06      0.03      0.55      0.29
  138.33    -15.27     -3.01      2.85     -3.34     -5.34     -2.12      3.51      0.42      0.22      0.06      0.02      0.07      0.41      0.27
  138.38     -6.05     -6.54      1.44      1.91      3.67      5.07    -22.04      0.20      0.39      0.27      0.20      0.09      0.11      1.01
  138.42    -14.01    -10.89     -2.70     -4.55     -3.94     -1.97     -7.69      0.80      0.60      0.54      0.51      0.20      0.49      0.51
  138.46     -8.10    -10.44     -6.39     -8.20     -8.15    -16.48    -29.85      0.43      0.59      0.34      0.10      0.26      0.03      0.52
  138.50    -24.60    -16.61    -13.89     -9.29     -7.49    -21.98    -21.99      0.70      0.42      0.25      0.21      0.10      0.52      1.29
  138.54    -23.12    -17.04     -5.57    -10.69    -16.72    -13.71    -21.21      0.29      0.49      0.16      0.52      0.17      1.06      0.12
  138.58    -15.47    -14.64    -10.81     -7.59     -4.75     -3.39       NaN      0.50      0.16      0.14      0.23      0.19      0.75       NaN
  138.63    -19.31     -8.56    -11.25      8.39     14.69      9.96       NaN      0.05      0.61      0.10      1.51      1.34      0.04       NaN
  138.67    -40.18    -41.47    -20.78     11.44     34.72     19.63       NaN      0.15      0.10      0.08      0.67      0.18      1.32       NaN
  138.71    -47.50    -50.78    -27.53     10.89     23.07       NaN       NaN      0.89      1.66      0.96      0.30      0.41       NaN       NaN
  138.75       NaN    -36.36    -34.24      5.98     62.35     47.21       NaN       NaN      0.50      0.23      1.57      0.39      0.20       NaN
  138.79    -37.60    -45.69    -29.23     33.73     28.18       NaN       NaN      0.64      0.03      0.71      1.82      0.31       NaN       NaN
  138.83       NaN       NaN       NaN     37.97       NaN       NaN       NaN       NaN       NaN       NaN      0.16       NaN       NaN       NaN
  138.88       NaN      0.90     12.30     23.22     21.38     20.52     97.13       NaN      0.81      0.00      0.45      1.51      1.21     39.69
  138.92    -14.00      4.49      5.87      4.91      9.96      9.50       NaN      0.56      0.50      0.72      1.06      0.46      1.31       NaN
  138.96     -0.25     -6.51      0.54     -3.54     -5.72    -16.93       NaN      0.60      0.03      0.98      0.88      0.34      1.32       NaN
  139.00     -6.33     -5.05     -2.14     -8.03    -19.51    -28.21    -42.92      1.10      0.35      0.86      0.81      0.13      0.89      1.79
  139.04    -19.00     -8.74    -14.24    -26.86    -30.47    -40.07    -52.39      0.13      0.42      0.03      0.19      0.13      0.16      1.45
  139.08    -24.49    -23.47    -24.52    -40.87    -48.20    -49.11       NaN      0.12      0.00      0.07      0.15      0.26      0.05       NaN
  139.13    -32.71    -29.53    -24.07    -26.94    -32.68    -38.50    -18.49      0.39      0.38      0.00      0.38      0.67      0.95      0.26
  139.17    -38.14     -9.45     -4.75     -1.53      3.77    -11.27     -7.10      0.11      0.08      0.46      0.13      0.22      0.04      1.56
  139.21    -16.68      3.19      7.50     14.39     22.98     13.28      9.06      0.73      0.01      0.04      0.14      0.14      0.25      0.30
  139.25    -26.61      5.47     22.45     26.73     28.25     23.45      9.09      1.08      0.42      0.02      0.04      0.13      0.33      0.11
  139.29    -18.26     13.94     22.60     32.26     35.11     22.83      6.36      0.30      0.36      0.28      0.09      0.20      0.77      0.28
  139.33    -23.70      6.34     24.63     41.95     36.00     30.74     20.44      0.49      0.13      0.03      0.14      0.21      0.19      0.16
  139.38     -8.83     15.36     22.51     29.91     26.15     19.61    -14.32      0.59      0.42      0.47      0.03      0.07      0.15      0.85
  139.42    -12.79      1.93     10.30     18.66     17.34     -4.91      1.44      0.51      0.47      0.14      0.28      0.19      0.04      0.04
  139.46    -12.64     -0.71      4.39     11.77     13.02      4.78     -6.37      0.10      0.91      0.07      0.47      0.07      0.58      0.04
  139.50      5.56     -2.80      7.70     15.46     16.44     10.49     15.95      0.20      0.89      0.37      0.05      0.10      0.08      0.11
  139.54     -9.34     18.95     27.92     24.91     22.23     17.23     38.20      0.17      0.61      0.02      0.63      0.23      0.08      0.85
  139.58     10.30     38.77     42.17     35.56     38.75     36.01     20.29      0.60      0.40      0.41      0.25      0.19      0.74      0.60
  139.63     10.54     27.51     42.58     46.36     45.94     38.80     31.45      0.98      0.34      0.58      0.19      0.60      0.08      0.12
  139.67    -13.73     10.78     55.30     62.31     39.18     30.31       NaN      0.68      0.70      0.57      1.43      0.21      1.10       NaN
  139.71    -11.34     -7.40     35.47     31.52     24.68     24.55       NaN      0.24      0.07      0.28      0.30      0.79      2.77       NaN
  139.75     -1.91      2.07     34.81     27.48     23.17      2.42       NaN      0.22      0.56      0.67      1.61      0.53      0.12       NaN
  139.79    -10.46     -4.02       NaN     44.10       NaN       NaN       NaN      0.34      1.10       NaN      0.54       NaN      0.00      0.00
  139.83       NaN      6.40     30.03     35.71       NaN       NaN       NaN       NaN      0.02      1.11      0.16       NaN       NaN       NaN
  139.88       NaN      4.84     38.44     51.44      6.02    -19.10       NaN       NaN      0.90      0.24      0.49      0.16      1.31       NaN
  139.92    -15.15      6.57     25.02     34.33      2.15    -25.42       NaN      1.01      0.01      0.42      0.77      1.66      0.45       NaN
  139.96      1.69      5.91     12.19     28.12     27.10    -31.97    -36.57      0.54      0.36      2.25      0.45      0.12      0.26      0.57
  140.00    -12.08    -16.65     -3.08      6.45    -11.30    -12.76    -26.77      0.35      0.96      0.33      0.80      0.10      0.60      0.93
  140.04    -14.44    -11.08    -10.82      9.16     -3.89    -27.04      9.65      1.27      0.30      0.28      0.49      0.44      0.38      0.84
  140.08       NaN    -22.98    -15.97    -11.94    -20.91    -33.53    -46.86       NaN      1.15      0.15      0.00      0.26      0.08      3.08
  140.13     -3.79    -11.66    -17.62    -14.86    -14.97     -9.88      8.24      0.04      0.69      0.32      0.31      0.38      0.19      0.57
  140.17    -16.88    -13.67    -13.45     -7.12     -4.45      2.96      0.46      0.24      0.12      0.01      0.21      0.20      0.61      0.34
  140.21     -0.63      0.11      4.38      7.94      7.62      2.28      9.06      0.95      0.12      0.44      0.11      0.02      0.16      0.56
  140.25      7.34      9.40     11.86     18.82     20.47      4.76     -4.33      0.43      0.13      0.04      0.05      0.03      0.37      0.28
  140.29     18.53     19.58     24.57     31.84     32.07     10.79    -29.46      0.49      0.03      0.15      0.26      0.02      0.02      0.30
  140.33     14.26     12.45     29.74     35.82     36.55     27.74     14.46      0.25      0.09      0.01      0.12      0.10      0.61      0.41
  140.38      4.86     10.12     31.48     41.11     40.82     20.42     20.56      0.39      0.46      0.03      0.20      0.06      0.34      0.01
  140.42      8.38     11.73     24.22     32.48     36.37     18.58    -11.75      0.35      0.54      0.31      0.19      0.13      0.10      0.06
  140.46     10.84      6.95     10.82     13.75     18.26      8.96     -6.93      0.08      0.52      0.17      0.16      0.03      0.20      0.16
  140.50     -7.49     -0.49      3.64      3.44      5.18     -2.91    -28.27      0.44      1.00      0.25      0.04      0.21      0.09      0.99
  140.54     20.46     -4.00      6.01     15.08     19.55     42.75     10.25      0.42      0.61      0.02      0.16      0.39      0.71      1.77
  140.58     17.36     -1.57     12.62     33.00     27.54     43.11       NaN      0.12      0.14      0.41      0.85      1.03      0.07       NaN
  140.63      6.06     10.09     34.41     37.42     35.15     35.09       NaN      0.21      0.42      0.10      0.27      1.28      1.55       NaN
  140.67     12.25      4.94     26.52     42.17     42.41     21.72       NaN      0.12      1.38      0.78      0.72      0.41      1.46       NaN
  140.71      0.77      8.76     33.96     45.95     50.76     45.01       NaN      0.44      0.21      0.36      1.87      3.78      0.36       NaN
  140.75       NaN       NaN     31.51     58.04       NaN       NaN       NaN       NaN       NaN      1.10      0.11       NaN       NaN       NaN
  140.79       NaN       NaN       NaN       NaN       NaN       NaN       NaN       NaN       NaN       NaN       NaN       NaN       NaN       NaN
  140.83     -7.77     -4.02     37.65     39.94       NaN       NaN       NaN      0.37      0.37      0.65      0.69       NaN      0.00      0.00
  140.88       NaN       NaN       NaN       NaN       NaN       NaN       NaN       NaN       NaN       NaN       NaN       NaN       NaN       NaN
  140.92    -37.88     -1.33     16.31     27.94     48.44     42.74       NaN      2.32      0.65      0.14      0.15      2.28      2.69       NaN
  140.96      9.93     28.05     33.12     40.94     39.28     34.29       NaN      0.04      0.17      0.29      0.42      0.09      0.32       NaN
  141.00    -19.91    -10.45     19.11     33.16     34.25     41.89     45.65      0.14      0.98      0.81      0.17      0.78      0.70      0.29
  141.04      5.71     15.66     19.49     20.48     15.28      7.61     27.02      0.19      0.34      0.14      0.13      0.03      0.48      1.45
  141.08      9.49     -0.60      6.69     11.89      6.54     -5.57    -25.01      0.59      0.21      0.35      0.44      0.65      0.39      1.11
  141.13     -3.68      5.80      9.72     10.45     11.87      8.11      6.39      0.18      0.17      0.03      0.12      0.29      0.18      0.05
  141.17     -5.34      8.39      9.52      9.24     12.43      6.52     -6.90      0.69      0.05      0.02      0.02      0.06      0.01      0.11
  141.21     11.88     10.01     15.40     17.57     16.17      4.62    -21.05      0.11      0.18      0.26      0.18      0.22      0.26      0.16
  141.25     10.02     15.64     19.92     23.32     19.14      7.04     10.59      0.28      0.19      0.17      0.10      0.35      0.39      0.05
  141.29      1.64     10.32     16.79     17.88     13.10     11.84      2.52      0.87      0.06      0.05      0.10      0.12      0.14      0.41
  141.33     -4.69     14.22     20.10     21.79     23.95     14.04    -23.24      0.25      0.19      0.01      0.11      0.11      0.05      0.00
  141.38      2.31     12.81     25.99     26.89     24.60     11.81     -7.33      0.18      0.85      0.09      0.06      0.08      0.08      0.74
  141.42     18.79     22.91     28.49     28.70     24.87     11.98      3.01      0.50      0.43      0.15      0.23      0.10      0.30      0.40
  141.46     -1.20     12.02     23.25     22.73     20.08      8.60      6.13      0.40      0.24      0.16      0.24      0.16      0.04      0.81
  141.50      1.37     14.66     19.33     20.16     13.75      9.10    -11.74      0.17      1.42      0.41      0.22      0.02      0.29      0.02
  141.54     10.76     33.71     29.61     28.14     20.70      0.36      9.22      0.77      1.12      0.42      0.37      0.17      2.36      0.20
  141.58     21.35     22.76     22.03     31.91     12.45       NaN       NaN      0.24      0.06      0.03      0.47      0.42       NaN       NaN
  141.63     18.92     17.43     24.72     15.63     -6.16    -20.96       NaN      1.49      1.24      0.82      0.47      1.44      2.00       NaN
  141.67       NaN     -5.74      9.69     23.63     17.05      2.23       NaN       NaN      0.68      0.11      0.09      1.15      0.99       NaN
  141.71     -7.95    -12.11     26.47     33.60       NaN       NaN       NaN      0.26      0.21      0.29      0.85       NaN       NaN       NaN
  141.75      2.17       NaN     22.21     49.08       NaN       NaN       NaN      0.40       NaN      0.18      0.36       NaN       NaN       NaN
  141.79       NaN     11.61       NaN       NaN       NaN       NaN       NaN       NaN      0.07       NaN       NaN       NaN       NaN      0.00
  141.83    -25.93     16.85     54.56     17.38     43.22     48.77       NaN      0.52      0.51      0.57      0.94      0.74      1.09       NaN
  141.88     15.73    -18.46      0.24     39.35     22.69       NaN       NaN      0.05      0.27      1.59      1.15      1.81       NaN       NaN
  141.92    -15.31      5.04     27.25     24.71      8.78      3.69       NaN      0.45      0.63      0.52      0.87      0.43      1.32      0.00
  141.96     -2.54      0.11     17.94     23.54     22.77      9.35       NaN      0.22      1.75      0.29      0.74      0.69      2.08       NaN
  142.00     -0.96      2.32     21.51     21.49      4.56     18.51     17.16      0.50      0.69      0.05      0.29      0.49      0.09      1.59
  142.04     -1.67     -0.32     16.75     13.23     -2.86      4.73    -10.05      0.05      0.89      0.24      0.57      0.03      0.18      2.61
  142.08     -6.90     -7.95      5.71      0.32     -8.47     -5.67       NaN      0.36      0.25      0.78      0.15      0.44      0.41       NaN
  142.13       NaN     -4.99      3.89     10.53     16.48     28.07     23.31       NaN      0.33      0.03      0.01      0.26      0.56      1.23
  142.17     12.47      6.24     17.49     29.02     28.67     39.58     34.80      0.25      0.23      0.13      0.31      0.21      0.30      0.08
  142.21     -4.29     -0.20     12.71     24.18     29.27     12.24      4.41      0.54      0.25      0.01      0.02      0.05      0.08      0.65
  142.25      0.37      4.25     16.99     26.40     26.25     15.25      5.37      0.47      0.18      0.58      0.31      0.11      0.27      1.19
  142.29     -4.45     10.16     22.99     28.12     30.63     22.16      6.11      0.24      0.24      0.09      0.14      0.04      0.59      0.68
  142.33     -2.84     11.97     27.31     32.56     35.26     23.61      1.50      0.07      0.15      0.16      0.05      0.28      0.49      0.93
  142.38     -9.19     12.78     27.63     34.69     28.30     15.25     -8.44      0.12      0.26      0.17      0.01      0.15      0.30      0.23
  142.42     -5.20     10.26     22.90     27.32     19.66     -4.55    -36.29      0.65      0.45      0.18      0.30      0.31      0.25      0.06
  142.46     -9.75     -2.62      6.76      6.88      3.82    -15.14    -40.67      0.31      0.34      0.31      0.29      0.02      0.13      0.19
  142.50    -17.41    -15.86     -0.60      8.41     -1.97    -16.07    -30.04      1.06      0.69      0.27      0.10      0.32      0.35      0.12
  142.54    -24.05     -4.81     23.86     19.38     25.92      0.98    -24.48      0.09      0.29      0.19      0.06      0.82      0.39      0.50
  142.58    -18.48     -2.54     18.86     23.98     11.36     -1.09    -12.36      0.45      0.41      0.82      0.17      0.37      0.87      1.54
  142.63    -11.58      6.24     12.77      3.19     18.37     -0.25       NaN      1.03      0.47      0.63      0.43      0.29      0.69       NaN
  142.67    -25.22      3.87      6.66     29.31     22.62    -15.54       NaN      0.61      0.84      0.19      0.37      1.81      0.85       NaN
  142.71     -9.65     -7.48     19.95     45.72     14.02      1.05     40.19      0.35      0.22      0.16      1.07      0.92      0.64      0.15
  142.75       NaN       NaN     19.84     14.21       NaN       NaN       NaN       NaN       NaN      0.97      1.09       NaN       NaN       NaN
  142.79    -27.94     -6.97     25.13     23.63       NaN       NaN       NaN      0.83      1.11      1.34      0.60       NaN       NaN       NaN
  142.83       NaN       NaN     38.84       NaN      5.86       NaN       NaN       NaN       NaN      0.45       NaN      0.26       NaN      0.00
  142.88     19.82     36.54     39.57     16.32     -4.02     -2.23       NaN      0.49      0.57      0.56      0.35      0.03      0.21       NaN
  142.92       NaN     48.48     31.02     24.93     15.70       NaN       NaN       NaN      0.05      0.00      0.32      0.63       NaN       NaN
  142.96     23.47     25.69     32.18     30.52     -0.06      2.81       NaN      0.02      0.54      0.35      1.23      0.20      0.06       NaN
  143.00      7.66     25.38     25.03     10.15    -18.06      1.42     29.19      0.35      1.01      0.47      0.03      0.13      0.07      0.44
  143.04    -23.19     12.58     16.93      0.09    -11.16    -15.59     21.34      0.04      0.23      0.45      0.28      0.05      0.66      0.02
  143.08     -4.98      3.39      0.62     -5.78    -20.31    -27.87    -32.67      0.95      0.43      0.19      0.49      0.84      0.48      0.88
  143.13     -3.28     -6.81     -5.99     -1.35    -16.48    -18.34    -14.34      0.09      0.18      0.12      0.02      0.12      0.60      0.40
  143.17     -5.60    -11.42     -9.51     -8.18     -9.78      3.75     -3.74      0.70      0.02      0.08      0.09      0.23      0.09      0.37
  143.21     -9.74     -2.89      3.94      8.03     12.79      4.38    -20.16      0.32      0.29      0.22      0.03      0.68      0.70      0.81
  143.25     -0.01     12.44     10.85     10.42      7.97      7.07    -18.91      0.04      0.37      0.01      0.03      0.39      0.39      0.27
  143.29     -1.61      6.89     17.38      8.28     -1.34     -3.78    -16.05      0.10      0.22      0.05      0.05      0.15      0.14      0.74
  143.33     -4.97      0.56      4.32      3.81      1.89    -10.11    -29.88      0.35      0.60      0.24      0.03      0.10      0.14      0.41
  143.38    -19.91      2.10      5.12     -2.12    -11.88    -19.19    -43.75      0.14      0.09      0.30      0.14      0.07      0.66      0.00
  143.42     -9.34     -0.19      2.94     -5.82    -22.85    -38.02    -39.32      0.14      0.03      0.25      0.27      0.32      0.30      0.15
  143.46     -7.37     -9.72    -13.69    -22.40    -37.43    -50.70    -61.83      0.10      0.06      0.11      0.08      0.19      0.23      0.25
  143.50     -7.03     -8.65    -14.37    -24.39    -36.26    -52.56    -30.38      0.09      0.49      0.30      0.02      0.15      0.52      0.57
  143.54      2.22      0.71     -7.39    -25.54    -37.87    -33.04    -19.13      0.15      0.10      0.41      0.35      0.59      0.25      0.80
  143.58     -1.06      2.41     -8.46    -16.73    -32.46    -56.86       NaN      0.06      0.73      0.32      0.23      0.96      0.69       NaN
  143.63     -4.15     -5.34    -10.93    -35.06    -46.57    -19.49       NaN      0.03      0.64      0.25      0.01      1.08      3.62      0.00
  143.67    -15.67     -4.81     -3.18    -30.25    -34.64    -30.67    -39.12      0.29      0.83      0.00      0.21      0.07      0.89      0.89
  143.71     17.05      3.13       NaN    -32.58     -9.03    -22.45       NaN      0.53      0.56       NaN      0.25      2.07      2.40       NaN
  143.75       NaN     -3.79     -0.81       NaN       NaN    -10.19       NaN       NaN      0.93      0.73       NaN       NaN      0.62       NaN
  143.79       NaN       NaN       NaN       NaN       NaN       NaN       NaN       NaN       NaN       NaN       NaN       NaN       NaN       NaN
  143.83       NaN       NaN       NaN       NaN     38.10       NaN       NaN       NaN       NaN       NaN       NaN      1.90       NaN       NaN
  143.88    -26.03      6.93     25.46     47.13     16.87      4.59       NaN      0.12      0.40      0.69      0.60      0.60      1.87       NaN
  143.92    -18.13     16.04     21.15     22.19      9.20      1.10       NaN      0.49      2.43      0.83      0.45      1.29      0.98       NaN
  143.96      6.15     -0.90      9.18     11.72     15.53    -11.07    -17.61      0.27      0.13      0.40      0.65      1.71      1.74      1.99
  144.00    -17.63    -32.65     -2.73      0.77      5.03      0.36      8.37      0.19      0.76      0.17      0.55      0.02      0.04      0.54
  144.04    -10.81    -14.01      0.49      2.77      0.07     -9.95     -0.73      2.20      0.56      0.10      0.54      0.18      0.11      1.25
  144.08    -36.80    -17.68     -2.42      2.24      0.29    -10.88    -14.10      0.13      0.08      0.07      0.12      0.01      0.28      1.11
  144.13    -37.60    -12.91     -0.87     -4.26     -8.28     -9.42     18.49      0.04      0.01      0.13      0.08      0.07      0.14      0.49
  144.17    -17.17     -6.31      3.81     -0.27     -2.07     -0.36     -7.97      0.28      0.13      0.01      0.14      0.16      0.03      0.59
  144.21     -7.75     -0.14      5.73      4.38     12.97     12.70     10.13      0.03      0.03      0.26      0.55      0.14      0.06      0.41
  144.25      1.49      8.86     10.48      5.48      7.07     12.98     22.72      0.01      0.29      0.03      0.10      0.17      0.15      0.23
  144.29      8.97      3.92      6.75      2.11      3.44      9.00     11.04      0.19      0.00      0.17      0.10      0.28      0.60      0.38
  144.33     -5.16     12.28      9.00      3.38     -2.09      4.74      6.69      0.68      0.07      0.18      0.03      0.55      0.62      0.26
  144.38     -9.88     -4.71      0.72      1.08     -6.96     -9.74     -1.18      0.33      0.36      0.40      0.25      0.27      0.54      0.45
  144.42    -10.80     -8.89     -4.99     -5.12     -5.85    -13.63    -30.05      0.11      0.48      0.41      0.37      0.25      0.53      0.31
  144.46    -16.23    -12.68     -5.20     -5.16    -11.35    -15.98    -32.35      0.30      0.27      0.24      0.20      0.16      0.20      0.24
  144.50     -7.30     -8.68     -0.43      3.61     -7.79    -20.70    -45.61      0.65      0.06      0.37      0.09      0.12      0.10      0.65
  144.54    -12.72     -5.44     -0.36      0.14    -12.16    -24.33    -37.39      0.23      0.03      0.11      0.56      0.06      0.26      0.98
  144.58    -18.19     -1.73     -1.72     -6.50    -12.53    -22.45       NaN      0.46      0.45      0.15      0.31      1.53      1.35       NaN
  144.63     -8.83      6.27     -1.39      6.97     20.24      6.03      1.90      0.41      0.55      0.39      0.01      0.78      0.48      0.52
  144.67    -14.66      0.77     25.50     30.31     33.24      8.69       NaN      1.99      1.38      1.29      0.73      0.31      0.07       NaN
  144.71      1.26     -3.68      3.67     35.41     51.87     28.68       NaN      0.18      0.27      0.74      2.74      1.95      1.47       NaN
  144.75     -0.45     11.05     10.12       NaN     27.28     27.80       NaN      0.34      0.54      1.72       NaN      0.46      0.01       NaN
  144.79       NaN       NaN       NaN     18.22       NaN       NaN       NaN       NaN       NaN       NaN      0.80       NaN       NaN       NaN
  144.83       NaN       NaN       NaN     43.29       NaN       NaN       NaN       NaN       NaN       NaN      0.84       NaN       NaN      0.00
  144.88     11.28     28.41     25.06     41.35     31.27     61.92       NaN      0.11      0.01      0.54      0.70      0.20      2.64       NaN
  144.92     -3.30     19.38     38.12     42.42     62.23     89.63       NaN      0.79      0.38      1.17      0.09      0.62      0.33       NaN
  144.96     -5.44     15.22     30.51     40.06     67.81     81.42     54.59      0.62      0.30      0.58      0.77      0.49      0.75      1.36
  145.00     -0.89      3.05     23.88     32.19     56.40     53.30     41.92      0.46      0.58      0.48      0.01      0.86      0.14      0.31
  145.04      4.02     10.92     22.38     33.20     38.78     39.00     21.76      0.17      0.03      0.11      0.14      0.57      0.03      0.66
  145.08      3.45     15.88     14.78     21.51     28.57     15.51     17.08      0.03      0.49      0.11      0.01      0.45      0.24      1.03
  145.13      7.45     23.84     24.75     26.28     25.13     15.70      2.14      0.14      0.10      0.37      0.23      0.09      0.57      0.85
  145.17      7.66     18.97     25.22     25.51     26.13     18.07     19.31      0.22      0.00      0.06      0.07      0.06      0.40      0.33
  145.21     14.73     21.61     29.00     35.37     30.87     18.32      0.83      0.30      0.31      0.03      0.17      0.12      0.02      0.16
  145.25     11.94     26.89     37.22     41.77     26.96      7.62     -1.47      0.34      0.54      0.11      0.04      0.11      0.44      0.49
  145.29     14.20     40.64     33.88     29.02     13.29      2.29      2.01      0.14      0.13      0.21      0.17      0.18      0.21      0.77
  145.33     10.43     11.14     11.96     16.07     15.64      8.82     -3.52      0.18      0.28      0.16      0.08      0.14      0.35      0.51
  145.38     -2.91      3.81     14.22     19.31     20.31     19.76     11.66      0.16      0.02      0.25      0.18      0.28      0.13      1.04
  145.42     -0.23     10.67     18.76     25.46     28.11     23.31     -1.65      0.11      0.21      0.11      0.25      0.21      0.27      0.13
  145.46      4.57     12.28     17.62     20.77     13.91     12.86     -2.00      0.45      0.28      0.06      0.16      0.21      0.18      0.10
  145.50     -0.40     17.52     16.28     17.56     12.56     -3.65    -17.81      0.05      0.16      0.28      0.05      0.22      0.03      0.01
  145.54      1.37      5.31     22.11     26.51     10.41      5.07    -48.23      0.13      0.10      0.11      0.10      0.17      0.63      0.79
  145.58     -1.81      0.51     13.66     13.26      3.52    -21.52       NaN      0.10      0.10      0.18      0.53      0.73      0.16       NaN
  145.63    -10.96      6.20     16.54      1.38      7.02     16.58       NaN      0.64      1.07      0.97      0.09      0.22      1.35       NaN
  145.67    -31.55    -10.16     -4.89     25.51     27.66     11.15    -66.87      0.01      1.87      0.51      0.32      0.80      0.78      3.86
  145.71    -27.44    -20.81      3.95     15.94     20.33      4.57    -36.65      0.23      0.46      0.37      1.10      1.40      0.49      1.23
  145.75    -24.20     -9.03     12.47     29.03     36.96     18.96       NaN      0.02      0.21      0.04      1.05      0.22      0.75       NaN
  145.79       NaN    -22.04     38.96       NaN       NaN       NaN       NaN       NaN      0.13      0.11       NaN       NaN       NaN       NaN
  145.83    -38.17     32.00     35.33     64.49     47.68       NaN       NaN      0.36      0.73      0.97      0.40      0.05       NaN       NaN
  145.88       NaN     16.43     52.66     51.51     64.36     32.39       NaN       NaN      0.61      0.99      0.61      0.49      1.47       NaN
  145.92    -31.79     13.27     29.98     61.92     66.39     53.14       NaN      0.04      0.04      0.30      0.12      0.34      0.79       NaN
  145.96    -11.54      1.45     33.62     49.01     63.38     54.49       NaN      0.32      0.99      0.24      0.35      0.42      0.19       NaN
  146.00    -25.43     -0.94     31.75     46.23     54.91     60.59    -15.39      0.02      0.43      0.29      0.20      0.18      1.42      1.76
  146.04       NaN     10.79     27.07     43.15     46.84     44.05     37.39       NaN      0.66      0.24      0.58      0.09      0.32      1.05
  146.08    -21.67     10.36     24.01     29.76     32.89     20.42      7.11      0.52      1.18      0.76      0.27      0.03      0.21      0.22
  146.13    -10.79     15.38     26.79     28.44     25.87     12.21     19.37      0.62      0.16      0.27      0.11      0.07      0.02      0.24
  146.17     -6.41     14.73     25.81     29.49     29.92     11.23     -6.41      0.18      0.04      0.22      0.02      0.31      0.30      0.09
  146.21    -15.63     30.27     35.19     32.05     19.82     12.24    -15.59      0.40      0.09      0.03      0.37      0.09      0.23      0.00
  146.25     22.42     28.16     39.65     36.87     27.99     22.73     19.98      0.14      0.05      0.06      0.00      0.26      0.30      0.26
  146.29     12.08     34.59     39.10     37.76     34.65     32.08      8.47      0.17      0.08      0.11      0.08      0.12      0.29      0.68
  146.33     23.75     38.59     40.33     32.42     32.18     25.40    -13.49      0.17      0.32      0.10      0.13      0.01      0.00      0.79
  146.38     10.17     31.74     45.39     40.67     33.58     12.69     21.12      0.17      0.27      0.30      0.13      0.30      0.03      0.03
  146.42      7.97     26.90     42.17     37.83     22.72      6.79    -14.48      0.04      0.37      0.28      0.24      0.39      0.58      0.15
  146.46     -2.57     10.77     25.78     26.81     17.26     -3.79    -21.43      0.82      0.73      0.33      0.16      0.31      0.28      0.13
  146.50      1.72     -0.56     16.50     19.21      8.97     -5.74    -39.18      0.19      0.12      0.03      0.17      0.57      0.35      0.18
  146.54     -6.33     -7.26     17.50     12.14     11.60     -4.23    -26.46      1.67      0.60      0.27      0.48      0.29      0.52      0.07
  146.58     -4.75     -0.96      5.65     18.38     13.86     17.64       NaN      1.07      0.22      0.55      1.07      0.34      0.38       NaN
  146.63     20.88     -3.46     13.84     21.65     18.31     23.13       NaN      0.18      0.51      1.09      0.78      0.31      0.32       NaN
  146.67       NaN     21.02     30.94     40.99     25.80     34.36       NaN       NaN      0.06      0.40      0.39      1.06      5.30       NaN
  146.71       NaN      3.24     28.85     41.64     37.61      7.72       NaN       NaN      1.19      1.11      0.54      1.15     10.51       NaN
  146.75       NaN     20.16     54.02     42.57     55.62       NaN       NaN       NaN      0.26      0.39      0.68      1.05       NaN       NaN
  146.79     -4.77       NaN     25.44     29.04     29.49       NaN       NaN      0.13       NaN      0.19      1.11      3.30       NaN      0.00
  146.83      0.02     26.87     41.55     36.83       NaN       NaN       NaN      0.47      0.60      1.69      0.50       NaN       NaN       NaN
  146.88     -7.04     31.58     46.33     38.92     28.77       NaN       NaN      0.44      0.28      0.24      0.27      0.13       NaN       NaN
  146.92      6.20     31.56     46.86     21.44     20.34     11.08       NaN      0.24      0.26      0.11      0.75      0.47      0.72       NaN
  146.96      1.65     25.26     21.14      5.81      4.38     -3.70       NaN      0.68      0.14      0.05      0.32      0.37      0.33       NaN
  147.00      4.57     17.88     -5.94    -14.45    -24.42    -10.18     17.00      0.72      0.36      0.45      0.08      0.29      0.38      1.65
  147.04     12.54     -1.68    -14.74    -21.89    -31.19    -22.25     -3.33      0.10      0.58      0.04      0.03      0.25      0.28      0.77
  147.08     -5.67    -10.22    -15.38    -27.08    -16.41     -5.92      3.10      0.24      0.54      0.30      0.58      0.42      0.64      0.26
  147.13    -20.45    -12.19    -13.51    -21.27    -25.54    -27.45     -9.57      0.40      0.07      0.39      0.02      0.41      0.96      0.94
  147.17    -20.25    -13.62    -17.20    -19.61    -27.92    -31.19    -26.56      0.72      0.13      0.13      0.15      0.12      0.07      1.05
  147.21     -6.81     -8.59    -13.41    -21.59    -19.60    -15.80     -1.30      0.11      0.40      0.17      0.08      0.05      0.06      0.52
  147.25     -6.98     -2.31     -7.95    -16.32    -12.16    -14.14    -20.62      0.19      0.22      0.33      0.07      0.00      0.55      1.13
  147.29    -22.53    -16.70    -12.14     -4.73      7.82     -0.21      0.94      0.46      0.10      0.14      0.21      0.18      0.13      0.93
  147.33    -10.75      0.10     -4.23     -9.85     -7.39    -23.27    -49.20      0.13      0.35      0.17      0.09      0.14      0.53      1.34
  147.38    -10.34     -6.35     -4.11     -7.49     -9.68    -23.16    -71.02      0.05      0.08      0.17      0.10      0.23      0.12      0.30
  147.42    -14.22     -9.35     -9.05    -14.02    -13.95    -13.24    -14.41      0.27      0.19      0.38      0.55      0.26      0.08      0.22
  147.46    -25.33    -15.51    -10.60    -18.23    -20.85    -34.96    -33.97      0.70      0.50      0.46      0.55      0.39      0.09      0.24
  147.50    -27.71    -18.15    -16.18    -14.63    -21.28    -23.56    -22.00      0.43      0.12      0.48      0.38      0.45      0.37      0.11
  147.54    -31.16    -17.76    -23.97    -18.77     -7.62    -16.64       NaN      0.99      2.11      1.08      0.44      0.79      0.75       NaN
  147.58    -27.24    -25.25    -19.08     -9.24    -13.41       NaN       NaN      0.14      0.02      0.14      0.43      1.36       NaN       NaN
  147.63    -33.99    -32.07    -25.12    -25.25     -7.24    -30.64       NaN      0.57      0.48      0.30      0.39      0.54      2.64       NaN
  147.67    -19.97    -26.78    -22.99    -28.85    -23.90    -11.41       NaN      1.61      2.19      3.06      2.00      2.39      0.78       NaN
  147.71    -47.28    -41.22    -35.21    -13.61    -14.40      0.33       NaN      0.07      0.48      0.60      0.04      1.49      6.88       NaN
  147.75    -35.24    -36.63    -22.58       NaN       NaN       NaN       NaN      0.09      0.49      0.27       NaN       NaN       NaN       NaN
  147.79    -24.26    -11.75     16.02     43.88       NaN       NaN       NaN      0.42      0.34      0.02      0.41       NaN      0.00      0.00
  147.83    -40.41    -31.63      5.72       NaN       NaN       NaN       NaN      0.24      0.00      0.05       NaN       NaN       NaN       NaN
  147.88    -27.14     11.63     41.53     25.21     23.89     50.19       NaN      0.91      0.20      0.36      0.08      2.33      0.49       NaN
  147.92    -46.07     36.40     43.33     50.44     55.19     39.44     35.94      1.82      0.25      0.56      0.28      1.65      1.09      0.87
  147.96      0.84     28.80     34.37     42.47     46.64     39.18     21.92      0.55      0.55      0.84      0.43      0.60      0.43      0.83
  148.00     -4.92     34.33     40.93     64.47     59.17     37.18     21.85      0.02      0.36      0.27      0.54      1.11      0.20      0.03
  148.04     15.74     28.11     36.46     46.34     43.06     36.93     30.14      0.39      0.06      0.40      0.19      0.30      0.62      0.30
  148.08      0.31     12.32     24.89     39.15     38.48     35.11     29.80      0.08      0.21      0.10      0.13      0.31      0.52      0.33
  148.13     13.36     22.61     28.09     35.09     37.24     37.38     52.24      0.08      0.53      0.02      0.43      0.05      0.10      1.31
  148.17      5.05     24.39     25.08     30.49     30.85     29.70     22.32      0.17      0.43      0.78      0.06      0.14      0.16      0.33
  148.21     -1.66     16.87     24.09     28.44     32.99     32.33     31.93      0.48      0.45      0.09      0.29      0.19      0.12      0.34
  148.25      0.02     12.65     19.69     24.49     29.43     31.05      7.94      0.30      0.68      0.07      0.19      0.25      0.96      1.59
  148.29    -12.06     12.40     20.88     36.01     37.42     35.28    -15.40      0.00      0.23      0.28      0.26      0.47      0.51      1.27
  148.33    -13.84     -0.01     29.42     39.34     42.96     33.38     16.48      0.39      0.15      0.10      0.10      0.11      0.01      0.51
  148.38      2.09     16.03     26.28     26.63     16.87     13.43      1.21      0.64      0.13      0.35      0.05      0.19      0.02      0.49
  148.42    -14.32      0.07     16.01     22.81     16.14      0.75    -28.30      0.24      0.56      0.36      0.33      0.22      0.30      0.46
  148.46    -11.35      3.95      4.65     11.89    -10.32    -22.81    -58.16      0.81      0.28      0.20      0.37      0.43      0.41      0.49
  148.50    -14.63      8.73      7.19     -0.37    -23.79    -39.46    -49.91      0.06      0.51      0.42      0.57      0.09      0.17      0.21
  148.54      0.33      1.64     15.96      1.07    -18.09    -30.68    -98.64      0.39      0.31      0.48      0.08      0.38      1.55      2.19
  148.58    -14.21     -1.55     -0.34    -11.93    -33.24    -11.23       NaN      0.83      0.25      0.29      0.41      0.69      0.80       NaN
  148.63      2.49      4.18      6.21     -2.24      4.20    -30.49       NaN      1.14      0.98      0.34      0.26      0.07      0.59       NaN
  148.67     -1.54     -3.49     18.40     32.84     16.02    -42.11       NaN      0.55      0.23      0.55      0.74      0.22      1.63       NaN
  148.71       NaN       NaN     -1.42     29.05       NaN    -48.82       NaN       NaN       NaN      0.27      0.94       NaN      6.34       NaN
  148.75     -3.00      2.62     30.09       NaN       NaN       NaN       NaN      0.51      1.07      1.26       NaN       NaN       NaN       NaN
  148.79       NaN     11.54     57.63       NaN      8.33       NaN       NaN       NaN      0.62      0.26       NaN      0.87       NaN      0.00
  148.83    -29.44       NaN     59.43     46.78     46.25     32.38       NaN      0.08       NaN      0.77      0.37      0.26      0.54       NaN
  148.88       NaN     50.30     51.05     58.27     56.91       NaN       NaN       NaN      0.08      0.07      0.20      0.05       NaN       NaN
  148.92     33.88     44.06     32.08     40.19     50.04     50.46       NaN      0.71      0.87      0.22      0.13      1.01      0.58       NaN
  148.96     31.14     31.96     49.38     42.15     40.26     35.61     43.51      0.39      0.64      0.14      0.12      0.38      0.69      5.06
  149.00     28.18     24.12     36.16     38.84     38.73     25.89      6.26      0.29      0.19      0.65      0.18      0.17      0.95      2.48
  149.04     32.27     28.74     30.25     39.12     34.50     37.87     86.93      0.03      0.47      0.30      0.10      0.02      0.58      1.52
  149.08     11.45     20.79     30.69     43.76     37.61     36.19     29.54      0.67      0.26      0.17      0.11      0.98      0.63      0.66
  149.13     38.18     41.22     42.07     41.29     41.30     24.10     -8.31      0.03      0.19      0.12      0.21      0.02      0.79      0.76
  149.17     89.38     40.01     41.21     37.25     25.28      4.65     -5.55      4.12      0.33      0.10      0.18      0.08      0.37      0.30
  149.21     29.94     26.79     22.14     12.32     -5.20     -7.23      0.85      0.37      0.10      0.06      0.25      0.22      0.28      1.60
  149.25     19.66     22.97     14.64      8.17      7.64      6.48      6.02      0.34      0.21      0.14      0.16      0.34      0.41      0.66
  149.29     18.45     22.95     27.67     20.47     18.23      7.07      3.32      0.11      0.32      0.37      0.17      0.15      0.24      0.02
  149.33     18.77     26.40     27.14     19.36      8.88      2.43     -9.80      0.06      0.00      0.07      0.04      0.13      0.41      0.43
  149.38     25.93     27.84     23.56     14.93      0.01     -9.76    -22.02      0.55      0.21      0.36      0.30      0.06      0.23      0.62
  149.42     18.48     20.09     12.69      4.60     -6.42    -20.16    -17.64      0.68      0.53      0.14      0.22      0.26      0.35      0.16
  149.46      8.39     14.57     13.84     -1.97     -9.60     -5.41     -0.48      0.75      0.53      0.01      0.43      0.08      0.28      0.51
  149.50     -1.34     14.64      9.52      1.84     -0.83      5.44     13.98      0.59      0.20      0.10      0.39      0.40      0.19      0.33
  149.54     -1.36     11.94      8.01      9.92    -19.78    -12.88    -16.92      0.65      0.29      0.12      0.26      0.69      0.15      0.46
  149.58     -2.35     -6.32    -17.34    -14.40    -12.19      4.90    -38.06      0.83      0.79      1.36      0.41      1.18      1.58      1.91
  149.63    -11.08      4.56     -1.14    -17.33     -3.87     -5.47       NaN      0.50      0.11      0.07      0.06      0.46      1.63       NaN
  149.67    -18.85     -3.07     -2.54    -24.89      5.98       NaN       NaN      0.71      0.25      0.46      1.03      0.65       NaN       NaN
  149.71    -29.25    -16.33     -3.72      5.14      4.65       NaN       NaN      0.12      0.48      0.47      0.72      1.85       NaN       NaN
  149.75       NaN       NaN      6.01     18.28       NaN       NaN       NaN       NaN       NaN      2.56      3.38       NaN       NaN       NaN
  149.79       NaN      4.96       NaN       NaN       NaN       NaN       NaN       NaN      0.43       NaN       NaN       NaN       NaN      0.00
  149.83       NaN      4.57       NaN    -12.90       NaN       NaN       NaN       NaN      0.02       NaN      0.63       NaN       NaN       NaN
  149.88       NaN      1.50      2.17       NaN       NaN       NaN       NaN       NaN      0.70      0.11       NaN       NaN       NaN       NaN
  149.92     13.66      1.06     16.96     35.82      6.34       NaN       NaN      0.72      0.72      0.47      0.03      0.41       NaN       NaN
  149.96     -0.59     14.55     51.36     40.18     36.40    -18.52    -41.51      0.16      0.16      0.09      0.44      0.96      0.60      0.41
  150.00      0.99     16.92     33.66     34.22     15.04    -26.36    -58.70      0.03      0.21      0.02      0.74      0.42      0.19      0.81
  150.04    -15.60      0.97     34.11     35.63     24.16    -11.13    -25.42      0.74      0.38      0.15      0.40      0.67      0.33      0.86
  150.08     -3.31     21.91     33.98     30.53     13.80      0.51     -3.79      0.39      0.40      0.31      0.39      0.50      0.55      0.60
  150.13     11.15     34.46     28.73     20.77     11.20     10.33      4.82      0.09      0.07      0.27      0.06      0.50      0.16      1.07
  150.17     35.58     11.81     20.48     17.65      4.29    -12.74    -32.96      0.48      0.23      0.22      0.05      0.28      0.34      0.02
  150.21     13.19     13.69     14.89      5.26     -5.64    -23.61    -36.36      0.06      0.14      0.22      0.40      0.07      0.01      0.89
  150.25     13.50     19.66     12.58      3.34    -12.37    -26.07    -38.44      0.13      0.03      0.14      0.18      0.05      0.36      0.64
  150.29     17.65     18.02     12.69      6.10    -12.16    -28.68    -35.23      0.03      0.20      0.18      0.07      0.10      0.40      0.22
  150.33     15.58     22.08     20.14      5.95    -11.34    -21.95    -18.67      0.11      0.05      0.01      0.23      0.26      0.42      0.44
  150.38     22.08     23.73     18.99      7.70      0.73     -8.11    -18.83      0.22      0.21      0.08      0.19      0.25      0.31      0.30
  150.42      5.08     16.90     10.36      3.09     -9.57    -25.73    -56.43      0.63      0.53      0.25      0.44      0.12      0.31      0.07
  150.46      6.13      7.85      2.97     -9.89    -23.73    -44.85    -60.66      0.48      0.14      0.06      0.03      0.21      0.61      0.59
  150.50      2.74     -0.85      5.12     -5.24    -21.43    -41.32       NaN      0.07      0.08      0.13      0.03      0.23      0.10       NaN
  150.54      3.51     -2.53    -11.88    -21.13    -38.66    -30.74    -79.58      0.13      0.31      0.04      0.09      0.01      0.11      0.92
  150.58      6.54     -9.23    -22.76    -16.72    -29.22    -47.35       NaN      0.96      0.40      1.67      0.72      0.02      1.14       NaN
  150.63     -1.49     -8.40     -8.07    -25.78    -30.62       NaN       NaN      0.17      0.90      0.28      0.04      0.67       NaN       NaN
  150.67     -7.45    -19.84      3.89      0.31    -31.84    -27.40       NaN      0.96      0.00      0.88      0.15      0.45      2.29       NaN
  150.71     -0.06      3.32      2.54    -26.99    -37.74    -31.16       NaN      0.37      0.79      0.64      1.47      1.09      0.60       NaN
  150.75       NaN      0.03      7.05      8.21       NaN       NaN       NaN       NaN      0.38      1.00      1.65       NaN       NaN      0.00
  150.79       NaN       NaN       NaN       NaN       NaN       NaN       NaN       NaN       NaN       NaN       NaN       NaN       NaN       NaN
  150.83       NaN       NaN       NaN       NaN       NaN       NaN       NaN       NaN       NaN       NaN       NaN       NaN       NaN      0.00
  150.88       NaN     12.07     19.39     19.94     17.24       NaN       NaN       NaN      0.27      0.87      0.61      0.29       NaN       NaN
  150.92     18.17     16.36     26.47     21.75     65.31       NaN       NaN      1.25      0.70      0.61      0.68      1.06       NaN       NaN
  150.96     24.45     20.55     25.22     17.60     29.74     45.43       NaN      0.19      0.65      1.22      0.41      0.50      1.25       NaN
  151.00     16.73     15.46     26.46     41.43     40.02     25.74     45.49      0.17      0.31      0.08      0.98      0.60      0.84      1.31
  151.04     20.40     14.99     19.08     34.95     21.97      8.08      7.61      0.45      0.98      0.18      0.48      0.90      1.53      0.85
  151.08     12.34      8.27     13.78     12.20     10.66      1.14      2.37      0.69      0.05      0.31      0.08      0.17      0.32      0.23
  151.13     11.64     13.34     16.62     14.10      0.30     -1.63      4.07      0.36      0.04      0.48      0.44      0.05      0.04      0.34
  151.17      6.11     17.46     28.46     18.06     18.51     11.42      7.92      0.13      0.51      0.33      0.24      0.36      0.27      0.94
  151.21     21.29     21.43     25.19     31.23     20.42     15.42     15.38      0.03      0.33      0.48      0.14      0.13      0.17      0.63
  151.25     14.32     16.00     22.90     20.11     13.75      5.88      6.95      0.76      0.27      0.42      0.01      0.42      0.50      0.92
  151.29     15.00      9.83     14.76     13.79      6.83      9.23     25.59      0.27      0.01      0.29      0.01      0.45      0.43      0.67
  151.33      2.55      3.90     13.55     25.81     34.99     29.93     18.30      0.31      0.07      0.20      0.24      0.08      0.42      0.49
  151.38      0.99      7.38     28.73     35.24     28.23      1.64      8.11      0.14      0.36      0.52      0.07      0.25      0.57      0.11
  151.42     10.75     15.94     30.28     34.69     27.60      5.29    -13.84      0.79      0.66      0.13      0.20      0.27      0.33      0.04
  151.46      3.28     19.18     25.42     26.24     19.38      1.76     -7.15      0.04      0.58      0.23      0.42      0.31      0.24      0.74
  151.50      4.61      5.92      9.36     14.85      5.38     -0.99    -34.92      0.93      0.35      0.42      0.27      0.06      0.28      1.96
  151.54     -7.25     -0.01      0.72     11.34      3.31      4.42       NaN      0.37      0.02      0.07      0.26      0.48      0.27       NaN
  151.58    -35.42     -8.83      3.63      3.39     23.00     18.74       NaN      2.32      0.18      0.32      0.24      0.59      0.92       NaN
  151.63     -7.57      0.22     13.55     19.06     44.63     56.57       NaN      0.53      0.33      0.33      0.03      0.72      0.83       NaN
  151.67    -22.96    -10.01     17.21     41.39     48.19     49.72       NaN      0.96      0.13      0.52      0.93      0.37      1.41       NaN
  151.71     27.78      0.97     21.21     27.14     40.82     42.53       NaN      0.30      0.03      0.47      0.05      1.12      0.21       NaN
  151.75    -22.29     -9.17     45.67     63.56     44.99       NaN       NaN      0.06      0.07      0.06      0.63      1.00       NaN       NaN
  151.79       NaN     -1.08       NaN     48.28       NaN       NaN       NaN       NaN      0.16       NaN      1.52       NaN       NaN      0.00
  151.83       NaN       NaN     41.23     59.08     50.74       NaN       NaN       NaN       NaN      0.05      0.16      0.80       NaN       NaN
  151.88      9.52     17.26     32.00     47.10     41.01       NaN       NaN      0.61      1.53      0.74      0.89      1.83       NaN       NaN
  151.92     -3.12     10.88     29.73     47.02     53.68     43.71       NaN      1.48      1.29      0.43      0.57      1.02      1.43       NaN
  151.96     -2.93     11.46     26.80     31.58     42.99     38.58     27.26      0.17      0.26      0.18      0.30      0.01      0.05      1.32
