  182.00     12.35     10.83     18.65    -11.27    -13.84    -18.87       NaN      0.27      0.10      0.16      0.29      0.01      0.01       NaN
  182.04     13.45     -5.80     -4.04    -22.52    -16.51      5.91     77.68      0.18      0.43      0.72      0.15      0.07      0.47      1.48
  182.08    -11.95      2.83    -15.77    -12.30     14.36     40.22     21.91      0.04      0.02      0.32      0.24      1.00      0.91      0.61
  182.13    -22.82     -9.49      1.97      5.31     13.32      0.86    -15.98      0.40      0.43      0.23      0.27      0.42      0.17      0.28
  182.17    -20.33      2.20      4.75      9.49      4.47      3.86    -76.83      0.36      0.21      0.01      0.18      0.27      0.35      0.48
  182.21     -0.88      6.52     11.21      5.26     -2.42    -20.93    -55.28      1.31      0.75      0.00      0.14      0.02      0.11      0.54
  182.25      2.26     14.19     22.27     21.15     15.29    -17.42     12.32      0.23      0.35      0.06      0.02      0.41      0.32      0.45
  182.29     19.12     27.65     26.37     19.56     11.26     -7.73    -11.45      0.29      0.04      0.18      0.22      0.41      0.61      0.38
  182.33      1.07     15.30     21.56     17.60      6.64    -10.03    -25.59      0.56      0.20      0.02      0.16      0.12      0.66      0.49
  182.38     13.25     17.52     13.03      2.32      0.27    -19.74    -49.36      0.20      0.45      0.30      0.28      0.17      0.02      0.37
  182.42     12.15     18.19     19.29     12.90     -5.45    -14.21    -46.58      0.25      0.18      0.39      0.18      0.32      0.18      0.31
  182.46     16.91     15.49     13.45      2.57    -10.84    -38.05    -55.23      0.20      0.03      0.02      0.14      0.23      0.48      0.57
  182.50      9.15      7.95      7.52      4.75     -7.04    -23.03    -42.22      0.32      0.02      0.24      0.41      0.27      0.06      0.48
  182.54     13.45     10.99     14.39      5.32      1.55    -34.99    -42.76      1.75      0.18      0.24      0.17      0.26      0.53      1.44
  182.58     -6.87     -1.59     -7.68    -23.53     -9.10     -7.44       NaN      1.75      0.12      0.01      0.82      0.02      0.36       NaN
  182.63     34.12     20.72      6.60     -5.94    -35.29       NaN       NaN      0.47      0.55      0.74      0.31      3.37       NaN       NaN
  182.67      7.92     52.74     31.12    -52.07    -38.79       NaN       NaN      1.29      1.24      0.07      0.20      0.60       NaN       NaN
  182.71       NaN     44.72     30.06     19.14    -36.24       NaN       NaN       NaN      1.14      1.34      1.15      0.06       NaN       NaN
  182.75       NaN      8.64      3.70     14.13       NaN       NaN       NaN       NaN      0.49      0.19      0.61       NaN       NaN      0.00
  182.79       NaN       NaN      3.73       NaN       NaN       NaN       NaN       NaN       NaN      1.03       NaN       NaN       NaN      0.00
  182.83       NaN     38.27       NaN       NaN       NaN       NaN       NaN       NaN      0.00       NaN       NaN       NaN      0.00       NaN
  182.88       NaN       NaN       NaN     15.05       NaN       NaN       NaN       NaN       NaN      0.00      1.92       NaN       NaN      0.00
  182.92       NaN     21.71     14.84      0.46    -13.96       NaN       NaN       NaN      0.20      0.08      0.48      0.07       NaN       NaN
  182.96     35.20     42.20     27.93     24.85     37.44     24.14       NaN      0.51      0.07      0.44      0.47      1.18      1.29       NaN
  183.00       NaN     25.88     28.27     13.88     17.16     24.77     40.48       NaN      1.16      0.07      0.19      0.12      0.14      0.17
  183.04       NaN     48.65     18.38     25.95     15.68      6.88     13.69       NaN      0.88      0.83      0.76      0.05      0.09      0.25
  183.08      5.95     24.49     22.61     16.41     -0.93      3.03     44.91      1.35      0.02      0.56      0.34      0.47      0.06      0.33
  183.13     26.15     18.95     -0.15     -0.79     10.68     19.80     61.81      0.27      0.34      0.43      0.25      0.15      0.04      0.09
  183.17       NaN      1.89      4.48     18.24     21.71     44.26     56.32       NaN      0.59      0.40      0.45      0.16      0.22      0.45
  183.21     -2.09      7.42     18.19     28.69     48.22     54.09     52.64      0.73      0.56      0.12      0.37      0.25      0.07      0.47
  183.25     19.48     22.54     31.83     46.59     59.62     52.80     53.42      0.49      0.11      0.12      0.10      0.01      0.52      0.11
  183.29     11.28     29.04     46.00     57.80     61.93     48.85     20.51      0.52      0.18      0.14      0.25      0.42      0.64      0.02
  183.33     12.58     31.87     40.78     48.58     53.49     20.22    -22.67      0.12      0.04      0.58      0.12      0.30      0.35      0.29
  183.38     31.22     36.18     30.35     38.44     10.79    -14.87    -54.60      0.54      0.01      0.12      0.41      0.24      0.01      0.25
  183.42     24.36     16.13     13.46     10.06      3.52    -26.57    -53.73      0.17      0.39      0.28      0.24      0.19      0.09      0.04
  183.46     29.80     24.31     14.09     -0.17     -6.98    -29.65    -46.10      0.10      0.35      0.06      0.26      0.29      0.04      0.29
  183.50     31.36     32.87     30.43     11.23     -7.06    -27.56    -70.16      0.07      0.04      0.29      0.19      0.54      0.58      0.68
  183.54     34.47     31.92     13.34     15.70     -7.33    -13.68     -4.28      0.23      0.60      0.13      0.06      0.11      1.19      3.31
  183.58     24.33     17.21      6.49     -5.72     -6.61    -16.61       NaN      0.19      0.53      0.46      1.21      0.52      0.19       NaN
  183.63     15.04     13.35     14.85     -9.36    -22.69       NaN       NaN      2.18      0.84      0.71      0.65      0.26       NaN       NaN
  183.67     18.48      3.74      5.36      5.25     -9.75    -41.78       NaN      0.11      0.52      0.94      0.50      0.85      0.33       NaN
  183.71      4.04     12.73     36.23     20.17     16.91       NaN       NaN      1.26      0.85      0.53      0.52      1.99       NaN       NaN
  183.75     -4.67      0.35     31.06      8.83    -24.34    -59.30       NaN      0.01      0.40      0.65      0.12      0.69      2.07       NaN
  183.79     -3.27       NaN     16.39       NaN       NaN       NaN       NaN      0.63       NaN      0.69       NaN       NaN       NaN      0.00
  183.83       NaN     33.86     16.63    -13.74     -9.08       NaN       NaN       NaN      0.12      0.86      0.29      0.57       NaN      0.00
  183.88       NaN     33.13      6.08     -6.49      0.88       NaN       NaN       NaN      1.80      0.89      0.80      1.96       NaN       NaN
  183.92     26.67     44.81     12.45     -6.81     -8.94    -16.16       NaN      0.05      1.04      0.00      0.39      0.68      0.23       NaN
  183.96     42.95     49.32     32.20     35.79     10.22     -6.40      7.29      0.30      0.12      0.15      0.42      0.14      1.58      1.58
  184.00     59.70     63.56     48.33     23.37      4.56     -5.28      7.87      0.25      0.46      0.03      0.80      0.02      1.33      0.61
  184.04     62.57     63.05     28.86     18.08     -5.23    -15.00    -16.99      0.16      0.56      0.40      0.22      0.12      0.25      0.78
  184.08     75.06     30.99     18.13      1.12    -14.92    -15.29     -9.89      0.11      0.10      0.65      0.58      0.34      0.28      0.09
  184.13     41.00     19.31     10.83     -8.57    -16.63    -14.23     -6.52      0.04      0.00      0.09      0.13      0.45      0.15      0.21
  184.17     34.33     18.67      5.68      8.70      1.47     -5.30     -2.19      0.20      0.32      0.13      0.17      0.05      0.19      0.32
  184.21     29.10     24.49     14.90      8.99      7.37      2.12      1.59      0.90      0.63      0.06      0.09      0.33      0.05      0.44
  184.25     20.93     24.34     18.89     13.19     11.47      4.94     -3.08      0.64      0.11      0.54      0.16      0.30      0.54      0.69
  184.29     27.74     21.80     21.32     16.61      9.54      0.54    -20.89      0.19      0.22      0.18      0.20      0.44      0.46      0.43
  184.33     19.62     22.47     16.78     12.47      6.61     -3.95    -34.85      0.33      0.19      0.22      0.33      0.11      0.08      0.90
  184.38     26.05     16.49      4.81      5.07      0.75     -5.55    -25.62      0.17      0.44      0.47      0.28      0.31      0.51      0.06
  184.42     20.74     12.85      5.96      4.25     -4.56    -20.10    -37.38      0.99      0.38      0.16      0.24      0.03      0.08      0.20
  184.46     32.83     17.73      8.55     -4.12    -15.33    -24.66    -42.55      0.84      0.30      0.39      0.37      0.10      0.29      0.17
  184.50     25.71     13.58      6.22      2.37    -11.38    -25.78       NaN      0.79      0.01      0.10      0.58      0.57      0.25       NaN
  184.54     24.86     14.09     -0.87     -8.17    -30.74    -45.95       NaN      0.34      0.01      0.06      0.26      0.12      0.37       NaN
  184.58     33.47      7.49      2.74     -9.53    -19.45    -32.05       NaN      0.78      0.16      0.23      0.06      0.06      0.28       NaN
  184.63     11.10     -1.25     -8.75    -24.51    -39.17    -46.95       NaN      1.66      0.55      1.00      0.46      0.55      1.52       NaN
  184.67      2.65    -11.45    -24.40    -29.59    -59.76    -64.18       NaN      1.48      1.17      0.31      0.76      0.65      0.25       NaN
  184.71      3.24     10.39    -18.06    -10.56    -62.84       NaN       NaN      0.50      0.28      0.46      0.87      0.47       NaN       NaN
  184.75     15.56      5.87     -4.08    -19.18    -82.27       NaN       NaN      0.08      0.67      0.19      0.11      0.71       NaN      0.00
  184.79     13.41     14.05      5.93     -0.78       NaN       NaN       NaN      0.20      0.32      1.14      1.44       NaN       NaN       NaN
  184.83     31.01     11.92     20.39    -15.26    -58.69       NaN       NaN      0.19      0.64      0.52      0.66      1.02       NaN      0.00
  184.88     21.69     11.22      3.53      5.00    -25.45    -16.96       NaN      0.39      0.82      0.22      0.27      0.14      0.77       NaN
  184.92     30.49     32.20     18.28     -8.16    -25.35    -62.71       NaN      0.68      0.77      0.67      0.10      0.04      1.16       NaN
  184.96     19.53     19.32     14.64     -7.39    -35.45    -88.64       NaN      0.34      0.00      0.25      0.35      0.41      0.80       NaN
  185.00     25.70      5.94      2.32    -26.81    -38.92    -34.39   -142.91      0.96      0.73      0.53      0.18      0.23      0.83     10.46
  185.04      8.99     16.27    -18.21    -26.35    -35.39    -56.31    -28.64      1.26      0.78      1.11      0.28      0.80      1.66      2.74
  185.08      3.14     -7.78    -22.48    -39.50    -27.59    -26.10    -34.52      0.50      0.31      0.04      0.17      0.06      0.72      0.06
  185.13       NaN       NaN       NaN       NaN       NaN       NaN       NaN      0.00       NaN       NaN       NaN       NaN       NaN       NaN
  185.17       NaN       NaN       NaN       NaN       NaN       NaN       NaN      0.00      0.00      0.00      0.00      0.00      0.00      0.00
  185.21       NaN       NaN       NaN       NaN       NaN       NaN       NaN      0.00      0.00      0.00      0.00      0.00      0.00      0.00
  185.25       NaN       NaN       NaN       NaN       NaN       NaN       NaN      0.00      0.00      0.00      0.00      0.00      0.00      0.00
  185.29       NaN       NaN       NaN       NaN       NaN       NaN       NaN      0.00      0.00      0.00      0.00      0.00      0.00      0.00
  185.33       NaN       NaN       NaN       NaN       NaN       NaN       NaN      0.00      0.00      0.00      0.00      0.00      0.00      0.00
  185.38       NaN       NaN       NaN       NaN       NaN       NaN       NaN      0.00      0.00      0.00      0.00      0.00      0.00      0.00
  185.42       NaN       NaN       NaN       NaN       NaN       NaN       NaN      0.00      0.00      0.00      0.00      0.00      0.00      0.00
  185.46       NaN       NaN       NaN       NaN       NaN       NaN       NaN      0.00      0.00      0.00      0.00      0.00      0.00      0.00
  185.50       NaN       NaN       NaN       NaN       NaN       NaN       NaN      0.00      0.00      0.00      0.00      0.00      0.00      0.00
  185.54       NaN       NaN       NaN       NaN       NaN       NaN       NaN      0.00      0.00      0.00      0.00      0.00      0.00      0.00
  185.58       NaN       NaN       NaN       NaN       NaN       NaN       NaN      0.00      0.00      0.00      0.00      0.00      0.00      0.00
  185.63       NaN       NaN       NaN       NaN       NaN       NaN       NaN      0.00      0.00      0.00      0.00      0.00      0.00      0.00
  185.67       NaN       NaN       NaN       NaN       NaN       NaN       NaN      0.00      0.00      0.00      0.00      0.00      0.00      0.00
  185.71       NaN       NaN       NaN       NaN       NaN       NaN       NaN      0.00      0.00      0.00      0.00      0.00      0.00      0.00
  185.75       NaN       NaN       NaN       NaN       NaN       NaN       NaN      0.00      0.00      0.00      0.00      0.00      0.00      0.00
  185.79       NaN       NaN       NaN       NaN       NaN       NaN       NaN      0.00      0.00      0.00      0.00      0.00      0.00      0.00
  185.83       NaN       NaN       NaN       NaN       NaN       NaN       NaN      0.00      0.00      0.00      0.00      0.00      0.00      0.00
  185.88       NaN       NaN       NaN       NaN       NaN       NaN       NaN      0.00      0.00      0.00      0.00      0.00      0.00      0.00
  185.92       NaN       NaN       NaN       NaN       NaN       NaN       NaN      0.00      0.00      0.00      0.00      0.00      0.00      0.00
  185.96       NaN       NaN       NaN       NaN       NaN       NaN       NaN      0.00      0.00      0.00      0.00      0.00      0.00      0.00
  200.00    -11.86    -17.30    -12.09    -11.80    -18.51    -15.54     -5.26      0.20      0.35      0.43      0.43      0.17      0.84      1.31
  200.04     -8.05     -3.58     -6.23     -6.52    -17.12    -16.10     -6.23      0.44      0.25      0.46      0.50      0.59      0.36      0.41
  200.08     -1.58     -3.20     -8.68    -12.04    -15.58    -17.98     16.56      0.34      0.08      0.37      0.34      0.03      0.22      0.17
  200.13      3.54     -4.38    -12.53    -18.68    -24.63    -22.43     15.82      0.47      0.03      0.22      0.06      0.53      0.74      1.59
  200.17     11.48    -13.29    -15.24    -17.01    -10.55      6.43    -11.50      0.22      0.20      0.22      0.01      0.13      0.16      0.19
  200.21    -13.63    -15.69    -14.00     -8.46     -7.13      4.48     -5.73      0.42      0.58      0.19      0.20      0.15      0.26      0.18
  200.25     -6.11    -11.84     -6.42     -3.74      5.57      7.38      3.34      0.40      0.24      0.30      0.12      0.07      0.01      0.55
  200.29    -12.24    -12.01      1.56      5.37     14.40      9.38    -28.54      0.29      0.22      0.39      0.14      0.33      0.25      0.64
  200.33    -14.95      1.53      3.49     11.70      8.67     -5.30    -26.53      0.11      0.34      0.12      0.23      0.19      0.15      0.57
  200.38      3.82     10.19      9.02      3.97     -6.06     -9.05    -25.46      0.46      1.07      0.57      0.41      0.17      0.24      0.67
  200.42    -17.19     -7.93     -8.49     -8.84     -6.88    -15.71    -16.81      0.03      0.13      0.33      0.38      0.42      0.46      0.23
  200.46    -23.98    -11.43    -10.36     -9.96    -13.01    -12.20    -31.21      0.14      0.78      0.24      0.25      0.03      0.08      0.52
  200.50    -14.08    -11.31     -9.86     -6.39    -13.14    -10.50    -39.44      1.11      0.13      0.51      0.56      0.58      0.34      1.62
  200.54     -9.24    -13.12    -17.98    -11.51     -6.69      4.26     -2.22      0.07      0.34      0.57      0.06      0.07      0.58      1.96
  200.58    -12.13    -15.78    -16.89     -3.85      5.20       NaN       NaN      0.69      0.06      0.34      0.10      0.30       NaN       NaN
  200.63    -20.54    -17.24    -10.16     11.68     27.69       NaN       NaN      0.81      0.25      0.17      0.53      0.74       NaN       NaN
  200.67    -14.25    -17.68     -5.92     23.85     10.53       NaN       NaN      1.00      0.48      0.80      0.01      0.84       NaN       NaN
  200.71    -13.41     -5.38      9.67     28.28      2.78       NaN       NaN      0.08      0.95      0.91      1.43      1.71       NaN       NaN
  200.75      9.72     15.23     15.57     16.87       NaN       NaN       NaN      0.32      0.01      0.05      1.89       NaN       NaN      0.00
  200.79     15.31      4.13     -0.57     -2.55    -30.36       NaN       NaN      0.31      0.62      0.46      0.45      0.61       NaN       NaN
  200.83      3.80     26.92     25.62       NaN       NaN       NaN       NaN      1.31      0.72      0.99       NaN       NaN       NaN       NaN
  200.88     -2.20     35.25     24.37     18.05     21.11       NaN       NaN      1.08      0.24      0.11      0.74      0.29       NaN      0.00
  200.92     17.22     34.02     41.83     32.37      3.21    -17.89    -35.68      1.46      1.80      0.60      0.00      0.87      0.48      2.77
  200.96     14.63     22.11     21.94     18.12      9.35    -19.34     -2.73      0.46      0.58      1.20      1.11      0.91      1.03      0.67
  201.00     -8.27     11.44     24.04     26.82     16.60     -8.79    -17.14      0.60      0.47      0.61      0.20      0.05      0.06      0.57
  201.04      2.22     24.46     14.38     15.54      5.24    -16.56    -26.52      0.55      0.13      0.22      0.33      0.23      0.17      0.19
  201.08     16.87      5.23     20.05      1.85    -12.81    -26.55    -33.58      0.05      0.19      0.20      0.11      0.10      0.01      0.64
  201.13     10.90     14.08      2.58     -5.22    -19.70    -22.22    -26.92      1.00      0.38      0.18      0.10      0.09      0.07      1.67
  201.17     13.34     11.50     -0.32    -13.64    -34.05    -33.90    -31.01      1.27      0.55      0.23      0.07      0.28      0.38      0.07
  201.21     10.11      5.27     -2.95     -7.32     -1.48     -0.96    -15.91      0.35      0.23      0.08      0.06      0.07      0.21      0.77
  201.25      7.30      6.39      4.90      7.03      6.48      5.52      0.71      0.40      0.13      0.39      0.18      0.31      0.43      0.98
  201.29      9.27     11.82     12.69     12.59     12.76      8.22     -6.66      0.52      0.05      0.16      0.07      0.01      0.09      0.16
  201.33     -1.82     10.39     20.86     21.29     22.31     12.76     -1.43      0.12      0.17      0.08      0.13      0.19      0.23      0.17
  201.38      9.07     26.53     29.73     27.17     28.62      7.20    -20.23      0.37      0.63      0.33      0.02      0.31      0.01      0.46
  201.42       NaN       NaN       NaN       NaN       NaN       NaN       NaN      0.00      0.00      0.00      0.00      0.00      0.00      0.00
  201.46       NaN       NaN       NaN       NaN       NaN       NaN       NaN      0.00      0.00      0.00      0.00      0.00      0.00      0.00
  201.50       NaN       NaN       NaN       NaN       NaN       NaN       NaN      0.00      0.00      0.00      0.00      0.00      0.00      0.00
  201.54       NaN       NaN       NaN       NaN       NaN       NaN       NaN      0.00      0.00      0.00      0.00      0.00      0.00      0.00
  201.58       NaN       NaN       NaN       NaN       NaN       NaN       NaN      0.00      0.00      0.00      0.00      0.00      0.00      0.00
  201.63       NaN       NaN       NaN       NaN       NaN       NaN       NaN      0.00      0.00      0.00      0.00      0.00      0.00      0.00
  201.67       NaN       NaN       NaN       NaN       NaN       NaN       NaN      0.00      0.00      0.00      0.00      0.00      0.00      0.00
  201.71       NaN       NaN       NaN       NaN       NaN       NaN       NaN      0.00      0.00      0.00      0.00      0.00      0.00      0.00
  201.75       NaN       NaN       NaN       NaN       NaN       NaN       NaN      0.00      0.00      0.00      0.00      0.00      0.00      0.00
  201.79       NaN       NaN       NaN       NaN       NaN       NaN       NaN      0.00      0.00      0.00      0.00      0.00      0.00      0.00
  201.83       NaN       NaN       NaN       NaN       NaN       NaN       NaN      0.00      0.00      0.00      0.00      0.00      0.00      0.00
  201.88       NaN       NaN       NaN       NaN       NaN       NaN       NaN      0.00      0.00      0.00      0.00      0.00      0.00      0.00
  201.92       NaN       NaN       NaN       NaN       NaN       NaN       NaN      0.00      0.00      0.00      0.00      0.00      0.00      0.00
  201.96       NaN       NaN       NaN       NaN       NaN       NaN       NaN      0.00      0.00      0.00      0.00      0.00      0.00      0.00
  202.00     11.57     -3.96     -9.61    -30.19    -37.55    -47.31    -27.55      0.23      0.62      0.53      0.45      0.28      0.64      0.06
  202.04      4.26      9.30    -17.81    -42.30    -47.49    -54.00     -3.51      0.08      0.19      0.26      0.07      0.08      1.02      1.91
  202.08     -1.86      2.10     -4.77    -13.13    -27.64    -26.33      3.69      1.30      0.00      0.15      0.04      0.11      0.98      1.52
  202.13      3.48      0.56      1.11    -16.24    -11.24      4.56      7.65      0.21      0.03      0.09      0.09      0.10      0.48      0.96
  202.17     23.82      5.93      2.41     -7.92     -4.85     -6.42    -33.05      0.83      0.04      0.15      0.22      0.32      0.43      0.82
  202.21     14.89      8.99      9.24      1.22     -3.04     -7.80     -1.56      0.56      0.51      0.13      0.05      0.00      0.33      0.24
  202.25     -9.44      9.31      4.43      2.48      2.57      6.87     22.92      0.44      0.26      0.05      0.10      0.33      0.32      0.78
  202.29      8.48      5.86      5.90     10.47     15.24     16.84     24.33      0.25      0.10      0.09      0.04      0.19      0.25      0.53
  202.33      5.59     11.01     14.08     14.43     10.98     17.74      6.32      0.27      0.39      0.24      0.20      0.01      0.32      0.06
  202.38      7.72     14.58     11.13      8.80     10.54     -4.76    -11.39      0.07      0.00      0.22      0.46      0.13      0.10      0.27
  202.42     -5.88     -7.57     -3.89     -5.52     -1.14     -3.69    -25.77      0.05      0.24      0.23      0.16      0.46      0.34      0.49
  202.46     -7.04     -8.23     -6.19     -2.41     -3.29    -21.22    -44.76      0.07      0.81      0.59      0.61      0.30      0.09      1.20
  202.50     -9.02      2.28      5.67      6.57     -3.82    -20.01    -85.48      0.54      0.35      0.08      0.34      0.23      0.11      0.62
  202.54     -7.43     -0.97     -4.92     -3.03    -10.57    -46.80    -82.52      0.97      0.23      0.11      0.21      0.36      0.25      1.03
  202.58     -5.55     -3.40      6.40      0.48    -14.58    -12.35       NaN      1.00      0.48      0.20      0.04      0.24      0.76       NaN
  202.63      9.24      1.35     -1.62     -7.07    -44.16       NaN       NaN      1.53      0.22      0.15      0.43      0.42       NaN       NaN
  202.67     -1.28    -19.68    -11.21    -30.47    -68.55       NaN       NaN      1.80      1.25      1.28      0.90      0.47       NaN       NaN
  202.71     10.43     -7.58    -19.79    -46.30    -65.42    -69.50       NaN      0.61      0.21      0.09      0.08      1.07      0.47       NaN
  202.75     -1.51    -11.47    -34.09    -43.13    -57.24       NaN       NaN      0.17      0.34      0.60      0.09      2.02       NaN       NaN
  202.79       NaN    -18.82       NaN       NaN       NaN       NaN       NaN       NaN      1.12       NaN       NaN       NaN       NaN       NaN
  202.83    -12.07    -17.73       NaN       NaN       NaN       NaN       NaN      0.69      0.64       NaN       NaN       NaN       NaN      0.00
  202.88       NaN    -10.99     11.36      9.58     -3.60       NaN       NaN       NaN      0.52      0.00      1.10      1.67       NaN       NaN
  202.92    -17.92     10.19     28.07     17.33     -7.16       NaN       NaN      0.41      0.26      0.74      0.91      0.23       NaN       NaN
  202.96      5.70     27.92     42.25     33.37     16.30     -6.12     36.73      0.13      0.52      0.83      0.42      0.45      0.17      0.18
  203.00     44.60     51.86     52.39     55.84     11.01      6.50     25.98      0.34      0.50      0.51      0.74      0.25      0.58      0.38
  203.04     25.27     44.89     55.31     46.42     36.37     15.89     17.58      0.21      0.09      0.17      0.16      0.50      0.42      1.37
  203.08     58.24     47.40     45.26     43.16     27.50     10.95    -12.10      0.38      0.70      0.17      0.41      0.53      0.41      0.09
  203.13     48.07     38.01     29.20     25.19     12.58     -1.42    -25.45      0.50      0.16      0.36      0.02      0.33      0.36      0.65
  203.17     44.38     30.74     21.08      8.81    -11.85    -28.21    -34.57      0.18      0.33      0.07      0.14      0.06      0.16      0.04
  203.21     23.18      8.87      5.10     -1.64    -12.06    -26.50    -34.54      0.24      0.46      0.06      0.14      0.09      0.23      0.31
  203.25     22.46     19.06      7.83     -3.45    -20.72    -41.39    -33.42      0.16      0.28      0.05      0.07      0.18      0.35      0.33
  203.29     22.72     27.69     16.46     -3.09    -22.92    -42.66    -26.95      0.03      0.02      0.15      0.02      0.04      0.11      0.30
  203.33     22.30     25.49      8.77     -5.96    -22.85    -37.81    -35.51      0.03      0.27      0.33      0.06      0.03      0.01      0.30
  203.38     19.79      7.51     -6.54    -12.22    -22.60    -36.13    -32.34      0.20      0.32      0.45      0.45      0.17      0.03      0.37
  203.42      1.73      2.80     -7.64    -13.75    -20.36    -22.98    -25.93      0.27      0.27      0.42      0.07      0.08      0.39      0.21
  203.46     -3.98     -1.90      5.03      4.04    -14.86    -17.43    -27.39      1.64      0.58      0.15      0.18      0.04      0.01      1.09
  203.50     10.60      6.97     14.84      9.18    -13.61    -11.40    -58.18      0.05      0.26      0.05      0.83      0.07      0.27      6.25
  203.54     -6.80      6.53     22.16     16.41     17.62    -25.36       NaN      0.41      0.29      0.56      0.53      0.88      0.52       NaN
  203.58      4.50      5.44     17.25     22.89     -6.15       NaN       NaN      0.18      0.60      0.70      0.38      0.71       NaN       NaN
  203.63    -10.23     25.58     25.95     12.92      7.83    -17.96       NaN      1.04      2.39      0.48      0.38      0.00      1.33       NaN
  203.67     -0.73     23.70     27.57     23.01    -18.71       NaN       NaN      0.37      0.63      0.88      0.71      2.22       NaN      0.00
  203.71       NaN       NaN     25.89     28.25       NaN       NaN       NaN       NaN       NaN      0.01      0.50       NaN       NaN      0.00
  203.75       NaN     43.27     19.10     43.41       NaN       NaN       NaN       NaN      0.08      0.92      0.52       NaN       NaN       NaN
  203.79       NaN      3.34       NaN       NaN       NaN       NaN       NaN       NaN      0.42       NaN       NaN       NaN       NaN      0.00
  203.83     14.53     23.32     11.30       NaN       NaN       NaN       NaN      0.40      0.57      0.66       NaN       NaN       NaN      0.00
  203.88    -12.81     13.78     38.51    -13.85    -19.53    -13.18       NaN      0.10      0.13      0.71      0.26      0.16      0.46       NaN
  203.92      6.37     53.46     38.59     45.99     12.44      2.80       NaN      0.56      0.10      0.43      0.17      0.15      1.50       NaN
  203.96     26.54     47.38     65.11     67.31     56.45     28.34    -72.86      1.62      0.20      0.42      0.11      0.96      0.76      0.45
  204.00     24.05     24.56     51.90     58.38     34.07     23.90     -2.63      0.01      0.24      0.09      0.32      0.14      0.88      0.65
  204.04     44.90     44.79     45.03     39.21     22.96     17.07     13.87      0.29      0.05      0.35      0.05      0.35      0.09      1.17
  204.08     41.50     45.69     36.12     20.24      0.24    -15.46    -36.44      0.25      0.20      0.03      0.19      0.10      0.29      1.13
  204.13     35.79     24.98     18.47      8.12     -5.38    -34.64    -28.73      0.24      0.28      0.06      0.33      0.36      0.09      0.80
  204.17     31.91     20.02      2.10    -17.19    -24.43    -27.64     10.67      0.01      0.09      0.15      0.08      0.02      0.19      0.39
  204.21     22.67      9.69     -6.37    -11.23     -4.45     -7.33      4.35      0.07      0.37      0.40      0.09      0.14      0.02      0.43
  204.25     10.03      1.20     -1.46     -0.79      5.69      4.71     12.02      0.49      0.18      0.19      0.14      0.11      0.23      0.50
  204.29      4.97      9.20     10.40     11.54     16.23     10.05      4.30      0.03      0.43      0.08      0.07      0.10      0.22      0.24
  204.33     12.78     17.84     15.97     12.02     11.88     -1.20     -1.00      0.35      0.39      0.13      0.06      0.08      0.06      0.40
  204.38      3.73     10.81     13.10     11.46      4.57      6.84     -0.94      0.22      0.32      0.04      0.10      0.22      0.27      0.78
  204.42      8.12     13.99     17.06     13.58      8.77      2.81     11.94      0.03      0.54      0.47      0.26      0.45      0.28      0.83
  204.46      3.44      5.84      5.31      1.73     -4.01      1.20     29.53      0.14      0.50      0.17      0.18      0.27      0.26      0.10
  204.50     16.85      3.41    -13.85     -9.14     -8.55      5.36     -3.70      0.30      0.31      0.34      0.15      0.41      0.47      2.14
  204.54      9.83      3.82      0.63     -7.80     -7.79     -7.91    -25.48      0.05      0.24      0.47      0.04      0.20      0.91      0.24
  204.58     11.13      6.33      1.33     -7.59     -6.90     -2.22     -9.18      0.34      0.15      0.72      0.58      0.29      0.33      0.33
  204.63      9.27      7.26      4.40      6.86     27.47    -29.67       NaN      0.14      0.53      0.56      0.65      0.18      5.66       NaN
  204.67     10.25     15.60     22.95     26.43     -7.04     31.98       NaN      0.30      0.30      0.46      0.52      0.94      1.27       NaN
  204.71      8.66     11.35     18.01     31.41     55.33       NaN       NaN      0.10      0.26      0.34      0.38      0.63       NaN      0.00
  204.75     12.47     15.42     30.95     55.92     55.61       NaN       NaN      0.71      0.54      0.38      0.06      0.54       NaN       NaN
  204.79       NaN       NaN     50.95     38.18       NaN       NaN       NaN       NaN       NaN      0.46      0.47       NaN       NaN       NaN
  204.83      3.88      6.24     46.69     45.32     47.19     32.28       NaN      0.16      0.39      0.32      0.01      1.45      0.34       NaN
  204.88     28.87     41.58     34.72     50.41     43.81       NaN       NaN      0.05      0.17      0.37      0.47      0.22       NaN       NaN
  204.92      4.55     29.76     43.05     67.09     35.97     36.51       NaN      0.49      0.67      0.30      0.87      1.67      0.35       NaN
  204.96     35.03     63.59     33.01     32.76     19.47     23.08     32.12      0.52      0.34      0.89      0.11      0.43      0.41      0.22
  205.00     41.00     61.96     47.19     41.08     27.73     26.38     14.90      0.41      0.45      0.20      0.36      0.35      0.44      0.88
  205.04     47.19     39.48     49.37     36.21     18.00      7.57      3.83      0.19      0.38      0.05      0.13      0.41      0.44      0.17
  205.08     32.97     34.94     43.13     21.19     -2.54      5.00     20.97      0.95      0.16      0.08      0.07      0.30      0.28      0.01
  205.13     12.95     38.59     38.79     19.82      8.67     -5.30    -27.98      0.23      0.01      0.25      0.01      0.03      0.24      0.68
  205.17     28.13     25.31     -0.05     -6.12     -5.89    -18.27    -71.76      0.14      0.11      0.07      0.02      0.09      0.04      0.80
  205.21     14.06     -3.48    -11.89    -20.60    -27.18    -34.36    -37.43      0.14      0.51      0.38      0.02      0.01      0.26      0.77
  205.25     15.30      1.17    -12.38    -19.14    -24.27    -16.96    -14.96      0.54      0.03      0.16      0.07      0.01      0.38      0.25
  205.29      8.25      4.93     -5.15    -13.05    -15.75     -6.26     13.18      0.95      0.00      0.09      0.01      0.03      0.27      0.52
  205.33     11.66      7.14      2.18     -1.59      3.88      7.93      9.12      0.24      0.07      0.13      0.22      0.01      0.11      0.46
  205.38     18.94     12.12      6.28      3.99      2.00     -9.58    -19.80      0.20      0.51      0.11      0.02      0.06      0.21      0.69
  205.42      9.49      5.64      2.90     -3.58     -9.33    -15.15    -22.30      0.75      0.59      0.48      0.36      0.37      0.25      0.36
  205.46     11.00      1.17     -1.69     -9.35    -12.87    -28.59    -50.86      0.13      0.23      0.36      0.29      0.28      0.01      1.14
  205.50      7.20     -4.99     -3.51     -8.91    -24.30    -36.48    -57.63      0.34      0.58      0.50      0.24      0.22      0.14      0.63
  205.54     10.88     -0.72      0.02    -19.76    -24.27    -31.93       NaN      0.24      0.19      0.39      0.74      0.01      0.16       NaN
  205.58      0.64     -2.45      2.30    -13.27    -29.25     -0.81       NaN      0.09      0.08      0.63      0.36      0.27      2.51       NaN
  205.63     10.90      5.59     -0.91     -1.82       NaN       NaN       NaN      0.03      0.17      0.21      0.04       NaN       NaN      0.00
  205.67       NaN     20.21      7.91      4.67     14.44     12.69       NaN       NaN      0.21      0.98      0.12      0.10      3.58       NaN
  205.71     12.27     18.19     16.51     24.31     19.80     11.88       NaN      0.58      0.58      0.68      0.17      2.13      1.54       NaN
  205.75     14.72     21.38     15.80     37.72     52.17       NaN       NaN      0.17      0.78      0.58      0.72      4.03       NaN       NaN
  205.79      2.69     31.17     47.08     49.42       NaN       NaN       NaN      0.04      0.43      0.17      0.39       NaN       NaN       NaN
  205.83       NaN     43.00     74.67     42.17     -6.29       NaN       NaN       NaN      1.86      1.53      1.77      0.20       NaN       NaN
  205.88       NaN       NaN     60.23     54.32     -8.37       NaN       NaN       NaN       NaN      0.77      1.18      0.91       NaN       NaN
  205.92     15.48     19.03     30.22     20.63    -15.72    -20.46       NaN      2.66      2.64      0.28      0.03      0.72      0.65       NaN
  205.96     12.98     13.77     14.60      3.52     -6.67    -26.86    -42.21      0.07      0.08      0.18      0.38      0.42      0.15      0.90
  206.00     15.29     32.78     18.71     13.27    -26.50    -57.85    -46.35      0.30      0.24      0.64      0.15      0.29      0.05      0.13
  206.04      4.57     -0.35      7.60      4.84    -26.49    -54.10    -50.01      0.18      0.07      0.13      0.41      0.53      0.02      0.22
  206.08      1.02     -2.43     13.10      7.21    -25.49    -50.63    -75.05      0.48      0.13      0.04      0.04      0.27      0.17      0.12
  206.13    -10.85      0.32     12.63     -3.78    -18.21    -46.09    -60.75      0.01      0.16      0.17      0.18      0.25      0.42      0.06
  206.17      5.53     10.56      1.04    -20.05    -29.60    -42.15    -48.68      0.08      0.15      0.12      0.05      0.07      0.31      0.16
  206.21     17.80      2.61     -4.57    -10.85    -22.49    -28.61    -27.97      0.13      0.05      0.01      0.29      0.30      0.43      0.94
  206.25     13.30      8.30      5.54     -1.07     -4.49     -5.37     -1.38      0.09      0.20      0.02      0.00      0.05      0.33      0.45
  206.29     16.14     10.61     10.55      6.61      3.76      0.24     -3.29      0.24      0.19      0.11      0.01      0.05      0.00      0.42
  206.33     23.40     17.37     13.52      5.24     -1.26     -3.32    -17.84      0.22      0.21      0.11      0.08      0.00      0.08      0.24
  206.38     18.23      6.61      6.84      3.15     -3.49    -13.54    -30.03      0.01      0.49      0.15      0.08      0.16      0.19      0.49
  206.42     16.37      9.40      3.34     -1.83     -6.45    -16.51    -36.33      0.37      0.29      0.24      0.08      0.09      0.34      0.94
  206.46     14.29      2.84     -4.12      1.10    -12.86    -23.97       NaN      0.41      0.02      0.21      0.10      0.27      0.29       NaN
  206.50     17.77      7.26      0.59     -0.23    -11.72    -32.55    -26.83      0.10      0.32      0.10      0.43      0.54      0.74      0.26
  206.54      5.76      6.40      6.50      3.83     -1.96    -24.22       NaN      0.29      0.98      0.40      0.27      0.34      0.70       NaN
  206.58     11.83     16.02      2.32      2.65     -8.36    -35.84       NaN      0.35      0.73      0.30      0.32      0.28      1.69       NaN
  206.63      9.06      8.65      0.58    -21.74    -60.53    -19.51       NaN      0.52      0.30      0.54      0.52      1.22      0.58       NaN
  206.67      5.17     16.48      8.78    -10.76    -22.87       NaN       NaN      0.79      0.70      1.11      0.32      0.51       NaN      0.00
  206.71       NaN    -39.34     -1.51      8.02    -97.60       NaN       NaN       NaN      0.13      0.05      0.58      0.45       NaN       NaN
  206.75       NaN       NaN      9.20      7.21       NaN       NaN       NaN       NaN       NaN      0.03      1.46       NaN       NaN       NaN
  206.79       NaN       NaN       NaN       NaN       NaN       NaN       NaN       NaN       NaN       NaN       NaN       NaN      0.00      0.00
  206.83      6.40       NaN      4.11     -3.60    -28.28       NaN       NaN      0.12       NaN      0.47      0.84      0.49       NaN      0.00
  206.88       NaN     16.19     17.54     60.11       NaN       NaN       NaN       NaN      0.15      0.17      0.57       NaN       NaN       NaN
  206.92     19.50     21.86      7.08     -1.66      6.02     -5.20       NaN      0.27      0.64      0.06      0.74      0.22      0.76       NaN
  206.96     13.29      7.50      4.02     -1.44     -0.53      1.38      4.18      0.05      0.01      0.43      0.37      0.62      0.91      0.60
  207.00     17.28     15.44      7.74     -0.38     -9.78      2.79    -35.07      0.35      0.91      0.71      0.78      0.09      0.40      0.50
  207.04      5.04     24.52     26.08     23.95      0.29    -12.77    -12.14      0.59      0.15      0.21      0.06      0.15      0.21      0.21
  207.08     17.35     22.22     19.63     10.52     -2.56     -3.01    -20.00      0.04      0.14      0.16      0.17      0.33      0.25      0.77
  207.13     16.42     15.64     19.06     13.33      2.25     -1.67    -16.96      0.15      0.24      0.29      0.07      0.07      0.13      0.29
  207.17     18.83     17.41     14.49      5.04     -8.08    -24.12    -29.49      0.07      0.61      0.08      0.34      0.17      0.02      0.28
  207.21     21.46     20.17     10.90     -5.48    -14.76    -12.47     -8.03      0.12      0.00      0.11      0.00      0.13      0.06      0.17
  207.25     14.94     16.40      8.60     -2.29     -4.84     -1.19      7.05      0.29      0.08      0.18      0.05      0.08      0.24      0.74
  207.29     26.70     27.72     21.33     12.91      8.94      2.76     -0.05      0.29      0.21      0.04      0.14      0.25      0.20      0.32
  207.33     25.13     25.04     26.77     19.55     16.75     11.75    -11.20      0.25      0.17      0.27      0.18      0.27      0.44      0.89
  207.38     21.31     24.75     26.07     18.43      5.09     -7.68    -21.33      0.22      0.36      0.25      0.32      0.19      0.03      0.44
  207.42     19.69     18.16     21.75     19.11      4.84    -11.06    -19.08      0.19      0.44      0.40      0.30      0.16      0.43      0.72
  207.46     11.58     22.14     19.19     14.37      2.46    -17.35    -32.28      0.85      0.22      0.35      0.49      0.34      0.20      0.97
  207.50     10.16     17.97     22.70      9.92     -7.43    -23.06    -40.49      0.55      0.18      0.13      0.01      0.33      0.04      0.76
  207.54     13.83     11.93     20.09      3.54    -12.52    -25.92    -35.21      0.38      0.13      0.04      0.25      0.28      0.66      1.09
  207.58     11.87     16.93     12.09    -10.71    -87.82   -139.56       NaN      0.68      0.16      0.70      0.13      0.11      1.01       NaN
  207.63     30.72     22.04      6.08    -11.12    -13.56    -43.69       NaN      0.14      0.02      0.19      0.15      0.87      0.94       NaN
  207.67      5.50      2.53     -3.02    -23.53    -15.81     11.38       NaN      0.33      0.46      0.83      1.42      0.48      2.39       NaN
  207.71     -6.12     -5.46      1.06    -34.26    -50.80       NaN       NaN      0.49      0.01      0.17      0.37      0.39       NaN       NaN
  207.75    -51.60    -25.47    -18.14    -24.37    -34.55       NaN       NaN      0.21      0.34      0.01      0.44      0.44       NaN       NaN
  207.79      4.31     -9.29    -16.51    -59.11       NaN       NaN       NaN      0.23      0.11      0.30      0.83       NaN       NaN       NaN
  207.83     14.72     26.42     -8.13    -45.58    -42.04       NaN       NaN      0.05      0.18      0.44      1.47      0.60       NaN       NaN
  207.88     32.37     38.15     15.51    -15.10     -9.19    -41.38       NaN      0.25      0.33      0.26      0.04      2.18      1.11       NaN
  207.92     27.56     40.28     31.43     14.39    -41.82    -37.10       NaN      0.18      0.07      0.20      0.34      0.02      0.89       NaN
  207.96      1.60     45.88     18.47    -15.80    -15.04    -17.45    -11.60      1.91      0.47      0.12      0.16      0.17      0.42      0.04
  208.00     44.86     39.71     14.99      1.59    -13.29    -11.96     -9.02      0.26      0.16      0.04      0.06      0.28      0.47      1.37
  208.04     41.79     27.34      6.20    -14.75    -11.80     -6.83    -15.52      0.03      0.01      0.23      0.07      0.21      0.04      0.97
  208.08     33.70     18.35      6.75     -1.85     -5.78     -3.78    -20.44      0.22      0.18      0.16      0.45      0.08      0.11      0.79
  208.13     22.67     22.73      0.59     -5.13     -8.87    -22.09    -19.52      0.21      0.38      0.25      0.18      0.38      0.44      0.58
  208.17     16.69     14.76     13.06     -0.36     -2.81     -6.79    -29.52      0.08      0.20      0.28      0.06      0.07      0.12      0.59
  208.21     44.74     31.38     22.22     17.96     14.87      4.61    -26.22      1.04      0.48      0.16      0.08      0.01      0.27      0.08
  208.25     27.64     32.36     31.40     23.80     11.48     -3.98    -22.06      0.12      0.03      0.01      0.08      0.04      0.02      0.39
  208.29     42.04     45.84     40.12     31.06     11.60     -4.63    -37.78      0.62      0.02      0.12      0.30      0.18      0.01      0.36
  208.33     44.52     48.29     32.86     25.20     12.68    -22.51    -73.24      0.36      0.19      0.04      0.03      0.18      0.43      0.67
  208.38     37.61     43.90     35.94     28.02      1.66    -54.28    -99.59      0.42      0.47      0.16      0.08      0.33      0.05      0.41
  208.42     46.63     48.04     36.98     26.38      5.66    -33.89    -67.23      0.11      0.63      0.43      0.30      0.29      0.06      0.28
  208.46     36.65     49.94     52.72     36.03      7.27    -37.02    -12.87      0.63      0.21      0.18      0.08      0.28      0.47      0.17
  208.50     49.91     62.51     48.81     29.21    -13.22    -60.06   -108.09      0.02      0.60      0.07      0.25      0.05      0.97      2.06
  208.54     36.44     42.16     37.88     16.43    -27.29    -43.37       NaN      0.08      0.05      0.54      0.17      0.14      0.52       NaN
  208.58     52.36     27.01      7.34      2.10    -56.11       NaN       NaN      0.14      0.41      0.10      0.29      0.95       NaN       NaN
  208.63   -104.68      6.34     32.24    -79.31    -65.19       NaN       NaN      2.35      0.11      0.26      1.29      0.18       NaN       NaN
  208.67     38.90     32.47     10.09    -20.89    -86.83       NaN       NaN      2.19      0.40      0.52      0.40      0.28       NaN       NaN
  208.71     51.52     11.17    -77.23       NaN       NaN       NaN       NaN      0.34      0.10      0.54       NaN       NaN       NaN       NaN
  208.75     59.85     46.06       NaN       NaN    -68.95       NaN       NaN      0.86      0.45       NaN       NaN      0.36       NaN       NaN
  208.79       NaN       NaN       NaN       NaN       NaN       NaN       NaN       NaN       NaN       NaN       NaN       NaN       NaN      0.00
  208.83       NaN       NaN       NaN       NaN       NaN       NaN       NaN       NaN       NaN       NaN       NaN       NaN      0.00      0.00
  208.88       NaN       NaN       NaN       NaN    -73.66       NaN       NaN       NaN       NaN       NaN       NaN      0.08       NaN       NaN
  208.92     63.46     17.04       NaN    -19.83    -49.00    -61.99       NaN      0.02      0.55       NaN      0.20      0.50      0.27       NaN
  208.96     51.12     43.06     10.54    -13.61    -30.39    -40.58    -41.83      0.34      0.19      0.09      0.22      0.04      1.30      0.29
  209.00     50.92     28.79     30.29     -7.72    -27.89    -39.24    -72.45      0.37      0.24      0.48      0.09      0.04      0.72      1.09
  209.04     33.07     12.69      0.43    -11.02    -25.13    -47.76    -39.71      0.55      0.17      0.20      0.40      0.20      0.20      0.38
  209.08     26.58     13.75     -6.74    -11.42    -21.83    -34.56    -34.60      0.33      0.02      0.11      0.11      0.14      0.58      0.55
  209.13     -0.17     -7.66    -15.53    -24.74    -32.71    -35.08     -9.73      0.40      0.22      0.13      0.11      0.30      0.79      0.59
  209.17    -24.31    -18.57    -24.98    -22.23    -22.82    -22.95    -29.68      0.40      0.51      0.22      0.06      0.14      0.70      2.15
  209.21     -2.95      3.37      7.90      4.45     -0.21     -7.62    -36.43      0.74      0.00      0.31      0.01      0.08      0.37      0.52
  209.25     19.05     23.31     21.08     23.26     11.35     -2.29    -34.18      0.36      0.08      0.19      0.07      0.47      0.24      0.14
  209.29     17.27     31.00     22.78     13.91     -5.60    -29.87    -46.49      0.03      0.08      0.26      0.01      0.10      0.44      0.50
  209.33     34.86     11.79     16.68      0.72    -29.25    -62.57    -91.24      0.40      0.36      0.03      0.01      0.18      0.30      0.13
  209.38     16.44      7.24      1.96    -18.72    -54.20    -78.31    -65.14      0.42      0.35      0.11      0.31      0.18      0.05      0.59
  209.42      1.44    -23.49    -37.25    -47.47    -62.58    -75.91    -89.19      0.25      0.29      0.43      0.32      0.19      0.03      0.07
  209.46     12.47    -11.26    -34.96    -58.00    -64.81    -77.39    -88.19      0.04      0.29      0.01      0.18      0.38      0.03      0.10
  209.50     14.92     -5.82    -34.55    -55.62    -65.70    -69.57    -78.20      0.03      0.20      0.32      0.51      0.53      0.07      0.52
  209.54     -0.17     -4.31    -33.01    -65.04    -99.76    -62.98    -77.35      0.49      0.27      0.20      0.41      0.54      0.04      0.42
  209.58      7.61     -9.87    -18.35    -48.07    -63.52       NaN       NaN      0.29      0.94      0.53      0.25      2.36       NaN       NaN
  209.63      0.40    -16.23    -33.33    -46.09    -70.56       NaN       NaN      0.01      0.91      0.11      0.27      1.38       NaN       NaN
  209.67    -14.50    -30.45    -41.97    -63.33    -68.80       NaN       NaN      0.04      1.15      0.25      0.59      0.06       NaN       NaN
  209.71       NaN    -52.72    -61.16       NaN    -68.63       NaN       NaN       NaN      0.14      0.16       NaN      0.10       NaN      0.00
  209.75     15.68      1.31    -40.14       NaN       NaN       NaN       NaN      0.13      0.50      0.17       NaN       NaN      0.00      0.00
  209.79    -20.25    -14.17    -37.39    -63.54       NaN       NaN       NaN      0.22      0.78      0.69      0.10       NaN       NaN       NaN
  209.83       NaN    -27.30    -21.43    -56.37    -28.37       NaN       NaN       NaN      0.73      0.81      0.68      0.13       NaN       NaN
  209.88      0.42    -37.06    -52.34       NaN    -56.21       NaN       NaN      0.16      0.68      0.60       NaN      1.10       NaN      0.00
  209.92      6.12    -26.77    -50.58    -50.39    -48.06    -17.72       NaN      0.51      0.59      0.58      0.05      0.57      0.39       NaN
  209.96     -9.60    -31.62    -57.03    -38.89    -32.64     -5.78     24.24      0.14      0.53      0.25      0.57      0.25      0.03      0.48
  210.00     -7.79     -7.52    -28.51    -34.01    -22.99     -1.29     -1.30      0.42      0.03      0.51      0.29      0.63      0.36      0.36
  210.04    -19.14    -35.61    -38.98    -30.73      3.26     10.54     23.04      0.05      0.20      0.29      0.26      0.11      0.28      0.55
  210.08    -17.98    -31.26    -43.03    -34.03    -15.80     -3.74      4.55      0.17      0.01      0.14      0.18      0.24      0.82      0.68
  210.13    -18.40    -22.44    -20.96    -20.75     -6.70      6.03     10.78      0.30      0.18      0.00      0.06      0.13      0.16      0.25
  210.17    -18.21    -22.63     -3.60     -1.40      4.24     12.03      6.24      0.94      0.18      0.10      0.04      0.18      0.58      0.24
  210.21    -14.07    -14.31    -11.29      7.13     29.42     39.99     -9.19      0.30      0.42      0.02      0.23      0.09      0.12      0.27
  210.25      6.13      1.23     21.76     36.21     44.41     47.85     30.70      0.24      0.22      0.02      0.22      0.31      0.25      0.63
  210.29     17.36     30.06     29.16     44.03     51.40     51.46     30.32      0.22      0.43      0.00      0.18      0.14      0.56      0.46
  210.33      6.34     22.48     26.13     49.87     50.13     27.47      4.91      0.28      0.37      0.09      0.04      0.14      0.35      2.14
  210.38     -0.80     28.97     30.78     40.70     31.14     16.60      4.03      0.23      0.30      0.15      0.02      0.12      0.04      0.30
  210.42      2.53     26.57     24.81     21.49     13.79     -4.59    -17.25      0.63      0.28      0.54      0.27      0.40      0.11      0.11
  210.46     10.66      5.10     17.40     15.01     -3.87     -6.52    -72.81      0.32      0.12      0.17      0.36      0.18      0.13      1.24
  210.50     -2.77      5.46     22.15      9.80     -4.70    -45.96    -80.46      0.37      0.56      0.16      0.12      0.28      0.23      0.20
  210.54     -3.05     14.52     13.49     -6.03    -17.52    -41.59    -19.84      0.54      0.30      0.65      0.27      0.50      0.18      2.08
  210.58      5.86     -1.22      5.22    -15.88    -28.25    -55.03       NaN      0.58      0.15      0.13      0.01      1.85      0.30       NaN
  210.63      6.58      3.44     -7.72     -3.76    -19.01    -22.54       NaN      0.10      0.03      0.29      0.43      0.71      0.86      0.00
  210.67      3.70     -7.58     -9.63    -19.07    -18.33       NaN       NaN      2.04      0.68      0.11      0.10      1.06       NaN       NaN
  210.71    -12.58      2.53    -12.03    -10.45    -28.32       NaN       NaN      0.14      0.88      0.03      0.26      0.25       NaN       NaN
  210.75       NaN    -13.59    -22.60    -54.77    -51.50       NaN       NaN       NaN      2.05      0.45      0.19      0.24       NaN      0.00
  210.79       NaN     -6.46     -9.66       NaN       NaN       NaN       NaN       NaN      0.07      0.01       NaN       NaN       NaN      0.00
  210.83       NaN       NaN    -18.73    -39.26    -80.94       NaN       NaN       NaN       NaN      0.34      0.43      1.45       NaN       NaN
  210.88       NaN      7.26    -35.00       NaN       NaN       NaN       NaN       NaN      0.50      0.19       NaN       NaN       NaN       NaN
  210.92       NaN     22.43     10.22     13.13    -30.04    -29.69    -64.28       NaN      0.32      0.83      1.13      0.69      1.05      0.27
  210.96     46.37      0.67     10.46      6.64    -19.95    -41.51    -17.30      0.22      0.61      0.05      0.08      0.06      0.17      2.83
  211.00     18.03     -3.29     -4.83      7.88    -19.69    -12.54      1.20      0.18      0.60      0.04      0.30      0.08      0.01      0.10
  211.04    -10.89    -14.43     -9.25     -4.06    -14.34    -15.29     11.27      0.78      0.33      0.21      0.39      0.55      0.49      1.13
  211.08     -5.58     -8.78    -10.16      0.61      9.84     -3.67      5.46      0.79      0.13      0.08      0.25      0.43      0.09      0.76
  211.13      3.12     -0.59      4.23      0.21    -12.92    -25.64    -49.93      0.32      0.03      0.22      0.15      0.01      0.01      0.65
  211.17     16.26     -3.99    -12.07    -24.04    -26.52    -23.73     -5.08      0.46      0.06      0.09      0.03      0.42      0.76      0.08
  211.21     -5.54    -10.33     -5.68    -16.45    -21.71    -22.59    -19.52      0.09      0.08      0.31      0.08      0.27      0.28      0.33
  211.25     10.70     -2.43    -17.13    -26.99    -30.93    -19.22    -18.69      0.38      0.14      0.01      0.11      0.03      0.18      0.29
  211.29     -9.63    -11.10    -16.22    -25.99    -13.61     -1.59      9.35      0.62      0.12      0.10      0.11      0.08      0.25      0.01
  211.33     -0.38     -5.35     -1.47     -0.14     -0.93     -9.40    -15.13      0.20      0.32      0.18      0.11      0.25      0.25      0.39
  211.38      2.89      1.90      6.74      0.04     -9.80    -29.12    -19.91      0.83      0.25      0.29      0.37      0.17      0.31      0.08
  211.42      0.92      1.08      6.03     -5.99    -19.35    -32.22    -61.34      0.55      0.63      0.11      0.07      0.05      0.28      0.78
  211.46     -7.26      0.81     -2.42    -12.97    -28.10    -50.73    -48.38      0.73      0.57      0.32      0.09      0.03      0.02      0.53
  211.50     -2.58     -7.34     -7.10    -13.58    -16.92    -58.13    -71.12      0.02      0.07      0.05      0.18      0.24      0.65      0.30
  211.54      0.22     -8.65    -11.48    -23.70    -23.34    -47.57    -57.79      0.00      0.12      0.00      0.37      0.36      0.21      0.72
  211.58      0.10    -12.89    -23.65    -29.71    -21.65     -8.50    -34.53      1.39      0.03      0.09      0.92      0.50      0.31      0.69
  211.63     11.85     -2.19    -18.31    -11.27    -12.81       NaN    -64.44      0.39      0.73      0.31      0.02      2.13       NaN      2.42
  211.67      9.85      4.11    -13.91    -22.23    -20.91       NaN       NaN      0.60      0.40      0.71      0.38      0.38       NaN       NaN
  211.71     -6.51    -19.18    -42.14    -35.23    -34.73       NaN       NaN      0.61      0.19      2.96      1.85      0.79       NaN       NaN
  211.75     -0.13    -10.10    -24.67    -39.66       NaN       NaN       NaN      0.87      0.30      1.40      0.59       NaN       NaN       NaN
  211.79       NaN       NaN    -14.11       NaN       NaN       NaN       NaN       NaN       NaN      0.82       NaN       NaN       NaN       NaN
  211.83       NaN       NaN       NaN       NaN       NaN       NaN       NaN       NaN       NaN       NaN       NaN       NaN       NaN       NaN
  211.88       NaN       NaN       NaN       NaN       NaN       NaN       NaN       NaN       NaN       NaN       NaN       NaN       NaN       NaN
  211.92       NaN     -5.80      1.81    -38.89    -61.98    -46.82       NaN       NaN      0.01      3.86      0.77      0.28      1.44       NaN
  211.96       NaN     13.61    -38.83    -40.88    -36.20    -49.93    -62.86       NaN      1.28      0.39      0.09      0.79      0.57      2.06
  212.00    -15.23     -9.41    -23.17    -29.67    -37.73    -42.48    -47.37      0.74      0.68      0.43      0.58      0.35      0.49      0.65
  212.04    -10.72     -1.56    -25.32    -38.12    -39.61    -43.09    -22.89      0.06      0.47      0.28      0.18      0.07      0.44      0.06
  212.08    -14.53    -18.73    -30.42    -23.58    -24.40    -29.62     -9.87      0.77      0.02      0.02      0.39      0.17      0.11      0.91
  212.13      1.60    -15.37    -21.92    -15.46    -17.81    -17.64     -2.77      0.47      0.40      0.02      0.06      0.40      0.14      0.01
  212.17    -11.96     -3.33    -10.65     -3.14      7.57     12.06      5.78      0.92      0.20      0.23      0.31      0.01      0.14      0.43
  212.21     -3.62     -2.94     -8.07      2.09      3.70      1.45     17.75      0.75      0.11      0.10      0.11      0.20      0.44      0.10
  212.25     -5.21     -3.74     -4.23     -4.37     -7.14    -12.80    -22.44      0.57      0.11      0.21      0.18      0.04      0.06      0.46
  212.29     -0.92     -3.93     -8.68    -14.58    -23.63    -25.39    -33.37      0.59      0.01      0.15      0.31      0.07      0.12      0.75
  212.33     -5.68     -9.93    -18.41    -21.65    -26.07    -20.15    -21.63      0.03      0.07      0.10      0.11      0.20      0.26      0.33
  212.38      7.04     -9.86    -20.91    -18.57    -19.97    -29.62    -68.81      0.16      0.36      0.24      0.29      0.15      0.03      0.38
  212.42    -11.11    -11.87    -14.46    -22.12    -24.51    -39.18    -61.31      0.70      0.50      0.41      0.12      0.26      0.27      0.32
  212.46     -7.24    -12.89    -23.78    -23.99    -37.67    -42.14    -44.36      0.60      0.10      0.28      0.41      0.28      0.32      0.17
  212.50    -17.12    -19.07    -29.43    -30.87    -39.57    -47.23    -53.65      0.32      0.08      0.01      0.05      0.11      0.07      1.56
  212.54    -22.07    -14.95    -30.38    -33.71    -40.28    -71.71       NaN      0.25      0.09      0.03      0.23      1.27      1.33       NaN
  212.58    -26.53    -30.48    -27.85    -51.31    -56.06    -55.24       NaN      0.71      0.01      0.13      0.40      0.82      0.67       NaN
  212.63    -29.09    -24.48    -22.69    -33.67     -9.12       NaN       NaN      0.86      0.40      0.34      0.11      0.42       NaN      0.00
  212.67    -20.42    -23.15    -25.45    -16.13    -27.89       NaN       NaN      0.13      0.45      1.48      0.32      4.14       NaN      0.00
  212.71    -11.39    -12.37    -24.10      4.70       NaN       NaN       NaN      0.07      0.40      1.18      0.81       NaN       NaN       NaN
  212.75       NaN       NaN      3.23     26.52      1.09       NaN       NaN       NaN       NaN      0.75      1.46      0.67       NaN       NaN
  212.79     -3.19    -13.21      3.46      5.87       NaN       NaN       NaN      0.34      1.13      0.58      0.65       NaN       NaN       NaN
  212.83       NaN    -17.53    -12.50     14.62       NaN       NaN       NaN       NaN      0.27      0.09      1.50       NaN       NaN       NaN
  212.88      9.70     -2.00      2.94      6.30     -7.34    -17.56       NaN      0.19      0.87      1.14      0.13      1.55      0.39       NaN
  212.92       NaN      5.01     -4.85     -2.41     -6.61     11.14       NaN       NaN      1.27      1.22      0.84      0.87      1.79       NaN
  212.96     12.71     -1.41    -10.25    -10.45     -5.30      1.65     22.45      1.25      0.13      0.68      0.14      0.34      0.54      2.06
