    tempo          80       82.5         85       87.5         90       92.5         95        97.5        100
  16.9392    6.223444   8.310629  17.438316   6.274704   9.859308   3.081142 -14.863129  -12.031158 -23.354134
 16.97515    9.850283   8.569044  17.684408  12.559361  10.649289   4.300529 -14.875191  -11.022335 -25.209294
  17.0111    6.223444   4.102977  16.212636   6.995795   9.528281   2.927381 -15.385033  -14.562596 -25.209294
 18.59375    0.694249   0.457504  18.769901  22.134704  18.396921  -3.358902  -3.753701   -7.373247   6.963894
  18.6294   -1.285512   0.160767  13.248792  18.381775  17.260921    3.76816  -2.324733   -6.562069  10.756201
  18.6653   -5.298348  -0.288899  12.959743  18.381775  17.260921    3.76816  -2.324733   -6.562069  10.756201
  17.1081   16.069653  11.718157  18.799103  20.733508   9.528281   0.402261 -15.385033     -4.6338  -1.487021
  17.1082   16.069653  11.718157  18.799103  20.733508   9.528281   2.561354 -14.875191    -3.12557  -1.487021
  18.7822   -3.265272  -0.064066  13.104267  19.835921  19.163339   8.130486  -7.888265  -10.642983  -6.950834
  18.8683   -1.285512  -2.016095   9.103363  18.381775  17.260921    3.76816 -13.217898   -16.00667 -14.812656
  18.8864    0.694249  -2.344475   5.465087  14.807075  17.073223   3.340326 -14.574694  -15.775718  -5.649971
   3.5678   35.641315  39.958668  25.822746  17.223492 -16.669535  -33.98093  -49.11839  -33.501144 -43.283417
   15.795   13.051259  -5.589045   2.668525  -3.508364  -0.442441   3.062266 -13.712528    -6.70031  -13.37351
  15.8707    4.287227  -6.407404   1.153017  -5.048606  -0.804734   2.198043 -11.592481   -3.549767 -10.986662
  15.9067     0.36967  -6.407404   0.419075  -8.007174  -2.758514   1.307145 -10.871299    1.473613  -3.113629
 18.92235    9.330946   1.515646  18.514789   28.15067  23.776834 -11.734685 -23.643384  -29.582881 -19.155518
  18.9403    5.739595   5.203951  25.632477  32.480164  23.776834 -13.652055 -32.180141  -30.471578 -29.711555
  19.1431    0.694249   7.537378  12.959743  30.413708  10.475788 -17.743174  -44.74676   -34.02424  -22.13884
   3.7464   -18.58434  34.759476  20.317657  20.701902  20.387848 -23.338161 -55.091373  -61.152916 -33.943604
  16.1814   -3.547886  -6.407404   2.343885  -9.397474  -0.784522  -1.367505 -11.276734   -6.582517 -14.900717
  16.2172    -5.24467  -5.913185   2.850192 -10.040178  -8.285885  -5.316023 -11.464448    -8.55678 -16.079424
  16.2172   -3.547886  -6.407404   2.343885 -11.646491  -9.994071  -6.437804 -11.672966  -10.293969 -16.091695
  17.8178   10.764415  13.401195  19.040906    13.6931   6.486334 -17.692642  -23.13897   -9.036219   7.368494
  17.8356   10.263529  10.934965  18.998674  12.624273   5.867276 -19.046032 -26.313398  -12.141025    5.49982
  4.26275   -98.36299   6.756103  19.038002  25.051803  46.462225 -15.724791 -38.070457  -24.423907  66.145805
   5.6756         NaN  262.58865 -241.05705 -137.94495   13.13594   31.02435  28.552752  -21.338003 -34.808323
  16.4208   -1.614586  -0.693757  10.380377   3.616776   6.897151   1.137253 -11.249987   -4.396464 -11.390246
  16.4564    -2.16687   0.354044  12.030767   3.580263    8.16895   3.062266  -7.621152   -2.581505  -5.711934
  16.4872    -2.16687  -1.182361   9.980136  -3.508364   3.094711   1.137253  -7.637201   -4.396464 -11.390246
 17.98845   -9.735083   6.174826  16.235543  14.552762   6.141343 -17.692642 -19.821756   -9.991437   7.368494
 18.09265  -16.450851   0.500691   6.221302  12.440235   4.482344 -16.734226   -18.3754   -9.991437  -0.915075
  18.1285  -16.450851  -2.553312  -6.538115   3.271909   5.689314 -12.053957 -15.832914   -9.513828   3.226709
   2.7733   35.641315  19.641151  18.683474  11.883028   4.204528   4.104023   3.511093     11.5203   9.793558
  18.3494    0.068366  -1.421106  -2.645419  11.232374  17.260921   6.692452  -3.799131   -9.991437  -9.950893
  18.3856   -3.265272   0.220267   3.080788  14.343598  21.065758   6.692452   -3.70827   -9.036219  -5.776085
  18.4217   -1.285512   0.414317  16.943392  25.887632  21.065758   6.692452   -3.70827   -8.184425   10.53789
   3.0004   20.785228  34.836014  28.761808   22.68016   5.772275  -2.556606   0.277703    5.428187   6.141231
   3.1608   37.190512  36.678945  32.439715  23.641686  10.364107  -2.556606   0.277703    5.428187   6.141231
 15.31305   20.751098   3.354585   7.637994  -0.184492  -0.016827    5.59694  -6.403562   -13.77247 -19.729919
 15.36985   20.751098   1.923867   7.637994  -0.184492  -0.804734   3.020666 -10.190507   -12.15672 -14.506148
 15.40555   20.751098   1.923867    6.70496  -1.312613  -0.804734   3.020666 -10.190507   -12.15672 -13.657246
  18.6807   -3.265272  -1.152497   8.476375  19.835921  19.163339   8.130486  -3.753701   -8.675864   6.963894
  3.31625   35.641315   36.54481  28.761808  19.582299   5.772275 -16.398521  -9.653811  -12.497809 -18.836114
   3.4717   16.491317  35.652143  25.822746  17.223492  -3.962276 -20.702843 -23.433609  -25.051186 -19.440771
   4.8814         NaN  -53.40304 -14.850128   21.27023   89.52018   77.51825  31.839024   89.256195  187.87338
   4.9857         NaN  -53.40304 -31.180792  -4.688442  39.696545  41.263727  19.147622   23.599539  93.506991
 15.51985   -1.327114  -0.953898   8.892257  14.604299   8.660747   6.291019 -13.828667  -13.354942 -15.587639
  15.6264   11.987066  -1.395831   8.835277  14.604299   9.930352  12.228701 -11.276734  -11.028005 -13.657246
  15.6628   21.815292  -1.597083   9.630542  16.319304  11.854303  15.583281 -11.249987   -8.589255 -12.493404
 17.26545   16.069653  10.928146  18.124076   16.37306   9.125052  -1.871943 -14.875191   -1.689608   3.631147
  17.2833   16.069653  12.559676  19.040906   16.37306   8.494167  -1.871943  -14.14177   -1.607771  16.536688
  3.67985   -18.58434  35.652143  22.068204  23.312598     -4.362 -38.577723 -58.748674  -63.122168 -38.613511
 15.93705    -5.24467  -6.407404   0.419075 -10.123086  -8.733922  -1.367505 -11.276734    1.473613  -3.113629
  17.5556   16.069653  13.401195  18.124076  13.984278   6.947048  -8.237533 -19.281672    -3.12557  16.589497
  17.5914   16.069653   17.16172  17.021382    13.6931   6.947048  -6.311328 -18.237791    -3.12557  17.464401
 17.62705   11.678548   17.16172  19.040906    13.6931   6.947048  -9.174679 -19.281672   -1.689608  17.464401
   2.4031   50.676258  15.753943   3.880839   5.854203 -20.728405   6.588785   7.859627   14.942035  24.224907
   2.4986   50.676258  18.173117  25.606064  12.215378  10.422138  11.850637  29.261684   21.488467   10.86035
 14.61165   13.778685  10.748883   5.395399 -11.573065 -16.582362 -16.778744  -8.800991  -11.780968  -7.474141
  14.6297   22.660639   8.566394   4.313675 -12.237507 -14.226804 -15.486348  -8.524446  -11.542234  -7.638318
  14.6539   31.542593   3.354585   2.953344  -9.580283 -14.226804 -13.795217  -8.524446   -13.84711 -14.195382
  17.8664    3.402004   6.491039  14.911922  12.624273   5.867276 -19.046032 -20.136127   -9.513828  17.599498
 17.88415   -0.861058   6.807252  16.235543    13.6931   6.486334 -17.692642   -18.3754    -3.12557  18.609499
   2.6417   50.676258  19.641151  25.606064  23.419214  17.721638   26.61822   34.05397   54.542591  22.816293
   2.6775   44.707984  17.884472  18.683474  12.215378  10.422138  11.850637  29.767971   38.163458  16.625374
   4.2961   -98.36299  12.505469   23.81875  29.401703    59.5041  11.724934   -6.32904  -17.632278  86.071655
 14.85055   25.614749   4.289618   5.266725  -7.540348  -9.758997 -14.904182 -11.795108  -19.898009 -18.687721
  14.8686   25.614749   4.625302   5.568001  -4.142053  -4.840332 -13.179549 -11.538852  -20.233545  -21.78785
  14.9047   35.609174   4.387115   5.310653  -2.982523  -3.879497 -13.179549  -15.53092  -23.706573 -25.481335
 16.49205   -1.614586  -2.550643   5.745188  -5.048606   1.593592    3.65497  -7.629176   -3.488985 -14.900717
   2.8861    5.929141  18.173117  13.709905  11.543847   0.575797   1.172693   2.316242    4.350713   6.141231
   2.8861    5.929141  19.641151  18.683474  11.883028  -3.052934  -1.758637   1.799023     4.88945   7.967395
   4.5708         NaN  18.254835   23.81875  29.401703    59.5041  11.724934   6.456221   89.256195  187.87338
  4.58875         NaN  12.505469  34.968516  34.346687   64.34458  24.921118  19.147622   53.299557  137.67383
  15.1254   31.542593   4.484611   7.637994  -2.398291  -2.235423   -1.12884  -8.800991  -19.282722 -26.261854
  15.1583   35.609174   4.484611   8.892257   1.017157  -1.439014   1.582624  -2.514159  -16.495363 -23.016193
  15.1792   35.609174  12.220379  11.263371   3.842784   0.408787   5.840118   2.681188  -11.941223  -13.37351
  16.7617   -0.510013   2.322857  14.063116   3.616776   6.788703   2.256397  -13.42041  -10.013512 -23.354134
  16.7978    2.143387   8.310629  16.370693   5.355207   6.788703   2.256397 -12.972414    -8.55678  -19.96485
  16.8336    2.369996   8.310629  17.438316    5.56036   9.052852   2.988451 -12.972414   -6.451545  -19.96485
   1.4594  -19.663145 -51.963986 -32.827778  -51.11872 -36.960022 -28.631166 -13.976565   -4.092499   23.94223
   4.8635         NaN -42.823495  15.634077  69.989145  108.41415  83.300925  50.644622  131.568473  200.95732
  13.7933    5.900261  17.234807  14.278049   3.346622   -7.25698 -16.125302 -21.536307  -17.933094   -7.13774
  17.0111    6.223444   8.310629   14.78954   6.274704   9.197253   2.866311 -15.882811  -10.013512  -19.96485
  17.0364    6.223444  10.460865  17.635733  15.344283   9.859308   2.988451 -14.887254  -10.013512 -14.566107
  17.0722   12.959968  10.460865  18.515068  19.701246   9.859308   2.866311 -14.887254   -4.971851  -4.793663
   1.6357  -72.527067 -57.265602 -40.061944 -49.370877 -35.186821 -12.400295   12.21215   25.029806   39.05918
   1.8478   -68.24921 -36.771659   -4.14659  -14.75001 -21.533447   6.522418  26.368732   58.122787  48.102625
 13.93155   24.443941  21.928085  10.503761   0.144993  -7.900008 -15.589653 -12.775856   -7.945424   7.049494
 13.96095   24.443941  13.881791   8.146693  -1.022673  -7.900008 -15.589653 -12.276321   -7.945424   8.094609
 14.03845   13.586492   9.211731   7.386724  -2.457058 -10.102132 -18.964706 -12.775856   -8.410322   7.931135
  14.6594   31.542593   3.354585   2.953344  -7.615103 -13.456838 -16.214373 -11.538852  -19.562473 -18.651924
  16.2422   -3.547886  -5.589045   2.909777 -10.040178  -8.285885  -5.316023 -11.249987   -4.608255 -15.854278
 16.26045   -2.719154  -1.201823    5.58726  -8.007174  -9.994071  -6.019001 -11.357218   -6.582517 -13.944069
  16.2964   -2.719154  -1.201823   9.805339  -5.048606  -4.213218  -4.594143 -11.357218   -4.563962 -12.665615
   1.1847   137.33124   1.077971 -12.428097  -51.11872 -53.129295  -34.74746 -20.116638  -25.255136   23.94223
   1.3283   51.326675  -33.50941 -22.349692  -57.98554 -60.982959 -39.883437 -29.810631  -18.592602  23.809163
  13.3158   28.600429   4.054044   3.030961  -7.156792  -17.32221 -20.034481 -37.897537  -28.520414 -31.661707
    13.34    30.42498    6.70285   6.495351  -3.985077   -8.08599 -22.812002  -36.59045  -28.520414 -29.575747
  13.3756    30.42498   6.117575   3.928641  -7.156792 -13.097789 -22.812002  -36.59045  -28.520414 -27.890881
  16.4922   -1.062299  -3.005931   9.980136  -3.508364   3.094711   1.137253  -8.273932   -4.519669 -15.854278
  16.5228   -0.510013  -1.690427  10.501026   0.835112   3.124916  -0.712316  -10.97853   -4.621027 -15.966851
   1.3642   51.326675 -35.937528  -17.32971  -51.11872 -53.129295 -36.450413 -25.578499  -11.930067  23.676096
   1.3642   40.124797 -35.937528 -27.369675  -50.36891  -47.29403  -34.74746 -20.116638     -10.299  23.676096
   2.9167    5.929141  25.510609  25.606064  12.215378   4.204528  -1.758637   1.459099     4.88945   3.680819
   2.9346    5.929141  25.510609  25.714405  17.078242   5.772275   1.172693   1.571965    5.428187   6.141231
  13.5553   26.951527   6.117575    5.44886  -2.529165  -5.903437 -16.691633 -31.462776  -30.093278 -26.882485
  13.5908   26.951527   6.456534   6.756978  -1.855708  -5.903437 -16.691633  -31.30529  -30.093278   -22.7205
 13.64985   16.820252  10.410628  10.503761   0.466325  -6.591307 -18.615071 -31.191064  -31.470526 -22.675032
    15.21   31.542593  12.220379  12.783318   8.872223   2.522336   5.946557   2.681188  -11.941223 -14.222411
  15.2456   19.686905   6.147224   9.288377   3.842784   0.408787   5.840118    2.34216  -12.019702 -15.071313
   1.5731   -68.24921 -51.963986 -32.827778  -50.36891  -34.52097 -27.767815  -8.030939    3.612457  24.224907
  13.7936    4.801493  12.048767  14.472536   2.840702  -7.714027 -15.486348 -20.061985  -13.452384  -1.471202
  13.8293    3.765268  11.255402  14.667023   2.025892  -7.900008 -13.789628 -19.069386  -12.469049   6.228062
  13.8294     0.91943  12.048767  14.472536   1.211083   -8.08599 -13.795217 -17.191772  -10.286255   8.034399
  15.4481   19.686905   0.876358   8.216999   6.357503   1.593014   5.030637 -12.797006  -13.354942 -16.954687
  15.4839    4.287227   0.876358   8.439156  11.662724   6.638912   6.291019 -12.797006  -13.354942 -15.587639
  15.4842   -1.327114  -0.713218   8.382177   9.298176   7.671249   5.946557 -13.944806  -14.881518 -18.838062
   3.5319   16.491317   36.54481  20.317657  11.883028 -16.669535 -23.338161 -31.439457  -31.215536 -28.032991
 12.46765   31.617447 -22.820229 -16.629354 -14.748133 -22.559962  -6.303792 -12.950964  -23.912767 -42.500453
  12.4858   31.617447  -24.26604 -22.344513  -21.18341 -24.583046 -10.131206 -17.962318  -20.087229  -45.98456
  15.6986   21.815292  -0.713218   9.630542  14.027273   9.702695  12.061894 -11.249987   -8.589255 -13.940983
  15.7225    4.287227  -1.597083   6.893812   0.355366    8.56432   9.500634 -11.249987    -6.70031  -13.37351
  15.7592    4.287227  -4.422514   2.909777  -2.100332   7.671249   5.946557 -11.881483  -10.114786 -15.854278
   0.5521   19.239555  -4.551175 -30.579642 -52.524696 -54.547138 -25.584333  10.958006   34.143469  33.101796
   0.8118   51.326675  40.015794 -25.096036 -52.524696 -73.789953 -64.474181 -36.245675  -15.729296  33.101796
  2.38485   28.302699    3.61454  -3.458722 -10.945221 -15.999989   6.555601   12.21215   30.241049  24.266943
 12.74235   54.169614 -18.982582 -19.558977 -23.467253 -21.764442 -21.267643 -34.174628  -29.569085 -38.087378
  12.7785   60.334934 -12.947199 -16.408926 -19.755196 -21.764442 -22.544697 -34.639282  -24.757947 -35.183696
 12.89805   60.334934 -12.188507 -16.408926 -22.669776 -21.764442 -24.409959 -35.467709  -24.757947 -34.364896
  14.4444   13.778685   8.566394   7.386724  -7.465593 -14.226804 -16.557646 -12.051363  -17.818384 -10.753237
   2.6417   50.676258  18.173117  18.683474  12.215378  10.422138  11.850637  29.767971   38.163458  16.625374
   2.6417   50.676258  19.641151  22.144769  17.817296  14.071888  19.234428   31.91097   50.962395  21.323606
 13.06805   39.810871  -6.955103 -10.140172  -5.570934  -4.721129 -18.363057 -33.849762  -30.961332  -35.49367
  13.0861   48.004295  -4.497327  -9.282238  -8.347092  -8.426081 -18.363057 -38.981115    -36.1909  -35.49367
 13.17265   53.293546  -1.512041  -9.282238  -8.347092 -17.326425 -20.189844 -40.775469  -37.869427 -36.491844
 14.70765   16.732795   4.289618    1.75934 -11.573065 -15.578526 -17.977998 -14.128195  -22.392164 -20.255684
  14.7793   25.614749   1.428182    1.75934 -11.573065 -13.841821 -16.778744  -13.09685   -20.65565 -18.687721
  2.70765    38.73971  21.109184  22.144769  12.049203   5.772275   5.346404  18.560655   19.181099  11.927142
  14.9286   31.542593   4.625302   5.568001  -2.982523  -9.017523 -13.593991 -16.096786  -24.299913 -24.244537
  14.9644   25.614749   4.387115   5.310653  -2.982523  -3.591427  -9.255032  -15.53092  -21.077755 -26.074875
  15.0003   31.542593   4.387115   6.516108  -2.982523  -3.591427  -2.703257 -12.051363  -19.562473  -21.78785
  23.7397  -18.161242   7.880237   3.844965  19.153008   44.86747   84.17005   31.41918     62.8708   96.41321
 23.73985  -18.161242   10.86445   17.28179  47.191169  45.907765    89.6441   63.45495   81.491025  103.49971
  11.9303 -242.499677  -6.047695   5.314079   9.181265   3.194297   0.590233 -17.615154  -34.161705 -47.913193
  11.9661 -242.499677  -6.047695   2.543349   3.747628 -16.567192  -1.494894 -29.666088  -41.449623 -59.478947
  12.0022 -242.499677  -11.81166 -12.436927  -2.534267 -17.081573  -7.400729 -32.183174  -52.052673 -63.415943
 15.26025   19.686905   4.387115   8.439156    1.25861   0.536239   5.893337   -2.53683  -12.341562 -19.729919
   1.5732   -68.24921 -57.265602 -40.061944 -50.743815 -35.740496  -28.19949 -11.003752     8.48535  28.233799
   1.5882   -68.24921 -57.265602 -40.061944 -50.743815 -35.740496 -16.790928   0.985269   14.150139  37.607261
  12.2228    9.028684 -14.503688 -11.394232  -5.380713 -18.809225 -17.666261 -30.153678  -45.745074 -52.152954
  12.2589   20.323065 -19.465923 -12.766779 -10.981585 -18.552034 -16.316006 -22.937525  -39.772722 -46.391999
 12.36315   31.617447 -22.223225 -21.253296 -18.471833 -26.936031 -16.316006  -17.13533  -25.137518 -38.619591
  13.8597   -0.890183  18.754799  12.300078  -1.855708  -9.463555 -15.486348 -13.050433   -7.945424   9.621754
  13.8656    2.729043  21.928085  10.161092  -1.766913  -9.463555 -15.486348 -12.501279   -6.915852   9.471788
  12.5153   31.617447 -24.931833 -23.399412 -24.156143 -32.526512 -22.500805  -24.18341  -25.202065  -45.98456
  12.5335   31.617447 -24.598937 -22.871963 -23.467253 -26.956375 -22.544697 -28.538279  -26.689452 -42.500453
  14.0747    2.729043   9.980307   7.553662  -2.457058 -11.011043 -18.964706 -13.582244   -9.227775    5.16962
  14.1336   13.586492   5.862507    6.68366  -7.465593 -11.498152  -18.61288 -14.114054  -12.469049  -2.543759
  14.1694   13.586492   5.221118   5.568001  -9.205478 -13.456838  -18.61288 -14.114054  -13.075129   -3.62842
  22.8407   -8.078074  13.014144  -7.935514  -4.025394  -22.53847 -39.496528 -18.870548   12.301666  50.288512
 11.18975  444.360905 -16.564943 -19.167089  -25.25337 -35.398871 -21.112521 -10.326323  -17.067151 -29.241629
  11.2078   358.62177 -13.585617 -14.691284 -24.733665  -24.98201  -19.76512   3.809597  -15.325909 -26.991333
  11.4108   -425.3678 -18.542448 -14.691284  -3.619769  12.520721 -17.656626  -3.037493  -16.914795 -48.460228
  14.4803   13.778685   8.566394   5.568001  -10.30617 -16.930248  -18.61288 -13.050433  -17.818384 -10.753237
 14.51915   13.778685   9.211731   5.395399 -10.607397 -18.533652 -17.977998 -11.795108  -12.628407  -6.163952
  14.5757   13.319522  10.748883   6.477363 -11.573065 -18.533652 -18.964706 -10.203935  -12.628407  -7.474141
    23.22   -71.10867  16.399075   1.576471  16.887163  18.203691   4.916079  -13.72422   11.892593  62.406944
 23.37525  -33.390416   10.86445   17.28179  47.191169  32.845849  30.552286  28.035474   12.301666  66.089687
  11.4461   -568.4349 -14.587437 -11.695644   9.439756 -13.887222 -17.656626 -17.615154  -34.161705  -51.90382
 11.46445   -568.4349 -14.086527 -13.193464   2.909994 -15.227207 -19.403799 -23.640621  -32.021915 -48.186711
  11.4825   -568.4349 -13.585617 -12.436927   3.747628 -13.887222 -17.656626  -9.577226  -29.882124  -46.77667
  13.2439   53.293546   1.481353  -8.635667  -7.156792  -17.32221 -19.732027 -40.064693  -37.030164 -35.183696
 23.63515  -18.161242 -15.050114  -17.48269  18.020086  41.744316  69.662301  30.233585    37.79077     84.231
   1.3283   51.326675 -35.937528 -27.369675  -64.85236 -68.836624  -43.31646 -34.042763  -25.255136  23.676096
  1.34625   51.326675 -35.937528 -22.349692  -57.98554 -60.982959 -39.883437 -29.810631  -18.592602  14.833846
 11.70305   -568.4349  -3.275682  22.649813  12.687904  11.543221  -3.552744    -7.0597  -22.586277 -28.407117
 11.73885  -496.90135 -11.621706  13.549477  10.943316   5.540393   0.604456  -5.652576  -22.586277 -29.147016
  11.7572   -425.3678 -18.542448 -12.436927   9.439756  -8.335503   0.295241  -6.549879  -25.552092 -33.828896
 13.39375    30.42498   5.085809   2.795317  -8.181135  -10.59189 -21.578604 -35.467709  -28.324797 -26.274385
 13.46525    30.42498   5.693027   3.266604  -6.664717  -7.442962 -19.858868 -33.021335  -28.324797 -26.274385
  13.5186   19.810772   6.117575   3.928641  -3.985077  -6.382679 -19.732027   -32.8907  -29.838681 -27.890881
   1.4233    28.92292 -42.514008 -32.827778  -51.11872 -38.888138  -34.56457  -16.95521   -7.042004   23.94223
  13.6861     6.99903  13.881791  13.353864   0.466325  -7.900008 -19.858868 -25.622379  -25.181328 -18.421509
  13.6867    5.900261  15.714815  13.725129  -0.278433 -10.740709 -17.498116  -23.32698   -23.26796 -13.284678
  13.7636     6.99903  13.881791  14.096395   2.025892  -7.900008  -16.62464 -22.305335  -19.857094   -7.13774
 22.46155   55.770798  28.338001  -6.119892 -36.495855 -61.820598 -45.324532 -22.896757  -11.751834 -18.863017
 22.58085   54.952522  28.338001   3.392092 -13.081392 -41.200832 -45.324532 -20.300315   12.278852  36.385008
  10.6519   530.10004 -32.196766  -27.41467 -53.272354 -47.022606 -53.774307 -46.022663  -33.397617 -26.991333
    10.67   530.10004 -31.128408  -32.81713 -48.232132 -45.494376 -46.798783 -48.289361  -44.238747 -31.559719
  10.6881   530.10004  -21.08742  -29.39716  -43.19191 -43.966145  -39.82326 -46.022663  -38.328636 -39.519794
 13.89545   24.443941  23.392319  10.503761  -1.811311 -10.102132 -16.125302 -13.582244   -7.945424   8.034399
     22.7   54.952522  16.399075   1.576471   5.089471 -33.098824  -43.06517 -16.583755   12.665111   38.17008