    tempo          80        82.5         85       87.5         90       92.5         95       97.5        100
   3.7008  -61.753693  -32.983044 -29.428654  -8.746367   3.612843  -1.472883 -12.109528 -22.360142 -23.202417
   3.7367  -39.914849  -32.026516  -16.36699  -6.790659   3.967354  -1.472883  -8.046886 -22.054561 -29.680446
  15.9258    2.655131    9.240121  10.966716  12.677035  12.534438  10.860043  11.411974  -4.056641 -23.990451
  15.9375    2.655131   16.716214  16.726164  13.570689  13.771239   6.454046  10.427095  -6.896159 -23.096445
  15.9492    9.568935   17.554858  17.556955  14.511271   9.733887   3.039634    7.02587  -7.049913 -23.096445
 19.17985   15.494581   12.561346    5.18948  10.397294  32.545767  45.180327  27.721655  11.127807  -1.750787
  19.1981    25.52676   13.366007   5.343032   12.01586  30.783596  48.410034  19.663944  -1.318769  -0.373356
   3.7481  -51.565077  -32.983044 -29.428654 -11.786461  -4.885764  -9.840523  -7.891605 -22.861413 -33.153712
  3.77775  -42.863213   -32.50478 -28.029169 -14.959143  -17.04333 -20.613622  -1.088366 -21.748981 -27.969961
  16.0208   -1.032945   18.290247  17.556955  11.876382  13.771239   8.235649  10.558852   0.765928 -17.051422
 16.16155   -1.032945   21.080679  17.772682  11.912129  13.886266   7.344848  12.352139  -0.250339  -25.10896
  16.1975   16.978256    23.46021  19.567394  13.391445  11.852592   3.039634  10.427095  -4.091487 -25.333462
 17.82705     2.51406   27.558116  33.128782  33.270432  21.765397  17.284147  12.418359     11.503   0.297828
  17.8514    1.803024    26.91861  26.157911  30.012371  24.379993  22.858543  20.282396   11.55109   0.533428
   4.0493   -60.26694  -46.504217 -28.200423 -14.008235    5.63533  24.053807  14.723689 -22.054561 -42.715412
   4.1554   -61.81988  -46.504217 -28.200423 -14.008235    5.63533  24.053807  14.723689 -22.861413 -42.715412
  16.2564   28.024732   22.754889   19.51718  17.274025  13.886266   5.987088  12.721749   5.071239   -7.18579
  16.3628   26.630594   22.378708  18.843557  16.180976  13.886266   6.644087  12.721749   9.761692   3.586445
  16.4693    4.537642   22.200565  16.970159  16.180976  13.886266  12.295706  12.721749    8.02259  10.344716
  17.8992    1.803024   16.041794  17.544678  26.539536  13.647995  17.280804   3.498412   11.55109   0.062228
 17.99305     2.51406   16.041794  16.921401  24.598879  12.238779   9.543544   3.819409  11.703241   0.952326
 18.08705    1.803024   13.149385  16.921401  22.430889  11.032383   9.543544   3.204868  11.703241   0.952326
   2.8978  -49.712143  -52.022651 -47.522194 -23.912155  -0.499449  -9.468064 -16.597118 -24.234903 -22.145947
  18.1586    1.803024    4.577244  15.446171  21.169292  13.647995   21.77282   4.140406  11.855392  -6.678245
 18.25905  -65.214724    0.874207  11.338931  12.494802  14.194165  19.526812  12.211401  11.928839  -8.794996
  18.3592  -135.89185   -6.709572  10.658337  11.081569  13.647995   21.77282  -8.757586  -3.630386 -12.374122
  3.08625  -62.754082  -54.288153 -46.426082 -17.069548   3.059443  -8.971429 -18.740444 -31.458761 -25.150803
   3.2053  -65.146025  -52.911476 -45.533127  -15.65904   3.412247  -8.926004  -17.30282 -32.333373 -23.182554
  15.2283  -22.976467   -6.754563  -0.023075   5.700125  13.975203  33.400475  24.245068   6.765178  -0.772655
 15.35845   -25.03801   -4.925432   2.047983   8.156249  14.845543  33.725742   18.91943    5.77006  -2.836235
  15.4169  -19.708782   -1.477329    4.29534  11.553934  17.030193   34.05101   17.88935   0.716444  -7.778229
  18.5665   15.494581      9.7571   8.443537   9.930149  17.630736  33.712086   -1.12527  -2.359943  -6.879848
   3.4408  -62.754082  -49.148694 -45.150493 -17.069548  -0.499449 -12.206649 -12.701085 -25.998228  -1.658622
   3.4769  -62.235569  -48.330517  -45.13332 -18.480057  -2.291567  -14.17953 -13.360743 -29.636314   -4.78723
    15.63  -18.368328    2.841194   6.937498  11.556539  14.914986    29.0862   16.43534  -2.467451 -21.144535
  15.6775  -17.153301    3.348785   5.446363  11.840634  13.595744  20.264001   8.774039   -6.74421  -22.12049
  15.7244  -15.343869      4.9225   5.446363  11.840634  13.595744  14.784153   8.726483  -6.667333 -24.081721
  17.3022  109.502713    26.91861  48.995243  45.602046  23.790893  16.450582  17.168446  18.830902  17.427159
 17.33805  109.502713    29.42719  48.995243  44.993518    8.08975  11.214527  10.125173  10.132286  17.427159
  17.3675   105.79513   28.812406  45.614082   43.13571  10.155651  13.973717   4.554321   11.45491  14.907841
   3.7367  -42.863213   -32.50478 -22.897822  -7.768513   3.790098  -1.938913 -10.078207 -22.360142 -34.864197
 15.94905    2.655131   17.163942  17.341228  14.105854  10.793239   4.279882   6.264039  -7.111636  -22.12049
  15.9617    2.655131   17.554858  17.556955  13.391445   8.019319   3.039634    7.02587  -7.049913 -23.096445
  17.5914   42.442205   34.746066  52.376404   43.13571  12.568443  17.280804  20.282396  11.855392   8.374611
 17.62735   23.295043   31.596137  49.913315  33.688291  13.108219  15.627261  10.125173     11.503   3.457006
  17.8156   10.283115   28.812406  45.614082  33.399986  13.647995  12.096603   4.140406   11.45491   0.533428
   2.4019  -14.120092  -22.661299  -7.561181  15.736071  25.161122  17.230524  -2.248143 -21.769851 -40.131683
  2.63765  -14.120092  -24.157369  -8.389868  -0.000277   3.769679   5.559388 -13.896785 -24.234903 -46.551388
  14.5556  -10.679252  -13.173038  -3.096263  -3.042279   1.167855  10.536406  10.061584   11.84932   7.863542
 14.59155  -22.586387  -14.373253  -3.096263  -4.697035   1.772509  11.323287  11.486313  11.238885   6.094499
  14.6269  -26.118725  -13.773146  -4.190106  -5.465945   5.179558  13.956862  10.462558  10.325791   4.858779
 17.85725    1.803024   27.558116  22.936179  26.347973  21.765397  19.526812   4.347364  10.180376   0.303153
  17.8633    1.803024   18.934202  19.714447  26.539536  21.746908  17.280804   3.498412   8.809662   0.062228
   2.6736  -17.943796  -32.357453 -25.081333  -0.000277  13.916871   9.509313 -10.575195 -18.701897 -36.458454
   2.6847  -28.315978  -44.621605 -46.224327  -5.513148   3.154477  -1.769423 -15.480674 -24.234903 -31.510407
  14.8269  -26.118725  -15.017757  -9.994055  -5.686657   5.288994   13.99634  15.558835   6.765178   4.858779
   14.885  -19.318702   -8.108622  -2.539898   -0.04705   7.592428  22.791231  15.869986   6.765178   8.156386
  14.8989  -16.193411   -1.563503   2.369566   -0.04705   7.592428  23.769764   19.94951   9.992506   8.156386
  16.4333   15.584118   22.377796  20.345886  18.665579  17.604853  14.342871  12.439182   6.712681  -4.325763
   2.9092  -56.384727   -55.66483  -52.64108  -46.88523 -27.045887 -10.233767 -20.178068   -21.4684 -13.859293
  2.95055  -57.144756  -59.532998  -50.38497 -38.114742 -14.668727  -10.07652  -22.80542 -24.913773 -19.802748
  4.45115  -65.594845  -44.584676 -42.544032 -20.221011   2.657424  -4.127776  -5.989432 -26.239434 -36.281725
   4.5631  -65.594845  -63.180817  -58.45838  -21.17192   -2.34297  -7.141973 -17.693739 -29.116184 -41.120224
  15.0986  -18.368328   -7.340527  -4.168964  -3.039718   7.575404  23.945473  22.733484  11.386105   8.156386
  15.1456  -19.583355   -7.340527  -2.931935  -1.715902    4.68965  25.529814  22.981687   9.629306    3.62306
  15.1708  -16.303759   -5.568957  -1.911463  -0.392086   7.575404   23.78535   19.94951   6.765178   2.575371
  16.5278   26.630594   22.377796   16.59909   2.491486   3.894426  15.491291  15.696024  22.672834  17.152834
  16.5636   26.630594   22.023335  20.345886  -1.855395   3.894426  15.491291  13.004315  22.672834  17.152834
 16.75205   26.630594   22.200565  24.524897  13.841234   3.643871  15.552483  14.350169  20.788238  16.389293
   1.5628  -19.260859  -10.835044   6.976082  28.208633  36.910957  22.791693   5.645707  -8.203786 -12.272254
   4.5992         NaN  -25.988535 -26.629684 -19.270102   7.657818  -1.113579   5.714874 -23.362684  -59.69553
   4.7171         NaN  -33.450883 -16.418039  16.852587  23.533034  32.284586  34.488214   0.607886 -40.457797
  13.7575   29.105783    4.257675   3.202182   4.565092   1.723931  10.529006   3.189902  -0.890626 -23.704399
  17.0418  109.502713   24.973338  41.142666  27.118832  -1.706659   7.437696  16.836652  27.275911   25.36709
  17.0953  105.922655   24.266514   36.67125   32.36226   6.023849  15.613675   17.97728  28.344929  28.443176
 17.28405  105.922655   26.536009  48.995243  38.138294  17.163013  17.685418  17.168446  27.275911  17.427159
   1.7221  -18.641115  -11.198089   0.319846  20.657755  31.240747  24.167614  12.881749  -18.73536 -27.291606
   1.8703  -11.445166  -10.835044   1.651423  24.414135   32.96258   21.17404  16.312756 -16.675182 -33.805026
 13.89265    9.750055   -1.743401  -0.303921  -2.369556   -1.65604   14.32506   3.189902   1.083379 -30.466625
  14.0594    8.804726    1.785273   0.644107  -1.058219   1.741123  10.964261  -6.680661  -1.132012  -28.46463
 14.08165      5.2108   -7.576433   0.823514  -0.344248   4.795947  10.094593  -4.068305  -4.284053 -27.667541
  17.5556   67.522042   31.596137  48.995243  38.556154    8.08975  14.793696   4.150971  10.132286  11.641226
   2.1419   -6.343204  -10.835044   9.108206   27.79192  35.648895   29.65074   9.450741 -24.837805 -52.468571
   2.3661  -11.445166  -11.561133   7.544596  26.068878  33.795998   29.02555   2.386597 -24.837805 -49.927513
   3.7368  -51.565077  -38.867775 -29.599908 -10.266414   3.790098  -1.938913 -10.078207 -27.759153 -34.864197
   14.295    2.562203   -8.814972  -0.094784   3.771219   5.179558  10.964261   7.821287   6.504664  -7.178055
  14.3365   -1.460158   -8.108622  -1.374124   2.070471   4.795947  12.414963   7.756371  10.903612  -4.953565
  14.3531   -2.304456   -9.515705  -2.539898   -0.04705   4.412336   12.06309   7.887081  11.386105  -0.620375
  15.9675    3.596386   17.945774  17.341228  12.677035  10.793239   5.987088   6.264992  -6.973036 -23.990451
  15.9847    2.655131   17.554858  17.556955  11.876382  11.852592   8.235649  10.558852  -4.091487 -23.096445
   2.6378  -16.795017  -28.287315 -11.682472   1.879921   3.937042   5.731618 -15.069933 -24.536354 -47.133429
   3.7958  -42.863213  -32.983044 -29.428654 -19.270102 -16.364103 -20.203632   5.714874 -18.592158 -31.443226
  14.6272   -26.74655  -14.434466  -8.349228  -4.962077   5.499044  16.099717  10.506162  10.520675   7.863542
  16.1975    4.537642   22.983427  19.567394  13.391445  13.771239   5.520129  10.558852  -3.326369 -24.884457
  16.1978   26.630594    23.46021  19.981746  14.511271  11.852592   5.520129  10.558852  -3.326369 -24.884457
 16.22695    4.537642   23.211964  19.617607  14.916688  12.811915   5.987088  10.492973  -2.271746 -18.377329
  1.04875  -23.364215   -2.137513     22.119  49.518586  40.746361  15.441164  -4.597929 -16.491048 -14.448161
   1.0669  -20.199286    4.940759  26.818655  48.424637  41.289803  18.007553   5.645707  -8.146228  -12.19111
  4.26165   -61.81988  -37.775802 -28.200423 -14.008235    5.63533  -1.293231  -1.166006 -25.560918  -37.99221
  13.2919  -12.594215    3.489762   4.206752   4.682126  -1.155278   8.823491  -0.486503  -9.867563 -21.648155
  13.3031   -6.157914    6.035759   7.080885   5.239278   4.760822   8.823491  -0.486503  -8.732106 -21.648155
  13.3136  -12.594215    3.489762   4.787132   4.062651   1.993494   6.433664 -10.100834 -10.644304 -21.648155
  16.4808    4.537642   22.200565  16.970159  14.511271  10.190359   6.644087  12.721749    9.04004  13.350856
 16.48095   15.584118   22.200565  16.970159  14.511271   7.544773   6.644087  13.377136   9.761692  13.350856
   1.3025  -22.772154    4.492475     22.119  47.356102  40.746361   13.04646    5.56181  -5.198434  -7.984976
   1.3383  -20.199286     4.04419  17.419346  46.287567   40.20292  19.351038   5.645707  -8.203786  -10.40878
   2.9919  -57.904785   -55.66483 -46.915527 -29.344254   1.292669  -9.016855 -20.178068 -30.121174 -24.489145
 13.53835    1.541843    3.306912   5.947902   4.008411  -5.443877   8.451382   7.756371  -8.393919 -26.197501
  13.5633  -12.594215    1.225048   1.863044   4.565092   -4.87831   10.09375   8.873194  -8.732106 -28.430012
   13.585    1.541843    3.094028   1.863044   2.769358  -8.036184   7.662221   4.140501  -8.732106 -27.592834
  15.1456  -18.368328   -7.296644  -1.983532  -0.392086   7.575404  23.945473   19.94951   6.765178   2.575371
   1.5685  -19.301158  -11.198089   0.319846  19.492451  33.942134  24.167614    7.94335 -16.675182 -15.868561
   1.5739  -12.765253  -10.835044   1.247376  24.414135  34.921688  27.161188   9.450741 -17.705271 -17.682539
   3.2281  -62.235569  -48.330517  -45.13332 -11.786461    2.70664  -9.919273 -13.360743 -31.458761  -7.915837
  13.7631   30.423058    6.250172   3.722824   5.231196   1.741123   10.09375  -6.680661   0.590567 -24.115755
  13.8046   29.105783    5.678963   4.748101   5.239278   1.867309   9.458621  -7.643229  -1.792822 -28.028732
   13.835   30.423058    5.066671   3.722824   5.121774   4.412336  10.964261  -6.682939  -1.132012 -29.418453
  15.3942   -22.43611   -1.477329   4.190526  11.553934  17.030193  36.471508  24.245068   0.716444  -3.673883
  15.4303  -19.708782    2.333603   6.980591  11.556539  15.073011  30.156437  17.334366  -2.467451 -12.665993
  15.4889  -18.368328      4.9225  10.966716  11.559145  14.993999  28.385693  15.997087  -1.842287 -14.928668
 12.48665   -32.82461    0.242622   4.322474   4.321773  17.881704  17.326493   4.330617 -16.468938 -42.632412
  15.7019  -16.637726    5.546562   8.428633  11.912129  13.595744  20.264001   6.264039   -8.33456 -23.187714
 15.74235   -15.23352    5.546562   6.881278  11.912129  12.534438  13.358638  10.492973  -4.867081 -23.187714
  15.8897   -4.721021    7.518224  13.722487  13.570689  13.771239  15.245731  14.912128  -3.295656 -24.884457
   0.5347  -33.503395   -31.79646  -8.045853  -8.249136  -9.667496   -9.20961  -8.211167  -10.82896  -8.461878
   0.7703  -33.503395  -22.634281  -1.947372   22.04841  16.172523  -2.439962  -23.15443 -22.290696 -11.651808
 12.61695   -6.480674   13.474495  16.421667  14.751629  23.843916  18.138581  -7.887583  -15.71863 -15.482252
  12.6881  -17.950058    9.426695  11.753833  12.483325   22.01719  17.135553  -9.047039 -15.293889 -16.253325
  12.7061  -29.419441    2.513996   6.204176  10.236195  20.791177  17.269503  -3.607315 -12.437001 -17.024399
  14.3422   -2.304456   -8.814972  -0.428063   3.771219   5.288994  13.956862   7.691454  10.715559  -2.672172
  0.91845  -29.424208   -16.50099    13.2307  38.567467  34.585526   7.204313  -6.536627 -16.491048  -9.394757
   1.0308  -23.364215   -3.524266    13.2307  38.567467  37.562304  10.259939  -4.597929 -16.491048  -12.19111
  12.9956  -30.498942    0.066451   4.322474   7.539623  12.353083  11.836472  -9.047039 -10.644304 -12.359433
   13.019  -15.526126    3.489762   8.213869  10.482594  15.982028  13.024424  -9.948255 -11.291107 -13.467779
  13.2203  -15.526126     6.44329   8.346152   9.200273   5.045378  11.836472  -6.728127 -10.644304 -15.278665
  14.6136  -22.586387  -14.373253  -3.096263  -3.262082   5.499044  13.976601   8.773846    8.92561   6.094499
  14.6381  -26.118725  -13.773146  -4.190106  -3.039718   7.592428  22.791231  12.422861  10.715559    6.97902
 14.64955   -26.74655  -15.719659  -9.321756  -5.576301   5.499044  16.099717  14.120465   8.015642    3.62306
   2.8146    -32.4449   -49.70644 -46.624691 -12.970966   3.059443  -2.385377 -16.597118 -24.536354 -25.150803
  13.3318   -5.526186    4.257675   3.626363   1.767496  -3.016794   6.260426  -9.607491 -10.255934 -22.470599
  14.8856  -19.583355   -7.340527   1.103497   -0.04705   7.592428  22.791231  17.849436   9.266106   8.708835
  14.9208  -17.153301   -3.741541  -0.717463   -0.04705   7.592428   23.78535   19.94951   9.992506   8.156386
  14.9569  -19.583355   -4.706862  -0.681429   0.316255  13.216284  23.945473   19.94951  10.325791    6.97902
 23.69555   150.24243  120.257695  68.850834  61.250314  40.162849  25.872427    34.0139  53.963722  75.411361
  23.6958   146.47305   118.90484   78.45631   80.68812  48.287117  26.449314   24.16832  37.643074  59.904453
   0.4989  -33.503395   -31.79646  -8.045853   22.04841  16.172523 -24.601162 -29.110714 -41.163925  -8.461878
  11.6775  -41.802092  -25.150705 -24.512466 -15.253517 -15.436462  -17.35081 -20.403164 -26.802069 -49.816644
    11.79  -36.418589  -21.167632 -16.080215 -12.724338 -15.436462 -13.215401 -20.403164 -32.828386 -55.260857
 11.90235  -43.640107  -21.018966 -16.080215 -12.724338  -11.59542  -5.572124 -20.128292 -32.828386 -58.687895
  15.1814  -18.368328   -5.568957  -0.691722   0.316255   7.592428  27.685186   19.94951   6.628214   2.575371
  15.1925  -22.976467   -6.212483  -1.301592   0.130916  10.617801  29.229505  24.359324   8.015642   0.976861
  23.7136  130.487475  104.816215  93.155519    82.9026  52.882129  27.746175  17.246668  28.189119  52.318461
  13.8103   30.423058     6.64805   6.851911   5.417461   1.993494  10.964261  -6.680661   0.590567 -26.870453
 13.84055   29.105783    5.025588   3.674593   4.565092   4.850665  13.002748  -2.220679   0.920385 -27.592834
 13.88205   18.769281    2.333209   0.823514  -0.344248   1.723931  13.002748   3.189902   1.567566 -29.418453
  12.4992  -28.022015    7.996202   6.030218   8.115123  21.567022  20.824263    2.86488 -16.794504 -36.777228
    12.51  -19.652642   15.868585  19.775928  14.484056  34.740192  24.210968  -6.728127 -16.794504 -33.124721
 12.52805   -6.480674   21.144331  25.556641  16.578183  40.181391  19.848986  -9.573937 -16.468938  -29.79932
 14.05955    7.859397   -5.438106   0.823514  -0.344248   1.723931   8.443573  -7.643229  -4.284053 -29.512802
  14.0953    2.562203   -7.576433   0.644107  -1.058219   1.741123   9.224924   2.239303  -1.132012 -24.115755
  14.1531    0.973171   -8.814972  -0.094784   0.369722   5.179558  10.964261   7.821287   3.404566 -10.890207
  23.1631   154.01181   108.73105  14.697659 -26.634438 -63.332233  -62.20102   66.38891   85.23639  85.018715
 10.98635  -43.336937  -35.889274 -27.128889 -13.715307   0.167747  -1.195529 -10.078336  -10.88168  -9.493048
  11.0808   -41.70079  -36.515858 -27.450512 -10.645727   5.052937  -0.843552  -8.537078 -10.798313  -4.168725
  14.3475   -1.460158    -8.42147  -1.374124   2.070471   5.234276  12.414963   7.756371  10.903612  -1.934289
  14.3669   -2.304456   -9.822935  -4.190106  -1.388518   1.741123  10.489327   7.691454  11.091664   6.094499
 14.42485  -19.054049  -14.403859  -8.349228  -3.042279   1.150663   8.843023   5.154577  11.238885   6.660157
  23.1992   146.47305   108.73105    35.3073   8.780884  24.439283  21.115799  58.864098  82.698074  85.018715
  23.4344   150.24243  113.817945  47.276329  30.121214  26.561691   25.29554  58.864098  82.698074  85.018715
    11.37  -40.165945  -36.853916 -28.356197 -10.645727  -0.789154  -0.467352 -17.553478 -23.051986 -20.690948
   11.406  -40.165945  -35.889274 -27.450512 -12.724338  -4.690821  -1.520883 -20.403164 -22.347003 -31.810905
  11.5239  -43.336937  -36.853916 -28.356197 -16.784887 -11.131335  -8.882922 -15.991202 -14.568217 -35.035522
  13.0314  -15.526126    4.257675   9.459347  10.863198  13.777543  12.106442 -10.100834  -11.93791 -12.359433
  23.5828  154.504965  120.257695  68.850834   58.65346   37.43251  23.205669  51.361789   77.76038   85.57777
  23.6953   154.01181   118.90484  59.245358  41.812508   32.03858   25.29554   43.85948   70.28437   80.23727
  11.6594  -44.973083   -24.47761 -24.677347 -13.988927  -7.156486 -14.169346 -20.443518  -27.08152 -43.830456
  13.3497    1.541843    3.489762   4.787132   2.887953  -1.155278   6.433664  -6.680661  -8.732106 -23.293043
  13.4914    1.541843    3.306912   4.787132   2.887953   -4.87831   6.433664  -0.486503  -8.732106  -24.29133
 13.57415   -5.526186    2.881144   0.099725   4.008411  -5.443877   8.451382   7.756371  -9.299834 -28.447321
 13.60265    5.645949    2.881144   0.099725   1.767496  -7.022814   7.870747   3.189902  -7.085104  -26.71293
  13.6864   18.769281    3.306912   0.644107   1.767496  -4.948565   7.870747   3.189902  -2.202975 -24.203542
 10.72015  -52.521807  -12.499538  -4.919711   3.597995   3.592495   4.202239 -11.640612 -22.515354 -22.011297
    10.82  -50.701664  -20.166072  -6.451762   -5.46979  -4.717442   9.951985  -7.151887 -19.581354 -20.170464
  10.8379  -46.201227  -29.837533 -15.649194 -12.340537  -9.352934  10.549902  -3.959716 -14.956909 -15.624502
  13.8828    8.804726    0.911867   0.517998  -1.388518   1.741123  13.956862   4.140501    1.88493  -28.46463
  10.8558  -50.701664  -24.412376 -24.106754  -7.896187  -4.717442    3.67678  -7.151887 -19.115505 -14.825082
  10.8739  -47.837373  -35.889274 -27.881194  -9.270957   6.278864   1.416614  -7.844482  -10.88168  -9.493048
  12.5458   -3.101144   19.703502   21.99402  14.484056  34.740192  17.403452 -10.100834 -16.143372 -21.317237