    tempo         80       82.5         85       87.5          90       92.5         95        97.5         100
  10.3343 -54.070793 -42.200157 -26.955006 -17.581179   -1.046816  -6.429399  -1.279952  -28.819344   -18.69766
  10.3344 -51.659258 -42.270158 -25.071937 -16.381584    2.601941  -3.724006   3.464819  -24.387625   -16.90219
  11.9886  12.155883   8.275069   4.877997  29.170511    25.74192  13.621937  -6.437342  -18.412909    -3.56395
  11.9886   -6.31847   1.612501  -6.159617  22.353306   21.771545  21.292679  -4.569328  -18.412909    -3.56395
  22.5619 -47.273052 -52.403218 -56.811577  16.612106    7.830693  10.842682 -37.287373  -30.381783    9.427464
  22.5978 -47.273052 -52.403218 -56.811577   24.63285   13.747196  11.962721 -37.287373  -30.381783   10.567946
    22.62 -47.273052 -52.403218 -56.811577  46.238155   30.685419  14.157039 -40.432418  -35.424608   13.037154
   0.3543        NaN        NaN        NaN  -9.606147    8.400401  55.667092  74.246398   69.038989   62.038945
  10.4861  -57.95657 -42.200157 -37.308292 -21.503672    0.920127  -3.547059   6.393604  -23.266666  -18.322899
   12.265 -11.783041 -19.426537  -7.826125   5.590749   16.861629   23.64328   0.684271   -8.207733  -10.404636
  12.3008 -18.287931 -45.245505  -9.121304   5.465822   18.104523  24.367056   5.576956   -0.829274    -3.56395
  22.7579        NaN        NaN        NaN   80.92411   45.933808    23.7573 -18.805536   -12.36726   23.140053
  22.8022        NaN        NaN        NaN   94.00476   46.707108  26.039871 -21.009392  -11.734329   24.983616
  0.47445        NaN        NaN        NaN   5.821629   18.575867  66.906367    84.9673   92.621235    96.23128
   9.1654 -54.704662  -30.79282  -33.98351 -13.828964   -9.555546  -6.721431 -19.922984  -38.800686  -44.715126
   9.2686 -54.704662 -32.111088  -33.03347  -2.439641   -7.725351  -5.506348 -19.944479  -38.800686  -44.715126
  12.4214   0.973952  -46.80683 -17.045784  -3.717824    6.008909  24.259589   0.684271   -8.329978  -27.936737
 21.37545    77.7267  20.880627  18.415531   2.265736   -8.606757 -12.063016 -23.065622  -29.780262   -4.239693
  21.4111    77.7267  20.880627  18.415531   7.504746   -3.376213   -9.40188 -22.829983  -25.828051   -1.498779
   0.5283        NaN        NaN        NaN  16.252686   18.624607   72.31038  120.88229   177.31424   160.10165
   9.5811 -41.268246 -41.115503 -13.692691 -18.706373  -11.845461  -6.721431 -19.944479  -38.800686  -44.215908
   9.6608 -40.068376  -42.34016   -9.26123 -14.581186   -7.725351  -3.724006 -19.944479  -38.800686   -43.89908
  11.2356  31.697256 -11.106983   4.457146   24.78992    7.779287 -11.408554 -10.479687  -22.439808  -18.048859
  11.2397  47.955807 -11.106983   1.895165  10.393818    6.857398 -11.408554 -10.479687  -21.059593  -18.048859
  21.7372  189.66957  31.144698  21.487379   7.504746  -13.631673  -30.71222 -24.788826  -26.128811  -34.900245
  21.7553  189.66957  31.144698  21.487379  -0.055707  -35.198355 -34.734326 -23.809404   -21.87584  -31.025135
  21.7733  189.66957  31.144698  21.487379 -30.875507   -55.80082  -37.98977 -25.881182  -26.128811  -26.979084
 23.40975        NaN        NaN        NaN   33.85759     73.7559  66.895298  78.923128   71.656368   83.724685
  23.4278        NaN        NaN        NaN   43.08233    90.11752  78.931984   80.00262    77.26802    84.42143
   9.8778     3.4434 -15.344295  -7.682867  -1.836684   -4.885914 -10.863547 -24.420719  -37.603118   -41.77927
   9.8975 -36.597343 -35.866634 -18.124153   -6.24197   -6.677664 -10.863547 -22.424339  -36.269115  -29.489038
  11.2756   51.32308  16.208741  12.425005  28.458021    7.334962  -11.34504 -20.302819    -21.7497  -16.821939
  11.4758   51.32308  16.160948   16.57959  31.919569   18.866879   -8.90745 -19.579632  -22.439808  -16.398556
  21.9244  189.66957  146.27234   78.81696   -52.1344  -63.408897 -54.375874 -31.915241   -21.87584  -13.268955
  22.0315  189.66957  146.27234   78.81696 -25.795179  -50.385763 -42.642577 -28.898212  -14.484764   -9.462856
  22.0675  189.66957  146.27234   78.81696   2.017491  -22.630261 -34.734326 -28.898212  -14.484764   10.162162
  23.4672        NaN        NaN        NaN   43.08233    90.11752  78.931984   88.46524    89.18301   166.45093
 23.48515        NaN        NaN        NaN  29.724596    95.55798  70.332696  83.154438  107.690655   167.20478
  23.5031        NaN        NaN        NaN  52.003098   100.99844   85.80678   88.46524    126.1983   167.95863
     8.48 -43.070606 -32.637659 -32.491175  -17.01158  -19.995314 -19.704384 -31.160398  -46.228043  -60.991497
  11.7522  47.955807  18.899258   16.57959  31.919569   21.771545   -8.90745 -27.653503  -24.785206  -11.552401
  11.7883  13.730945  13.518225   16.57959  31.919569   23.290806  -5.930618 -10.479687  -18.412909  -11.211037
  8.79205 -54.816936 -30.912962 -32.361702 -17.785007  -15.608073 -16.682006 -28.728104  -51.813396  -61.710545
  8.87125 -54.816936 -34.760241  -33.98351 -19.742283  -15.608073 -14.804801 -21.005787  -42.467747   -58.55172
  20.8975  -5.837994  -18.61134  -15.70561 -20.790958  -33.005869 -49.176728 -54.766245  -56.411957  -18.125248
  20.9225  -5.837994  -18.61134  -15.70561 -20.790958  -32.744533  -43.32581  -50.42186  -53.378068  -10.063337
  20.9478  -5.837994  -18.61134  -15.70561 -19.254309  -31.529602 -36.416551 -44.182541  -50.255333   -7.316443
   9.0328 -56.908775  -45.53713 -41.580128  -22.83156  -12.591067  -8.765769 -19.214218   -29.14847   -43.71669
  9.05095 -54.816936  -35.17795 -37.081336 -19.742283  -11.845461  -8.351141  -19.90149  -30.862043  -45.550633
  10.4861 -58.105865 -51.429815 -38.683968 -23.392103   -4.219337  -4.780489   6.185346  -24.387625  -22.152431
  10.6468 -58.105865 -44.031336 -33.472972 -11.294123    2.382764  -1.382581  11.298984  -20.437141  -22.638895
 21.08085 -24.537485 -16.691477 -10.188648   -18.2367  -18.697772 -31.133331 -35.648651   -53.48344   -45.13005
  21.2239 -24.537485 -16.691477 -10.188648 -11.883957  -15.345278 -25.910004 -28.180782   -47.53151  -41.952703
    21.26 -29.376827  -18.61134  -15.70561 -10.518929  -12.388709  -24.77491 -27.462778  -43.306267  -34.900245
  22.8025        NaN        NaN        NaN   95.38288    57.39428  27.331747 -21.009392  -11.585491   27.688221
  22.8383        NaN        NaN        NaN     96.761    63.70537  38.667202 -13.132111    4.563789   27.688221
  9.26875  -52.50055 -39.067829  -33.98351 -13.828964  -11.845461  -8.351141 -21.005787  -38.861263  -45.645588
  10.9633 -49.247723 -12.229274  -4.416332  -4.737664    6.240641 -20.216908  -1.685688  -25.508583  -26.205368
  11.1994  -42.97198 -11.177122   1.895165  10.393818    8.305721 -11.408554 -14.991757  -28.819344  -18.048859
   21.479    77.7267  20.880627  18.415531    7.25741   -9.128325 -15.742321  -20.73492   -21.87584   -4.616173
  21.5367  189.66957  31.144698  21.487379   7.010074   -9.624194  -17.22964 -22.829983  -25.828051  -20.243996
 22.89625        NaN        NaN        NaN   33.85759   60.549825   33.06458  25.807018   28.242244    56.85314
 22.93225        NaN        NaN        NaN  68.543545    67.36082  35.560176  25.807018   28.960612   71.505165
  23.0525        NaN        NaN        NaN   95.38288   74.172537  49.323608  25.807018   28.960612    73.74198
  8.00295 -50.190137  -46.31662  -44.10707 -30.603622  -31.742969 -36.409437 -37.744678  -35.946293  -49.597126
  8.04225 -32.467982  -36.69705 -33.292416 -29.201294  -31.742969 -31.771529 -32.143999  -36.427822  -55.324951
  11.2397   51.32308   14.01409   3.176156  17.591869    7.318342  -9.548848 -12.735722    -21.7497  -18.939129
  20.2121 -19.067368 -17.712917  -16.39721 -29.154058  -57.123885 -63.133904 -55.556567  -46.724193  -13.105403
    20.23 -19.067368 -17.712917 -16.563453 -29.411604   -56.66943  -63.08268   -55.2185  -43.193054  -13.400576
 20.23015 -19.067368 -17.712917 -16.563453 -29.825527  -57.722632 -63.133904 -54.766245  -46.724193  -14.174898
  23.4475        NaN        NaN        NaN  47.542714    91.75478  82.369382   84.23393   83.225515  124.739435
   8.1175 -32.467982  -36.69705 -33.292416  -21.29898   -29.51314   -34.1796   -33.1276  -48.932274   -58.55172
  8.26135 -43.070606 -36.128766 -32.572775 -27.517284  -29.814624 -30.407569   -33.1276  -48.932274  -61.052776
   9.9336 -43.192325 -39.436627 -21.499071 -14.581186   -7.725351  -9.344051 -17.791784  -35.514072  -21.777669
  20.3453 -11.373863 -13.808024 -10.875072  -29.04915  -53.823698  -65.56135 -60.964958  -53.554139  -14.949221
  20.4344 -11.373863 -13.808024 -10.875072 -28.046029   -47.78338   -66.0412 -62.370014  -56.411957  -18.255522
  20.4706 -15.220615 -14.204039 -12.689137 -29.489793  -47.054684   -65.0815  -68.14265   -57.52008  -18.255522
 22.08545  189.66957  146.27234   78.81696   7.539672  -13.302899  -28.51854 -28.898212  -14.484764   10.567946
  10.1739 -51.659258  -47.42075 -31.817183  -30.27306  -12.521703  -8.592558  -1.685688  -29.167923  -26.433785
    10.21 -49.247723 -44.024415 -30.585627 -25.280533   -5.629976  -8.592558  -1.685688  -28.819344  -22.152431
  20.6211 -25.828466  -18.61134 -16.729696 -29.154058   -46.44613 -61.165195 -62.370014   -53.48344  -17.948269
  20.6664 -25.828466  -18.61134 -16.729696 -29.255733   -45.65809 -60.472949 -55.556567  -51.764015  -13.879725
  20.7469 -15.716089  -18.61134 -16.729696 -29.154058   -44.87005 -58.190918  -61.96832  -56.411957  -13.879725
  22.4193  76.502342  49.483437   29.87027  13.412741    4.015966   1.865318 -38.814907  -31.560472  -10.876985
 22.52585 -36.664886 -47.305466  -43.85051  13.412741      6.2039  10.157387 -38.814907  -31.560472  -10.876985
  22.5439 -47.273052 -52.403218 -56.811577  13.412741      6.2039  10.157387 -38.814907  -31.560472  -10.876985
  7.47235        NaN -171.78276 -81.688034  30.399812   75.711562  12.455672 -57.757881   48.609712   51.442159
    10.37 -55.939034 -41.421039 -32.372568 -25.280533   -3.013758  -6.844878   2.348568  -24.387625  -13.135026
  10.4503 -57.807274 -40.641922 -35.107483 -18.780773    4.877074  -3.547059   6.393604  -23.266666  -18.322899
  19.4444 -18.496485 -11.420154  -1.574036 -20.596943  -30.900354 -47.746414 -50.927128  -42.103252  -18.931925
  22.6419 -47.273052 -52.403218 -56.811577   67.84346   32.024742  16.351358  -40.34244  -32.739162   15.506363
  22.6778 -57.881218 -47.305466  -43.85051   94.00476   45.160507  17.468353 -32.715576  -14.989998    21.29649
  22.7136        NaN        NaN        NaN   94.00476   46.707108  21.474728 -21.009392  -13.000191    21.29649
   7.6868        NaN -171.78276 -81.688034  36.085262   12.745219  -1.610416 -44.404909   -4.213317   13.609505
   7.8444 -48.768226 -76.119683 -74.822217  17.507441   -29.51314 -28.441435 -31.141043   -9.840452   -0.353668
 19.60015 -17.172508 -12.905153  -2.737793  -23.36102  -40.765352 -42.744418 -34.193728  -37.604318   -13.00171
  19.7382   -15.7244 -13.554596 -10.311863  -26.65162  -47.828247 -48.199258 -34.193728  -34.759864  -11.554766
  19.7953 -17.172508  -15.24762 -12.045164  -29.66915  -50.574942 -48.199258 -37.908572  -38.173552   -13.00171
  19.9951 -27.407744 -14.204039 -12.045164  -29.66915  -56.314741  -45.78841 -30.434716  -25.749189   -11.48368
  20.0356 -27.119446 -14.725829  -12.36715 -29.835168   -57.57834 -48.652103 -28.681225   -24.67765  -12.602843
  20.0717 -27.407744  -15.24762  -16.39721 -29.835168  -57.866924 -56.782436 -32.188206  -26.820728  -13.400576
   9.6969 -40.068376  -42.34016   -9.26123 -14.581186   -11.38574  -5.506348 -19.944479   -36.13268  -42.431152
   9.8217 -38.868507  -37.87874 -13.692691 -10.044298   -7.725351  -5.506348 -12.065767  -33.948193  -31.890786
    20.27 -23.093407 -17.712917 -16.563453 -30.067348  -58.331604   -65.0815 -55.894634  -50.255333  -13.400576
 21.79125  189.66957   41.40877  24.559227 -38.410082  -58.902243 -46.041907 -28.898212  -26.128811  -26.979084
  21.8092  189.66957   41.40877  24.559227 -45.944656  -62.003666 -54.094044 -28.898212  -30.381783  -40.689213
  21.8704  189.66957  146.27234   78.81696 -49.039528  -62.706282 -54.234959 -25.335004  -26.128811  -26.979084
   9.9336 -41.268246 -39.890846 -23.188868 -15.481385   -6.677664  -8.875115 -11.256142  -34.719994  -25.232439
  18.7293 -26.554556 -17.040825  -5.572688  -3.529719  -32.753725 -39.971567 -45.134177  -39.630213  -30.983258
  18.8558 -26.739643 -16.193517    0.05142  -3.529719  -29.437615  -40.23513 -44.041706  -39.212525  -27.924924
  18.8919  -22.52552  -17.06617  -0.714276  -2.501482  -29.437615 -43.332751 -44.795993  -39.212525  -25.382413
  22.0856  189.66957  146.27234   78.81696   4.865967  -12.974125  -24.77491 -25.881182   -13.97953   10.162162
  22.0875  189.66957  146.27234   78.81696   7.539672  -12.053095 -21.545955 -25.335004   -13.48986    9.756378
   8.7564 -53.534128 -29.714836 -31.689934 -16.046128  -18.398312 -17.330898 -32.765135  -49.020719  -61.320382
  8.77415 -53.534128 -29.714836 -31.689934 -16.046128  -18.362702 -17.046439 -31.160398  -46.228043  -60.930218
  19.1681 -26.554556 -11.420154  -0.190579  -4.031666   -23.17131   -38.5074  -44.94908    -39.5933  -22.396606
  19.2042  -22.52552 -10.983227  -0.066049  -3.027771   -22.50515 -44.146397 -50.927128  -44.998997  -24.863743
  19.3689 -17.834497 -10.840576  -0.190579  -4.870071  -25.573093 -46.654156 -51.648054  -44.801334  -17.850339
  20.7831  -6.894693 -20.015173 -17.703927 -25.561209   -39.87113 -57.168804  -61.96832  -56.411957  -18.125248
 20.80475  -5.837994  -18.61134 -16.729696 -24.889152  -40.276671 -57.679861 -62.169167   -57.52008  -24.477247
   8.9072 -54.816936 -37.827103 -37.081336 -21.878846  -13.423901  -9.860494  -19.90149   -29.14847   -58.55172
  8.96985 -54.816936 -37.827103 -37.081336 -21.878846  -12.448125  -8.351141  -19.90149   -29.14847   -43.71669
  19.4622 -24.118063 -15.592646  -7.875211 -22.126274  -32.376862  -45.78841 -47.785017  -50.432175  -21.897834
 19.48195 -17.834497 -13.333887   -4.26877 -24.637847  -37.473396 -42.744418 -42.540352  -50.432175  -18.583273
  19.4833 -17.834497 -13.333887   -4.26877 -25.637765  -44.295841 -41.597445 -37.908572  -44.801334  -17.850339
  20.9839  -6.894693 -16.063623  -6.866347 -19.254309  -31.529602  -39.94791 -44.435733    -53.8399  -31.025135
  21.0194 -15.716089 -14.771614  -4.671686 -19.252865  -30.334845  -39.58393 -48.029907  -55.125929  -45.130241
  21.0411 -24.537485 -16.691477 -10.188648 -19.254309  -22.836762 -32.401808 -39.409453    -53.8399  -45.130432
   9.0692 -53.658743 -29.474552  -33.03347 -18.558434   -11.38574  -7.936513 -19.214218    -31.2263   -54.79184
  9.10835 -53.658743 -29.474552  -33.03347 -17.785007  -11.845461  -8.351141  -19.90149  -35.013493   -50.58899
  18.0843 -24.174391 -39.168675 -41.075119  -39.81446  -45.326552 -23.576337 -12.200499    4.261827  -11.130793
  18.1025 -28.938385 -37.576397  -40.40625 -33.310272  -41.198902  -17.19335   -7.73189    4.783804  -14.524928
  21.2779  -34.21617 -20.015173 -17.191884 -11.201443  -13.010191 -28.311112 -26.125802  -41.444633  -31.025135
  21.2958  -34.21617 -20.015173 -17.191884  -9.449008    -12.3022 -25.342457 -26.125802  -41.444633  -31.025135
  21.3179  -34.21617  -1.920542   6.871923  -6.412844   -10.37813 -21.002275 -24.045044     -38.557  -27.751191
   6.3078        NaN        NaN        NaN -37.340622   59.988986  76.947455  31.215204    1.614133   -38.93268
   6.4275        NaN        NaN        NaN  27.069351  100.435394   69.02748    24.2909    7.967899    -34.9572
   7.9669 -50.190137 -49.993239  -50.76877 -29.902458   -29.51314 -35.101624   -33.1276  -35.342126  -35.315647
  18.3783 -31.681644  -26.86342 -27.188148 -27.232078   -39.73687 -29.649689 -19.368724   -13.70862  -13.764911
  18.4142 -31.681644 -26.011461 -25.130508  -30.33578  -45.219284  -37.42403 -24.206802  -20.007603  -22.396606
  18.6183 -30.674817  -20.19537 -20.933921  -23.10394  -45.219284  -44.12712  -38.60908  -22.467754  -20.327623
  6.44555        NaN        NaN        NaN -37.340622   36.274442  50.964946  22.120273    1.614133  -14.324517
   8.0814 -32.467982  -36.69705 -33.292416 -28.359289  -30.966978 -28.441435 -31.160398   -36.90935  -61.052776
  8.09945 -32.467982  -36.69705 -33.292416 -27.517284  -30.240059 -31.310517 -32.143999  -42.920812  -52.046005
  18.6544 -34.424904 -23.239212 -19.874777 -23.616158  -45.270627 -44.854147 -44.559127  -31.096366  -23.780226
  18.6906  -26.92473 -20.367455  -13.36563 -24.163428  -45.270627   -48.5209 -45.134177  -36.513654  -23.780226
  18.6933  -26.92473 -20.023285  -8.786917 -17.400883   -39.73687 -43.332751 -45.134177  -36.513654  -25.914366
 20.27335 -15.220615 -14.725829 -14.543173 -30.289886  -57.722632 -66.331545 -58.448355  -53.554139  -13.879725
  20.3089  -9.134278 -13.412008  -9.061008 -29.835168   -57.57834   -66.0412 -59.493423   -53.83558   -12.81023
   8.3581 -43.070606 -35.560482 -33.292416 -29.902458  -30.116108 -25.176666 -32.143999  -48.932274  -61.052776
  8.43695 -43.070606 -35.560482 -33.292416 -28.359289  -28.999967 -22.440525 -30.233107  -42.467747  -60.930218
  20.5061 -19.067368 -14.771614 -12.689137 -29.154058   -46.49652  -63.08268  -68.14265   -57.52008  -24.477247
  20.5492 -19.067368 -17.355633  -15.70561 -29.844809   -46.44613  -62.74226  -68.14265   -57.52008  -24.477247
 20.56735 -24.537485 -17.983486 -16.217653 -30.067348  -46.471325 -62.231336 -68.977195  -57.975187  -21.431521
   5.3614        NaN        NaN        NaN -33.578796   19.542578  31.199614   31.18866   14.352276  -24.031944
  5.51765        NaN        NaN        NaN -34.778601   14.121996  62.768987  63.776967   -1.831389  -95.448864
  17.6064 -15.158334 -52.734041 -56.381596 -36.477012  -30.109915 -19.838398 -12.813574    4.631885    7.993315
  17.6244 -10.906271 -48.699867 -52.758247  -37.94863  -25.859062 -19.958864 -11.612375    4.909061    3.643838
  17.8289 -10.638922 -47.776978 -53.648562 -40.206913  -24.987929 -16.528265  -7.076111    5.695707    2.121733
 20.84085  -5.837994  -18.61134 -16.729696 -23.271629  -36.772086 -57.083416  -61.96832   -57.52008  -24.477247
   5.6378        NaN        NaN        NaN -33.830032   19.417454   84.96406   75.71663   14.352276    -34.9572
   5.6557        NaN        NaN        NaN -33.704414   19.480016  84.915745   67.20739   14.535051   -38.93268
  17.8647 -15.158334 -54.863018 -43.205961 -35.629451  -47.690762 -24.586887 -12.200499    4.569257   -2.411183
  17.9006 -19.410397  -46.85409 -44.667934 -42.465195   -49.15809  -29.21491 -12.788622    4.783804    3.643838
  17.9008 -15.158334 -44.677876 -43.205961  -42.65939  -47.690762 -40.775575 -21.908662    4.261827   -2.411183
  19.5192 -17.172508 -11.420154  -1.574036 -25.077215   -47.49826 -43.830406 -35.379345  -42.103252  -18.234621
  19.5193   -15.7244 -11.420154  -1.574036 -25.077215  -44.074053  -45.78841 -37.908572  -42.046323  -15.433317
   6.0508        NaN        NaN        NaN  28.950264   59.988986  84.915745   67.20739  -11.377343  -60.242744
  7.88055 -50.190137 -53.669857  -57.43047 -30.603622   -31.01605 -31.771529  -30.34812  -25.716537    -1.54088
  18.1411 -28.938385 -31.496386 -31.145725 -33.310272  -38.726036  -17.19335  -4.294552    4.783804  -14.524928
  18.1768 -31.681644 -31.374857 -30.997797 -35.629451   -39.73687 -16.927485  -5.357442    4.476374   -11.25068
  19.7956 -17.172508  -15.24762 -12.045164 -28.544359   -48.60181 -47.746414 -40.532616  -41.989395  -17.466057
  19.9217 -19.067368  -15.24762 -12.045164 -27.231237   -47.78338 -47.746414 -40.437798  -38.265335  -17.707163
  19.9218 -23.093407 -14.725829 -11.671164 -27.419567  -50.574942 -48.199258 -34.193728  -34.759864  -15.433317
  4.72735        NaN        NaN        NaN   17.04166   17.137338   8.258862   27.38295    30.76614   19.700432
   7.9672 -50.190137 -49.993239  -50.76877 -29.902458   -29.51314 -35.101624   -33.1276  -35.342126  -41.545288
 16.93695 -34.400368 -30.573251 -38.413024 -25.915336  -27.320149 -26.687484 -24.186983   -17.64903    1.762654
  20.1075 -27.119446 -15.592646 -17.788589 -29.747338   -57.57834  -60.90455 -52.992317  -38.265335  -17.948269
  20.1581 -27.119446 -18.275789 -17.788589 -29.411604  -55.960052  -61.04895   -55.2185  -41.989395  -17.948269
 20.19405 -23.093407 -18.481377  -16.39721 -29.154058  -57.123885 -63.133904 -55.556567  -42.591224  -14.174898
   4.8472        NaN        NaN        NaN    7.66521   13.933665    9.96031   23.57724   29.458004   17.129383
  17.0389   -32.3983 -34.561245  -45.42146 -29.329294  -29.369537 -30.028255  -26.70706  -18.235281    3.643838
  17.0571 -25.904348 -38.643045 -45.924647 -31.516641  -32.001117 -31.826208 -27.627492   -17.64903    2.869415
  18.6936 -26.739643 -17.984805  -6.767821 -12.657498  -35.467777 -42.519104 -45.319275   -38.83175  -25.927649