    tempo          80        82.5         85        87.5          90       92.5         95        97.5         100
  16.9392   -1.149477   -7.188377  -4.208945  -11.127935  -19.963594 -26.699303 -20.127361   -24.36813  -17.909485
 16.97515   -5.779836   -7.777954  -3.796759   -7.820419  -15.683138 -22.624705 -20.032764   -23.22447  -26.067414
  17.0111    5.357076   -2.124869   -2.10585   -1.693942  -10.300803 -13.479717  -14.61928  -21.006045   -16.42288
 18.59375   -60.78785  -13.416977  -1.400491   -3.294955   -9.969425 -22.809463 -10.862952   -1.833822   11.724545
  18.6294  -60.815579   -12.51362  -1.738311    0.973166   -9.792513 -22.723063 -12.141455    -4.51841    9.326988
  18.6653  -60.815579   -12.51362  -1.738311    3.768867    1.610426  -20.53135 -20.076958   -9.598866     8.98959
  17.1081   12.741596    2.157951  -0.694368   -0.870158   -10.72507 -13.479717 -11.679407  -21.360466   -1.638219
  17.1082   12.741596    2.157951  -2.441784   -0.870158   -10.72507 -13.479717 -11.343998  -21.360466   -1.638219
  18.7822   -60.78785  -13.416977  -9.329374    4.733372    2.997861 -11.460805 -21.022276   -8.975174   11.724545
  18.8683   -56.79499  -14.320334 -13.525014    4.651056    3.316046  -8.727786 -20.076958   -8.616274   12.442297
  18.8864   -52.80213  -14.371654   -14.5414    0.569445    2.463236 -16.556712 -24.345571  -12.785652   10.884642
   3.5678   -34.91401    3.939037   2.991707    4.541044   -5.135301 -18.470005  -44.30577    -64.4033  -70.890396
   15.795  -12.499794  -12.750828 -22.829107  -27.025673  -30.069338 -30.353662 -18.077412   -7.347306    2.872841
  15.8707    1.399874  -11.397474 -12.956459  -25.799531  -27.704071 -28.944271 -17.499398   -6.694476   -1.670954
  15.9067     6.30903  -11.397474 -12.956459  -24.967634  -31.870899 -30.955573 -17.857203  -11.723406   -3.851474
 18.92235  -39.240112  -14.371654 -14.463414    4.733372   16.854462   -1.47625  -5.473198   -5.060131   17.110511
  18.9403  -47.246655  -14.371654 -16.531054    6.145003   14.512129   -1.47625  -5.473198   -5.060131   10.776957
  19.1431  -67.630585  -24.636925 -17.660294    7.484344    1.610426  -8.727786 -26.723547   -9.334074   21.656696
   3.7464  -59.876202  -25.440973 -12.010494   -5.904917  -17.482336 -25.630878 -59.414402    -64.4033   -77.02175
  16.1814    -27.0215  -11.397474 -15.128018  -27.477004  -34.215616 -37.993017 -27.972143   -19.02855  -16.186582
  16.2172  -39.891407  -13.936724 -16.215164   -28.10112  -35.436493 -39.149467 -26.256939  -18.786095  -10.745626
  16.2172  -52.761314  -12.875528 -15.128018  -28.014727   -35.33543 -39.728656 -31.380593  -16.844942  -10.549334
  17.8178    2.966537   -1.359145  -6.740068  -12.714691  -11.218004 -15.148196 -15.750094  -19.788029    6.909881
  17.8356  -10.280333  -10.475471  -9.917513  -15.857561  -16.625383 -13.906872 -11.562022  -17.273832   10.667272
  4.26275   -34.91401   -40.42628 -24.008192   -6.248194    6.154954 -11.053833  -53.85703   -44.03122  -50.209754
   5.6756         NaN   -72.20885 -77.917145   -46.30216  -13.947044  -8.070358 -16.145647  -65.782295  -77.753296
  16.4208  -40.876102  -13.520967 -14.040873  -20.430319  -35.436493 -40.307846 -36.639816  -27.198849  -24.749092
  16.4564  -33.948801  -15.366718 -11.531309  -19.926273  -35.436493 -39.149467 -39.147346  -37.824398  -30.082268
  16.4872  -33.948801  -11.620752 -10.085282  -19.017698  -30.885777 -39.149467 -36.639816  -30.835285  -21.691362
 17.98845  -16.017504  -14.274229  -0.434552   -4.429549  -10.740187 -16.210023 -10.816434   -9.598866   14.424663
 18.09265  -31.742489  -22.339258  -8.904804   -7.782399  -10.312886 -16.210023 -11.851738  -10.808696    9.326988
  18.1285  -49.278872  -16.331799  -8.904804  -12.321169  -10.828241 -25.648479   -21.5168  -17.021242    7.329674
   2.7733    12.93417    3.575241 -20.565626  -14.398682    -9.97381  -2.481762   8.388714   11.359404   14.904675
  18.3494  -42.497864  -15.326066 -10.713203   -9.430128   -8.761802 -22.895864 -12.141455   -5.601852   12.442297
  18.3856   -52.80213  -19.335529 -10.713203   -9.430128  -10.146338 -22.895864 -20.076958   -5.601852   15.703063
  18.4217   -56.79499  -22.339258  -7.945545   -9.516194  -11.863969 -23.903887 -12.141455    -3.77162   15.703063
   3.0004   17.468165    5.079914 -15.970012  -13.806296  -16.747361  -7.187591  -1.967535     1.56003     8.75733
   3.1608   -7.913554    4.020052 -21.118519   -19.87255  -25.121899 -19.874057 -22.856496  -19.596027  -40.369007
 15.31305   10.870138  -25.792534 -21.980604   -20.32105  -19.074096 -21.209899 -17.568552   -9.300552    2.964667
 15.36985   18.866727  -24.365704 -19.566704  -19.932439  -18.453724 -21.209899 -17.568552   -9.300552    2.964667
 15.40555   18.866727  -21.704762 -17.168217  -19.932439  -18.962432 -21.708944 -22.248126   -11.00427    4.371033
  18.6807   -60.78785  -12.005237  -2.080945    4.214974    2.145051 -19.725475 -23.532935    -9.46647    10.16689
  3.31625  -28.761278    3.939037  -25.05315  -13.806296  -16.747361 -18.762149  -38.77752  -49.367675  -62.165842
   3.4717  -31.837644  -20.979387 -22.255396  -13.213909  -17.482336 -18.470005  -36.48584   -21.30272  -41.285828
   4.8814         NaN   -159.7274 -180.16818  -159.65071  -149.78976 -148.40808  -95.36146  -156.49261    -150.699
   4.9857         NaN   -159.7274 -151.10377  -136.21101 -143.399125  -133.6931 -135.95502 -163.160535  -174.25333
 15.51985   27.906399  -19.978494 -24.450457  -25.834606  -25.127523 -25.923271 -26.454048  -10.383097    3.086571
  15.6264   18.866727  -20.137481 -25.839838  -26.688063  -30.019796 -28.944271 -28.633123  -10.383097    3.086571
  15.6628   11.218187   -23.24545 -30.294468  -27.336355  -30.069338 -30.353662   -27.5789   -8.570206    4.927963
 17.26545   33.156746    2.852962   0.684027   -1.693942  -13.500396 -15.574072 -11.343998  -21.360466   -2.224631
  17.2833   35.564507    2.227874  -1.334866   -3.638168  -14.792748 -16.391289 -15.867479  -21.360466   -6.669662
  3.67985  -59.876202  -10.750968  -4.509393    4.580666  -20.501624 -47.311769 -55.312846  -53.131145  -65.012038
 15.93705     6.30903  -11.397474 -17.668696  -27.477004  -34.125056 -32.507845 -20.311749   -12.72654   -3.851474
  17.5556   33.156746    2.297797   0.684027   -1.886386   -6.573647  -9.063479 -15.750094   -24.40918  -29.297203
  17.5914   33.156746    2.297797  -0.530238   -1.886386   -6.573647 -12.071728 -15.750094   -24.40918  -10.935136
 17.62705    17.00408    2.297797   1.847096   -2.677766   -3.864403 -12.071728 -11.343998   -22.08081   -6.669662
   2.4031  -38.677338    3.146136  -6.412267   -9.222198  -13.070429 -13.819958  12.488411   12.476584    18.12037
   2.4986  -38.677338    3.146136 -11.374398  -18.301052  -29.352318 -18.706093  12.488411   23.047936   31.275753
 14.61165   -36.69652    -24.7017 -17.556788   -15.30152  -23.998503 -24.871254 -24.097612  -31.538303    -26.5389
  14.6297     -34.805  -22.682141 -21.245369   -17.79524  -29.651716 -26.585064  -26.20864   -31.90625   -26.59246
  14.6539   -36.69652  -24.192952 -21.245369   -17.79524  -29.651716 -26.585064  -26.20864  -31.661856   -26.48534
  17.8664  -14.305645  -10.475471  -9.864064  -20.765026   -20.05935 -21.926964 -11.562022  -13.286039   16.035967
 17.88415     -14.628   -6.676714  -2.393405  -12.714691  -14.671977 -21.256706 -11.851738  -10.808696   15.703063
   2.6417  -38.677338    3.623601 -11.374398  -18.301052  -29.352318 -18.706093   8.388714   11.359404   20.281918
   2.6775  -33.719308    3.097776 -12.837391  -18.301052  -26.722885 -13.819958   5.563053    4.926442   15.509781
   4.2961   -34.91401  -45.964965  -36.00589   -6.591472  -17.482336 -18.470005  -56.50277   -41.85899  -41.285828
 14.85055  -29.484366    -24.7017 -19.488467  -15.148236  -16.851559 -21.209899 -30.470851  -32.264202  -28.368083
  14.8686  -29.484366  -25.169595 -17.888039  -15.573862   -18.65333 -21.609533 -30.664562   -31.90625  -26.750593
  14.9047  -29.484366  -25.682125 -17.888039  -15.573862   -18.65333 -21.609533 -30.664562  -31.661856   -26.48534
 16.49205  -30.593933  -15.505835  -9.665289  -16.134128  -25.395544 -38.262515  -34.23919   -25.78349   -16.47642
   2.8861    18.46422    4.101067 -15.970012  -13.806296   -9.290923  -2.299398  10.174689    2.393464   12.899192
   2.8861    18.46422    5.079914 -11.374398  -13.213909   -8.608037  -2.117033  11.960663    8.826426   13.901933
   4.5708         NaN   -82.55128  -140.6173   -143.0015   -92.95482  -75.97979 -74.059555  -60.298508   -77.02175
  4.58875         NaN -107.953765 -160.39274 -151.326105  -121.37229    -91.629 -84.710508 -108.395559 -113.860375
  15.1254  -51.633873  -32.708145 -25.749327  -25.506504  -30.875673  -27.30996 -26.595741  -25.205154  -16.624437
  15.1583  -58.681101  -32.708145 -25.756521  -25.506504  -30.875673  -27.30996  -26.89377   -22.48872  -16.624437
  15.1792  -44.165197  -28.920216 -23.720005  -21.646784  -29.651716 -27.010506 -29.687346  -22.603678  -19.169476
  16.7617  -12.480107  -15.366718  -9.245296  -19.017698   -28.50923  -30.77612 -17.122496  -16.566685  -27.385736
  16.7978   -6.068255   -10.31239  -8.230468  -14.349401   -28.50923  -32.55822 -20.127361  -20.651623  -27.385736
  16.8336   -1.149477   -7.895929  -6.652546  -11.949381   -25.55561  -30.77612 -25.462725  -25.828365  -27.385736
   1.4594      -8.922   -8.040943  -4.701246  -10.015478   -28.30455 -12.850557 -21.391535   -16.02999  -13.534067
   4.8635         NaN  -196.34951 -201.99136 -182.009205  -133.91934 -114.02757 -84.710508  -101.34803  -87.127088
  13.7933  -15.464137     -16.359 -14.041282  -13.090629  -20.395025 -22.807909 -18.505357  -20.411194  -24.761665
  17.0111    9.987433   -4.361835  -1.498995   -0.459075   -3.743618 -11.060995 -11.796793  -18.786095  -15.043356
  17.0364    9.987433   -1.952719  -1.498995   -1.281241   -3.743618 -11.060995 -11.125973  -20.651623   -8.484923
  17.0722   24.153052    2.505456    0.11026   -1.281241  -13.007463  -16.38952 -17.122496   -22.08081   -2.224631
   1.6357    1.357457   -0.151248  -1.771459   -3.640299  -26.025168 -27.601548 -21.882124  -32.907916  -41.528635
   1.8478  -14.265671   -3.041248  -4.370336   -9.222198  -23.745785 -25.432175 -21.391535  -17.350403  -41.528635
 13.93155  -16.550552   -16.66081 -11.472804  -11.834347   -12.77431 -18.908625 -19.489407  -23.514448   -21.41272
 13.96095  -16.550552  -16.045506 -10.802306   -6.677375  -11.922055 -18.908625 -20.840581  -27.180463  -25.311804
 14.03845  -24.732016  -11.574165  -8.830818    0.554655   -7.080559 -17.777537 -20.840581    -30.3628  -23.322574
  14.6594   -32.91348  -22.682141 -17.546165  -15.573862  -19.904467  -21.86393 -24.613476  -31.661856  -26.750593
  16.2422   -54.99826  -11.814333 -11.872046  -27.928335  -37.761154 -41.459724 -39.147346  -19.271004  -14.463679
 16.26045  -52.761314   -9.327393 -11.701677  -28.014727  -37.864759 -42.521474 -47.367854   -24.92096  -19.800424
  16.2964  -52.761314  -15.310828 -12.786091  -24.179327  -37.355634 -42.521474 -48.776713  -38.173374  -22.923634
   1.1847     -4.5776  -14.763395 -10.162568  -10.015478   -28.30455 -12.850557 -11.718496   20.285015    23.98883
   1.3283     -4.5776  -19.241312 -11.147108  -15.520722  -32.814898  -18.38817 -17.045604   17.727277   19.445202
  13.3158  -40.204895  -25.725767  -24.30592   -24.06228   -29.76688 -22.936707 -19.399263  -12.304237  -14.433708
    13.34  -36.983917  -22.084784 -23.129732  -21.912722  -26.034695  -26.84822  -17.61145  -12.304237  -13.198362
  13.3756  -36.983917  -22.084784 -23.129732  -21.912722  -26.034695 -28.021667 -20.181507  -17.006491  -13.788329
  16.4922  -28.807716  -11.620752  -9.245296  -16.733263  -28.664146 -38.074223 -26.256939   -24.36813  -21.691362
  16.5228  -30.593933    -15.2276  -8.769814  -17.875481  -31.149719 -37.993017 -26.054245  -22.509877  -26.067414
   1.3642     -4.5776  -14.763395 -10.162568  -15.484858  -29.648855 -12.850557 -11.718496    15.16954    7.049737
   1.3642      -8.922  -10.218058  -4.701246  -10.015478   -28.30455  -8.285916 -11.718496   -4.332618   -12.08321
   2.9167    18.46422    5.079914  -6.412267   -5.081347   -8.608037  -2.117033  11.960663    8.826426   13.901933
   2.9346    18.46422    5.079914  -1.870325   -0.270151   -6.871669  -1.288576  12.224537   15.259388   14.904675
  13.5553   -36.06104  -17.798817 -16.411155  -19.911278  -20.740646 -24.269844 -20.181507  -17.732435  -15.503654
  13.5908   -36.06104  -17.613396 -16.411155  -19.772936  -20.500633 -22.838726 -19.399263  -19.190882  -20.056726
 13.64985  -25.219381    -19.9418 -16.866682  -17.639903  -18.469579 -21.428935 -17.605236  -17.494299  -20.210754
    15.21  -26.055252  -28.495285 -23.720005  -24.686659   -27.70367 -26.178795  -26.20864  -22.603678  -16.624437
  15.2456    10.52209    -27.6139 -23.720005  -21.646784  -23.878767  -22.34048 -22.829063   -18.50923  -12.556025
   1.5731     -4.5776   -4.962928  -4.701246  -10.015478   -28.30455 -23.925783 -22.372713  -24.391827  -31.982609
  13.7936  -16.550552  -17.798817 -13.793672  -12.045887  -19.904467 -22.777092  -17.61145  -21.613496  -25.311804
  13.8293  -29.988213    -19.9418 -11.472804  -11.231697  -16.413554 -19.029553 -18.505357  -22.815798  -25.655323
  13.8294  -29.988213  -22.084784 -12.509432  -11.622807   -16.64974 -20.080778 -17.599022  -18.952746  -25.311804
  15.4481   11.218187  -21.704762 -23.274556  -24.967634  -19.310405  -22.13767 -22.248126   -5.865716    5.184864
  15.4839   26.515268  -19.978494 -23.274556  -25.283685  -19.721336 -23.228535 -22.248126  -10.383097    3.086571
  15.4842   27.906399    -19.8461 -22.829107   -25.24861  -19.936035 -24.116589 -22.829063  -14.661234   -0.812607
   3.5319  -31.837644  -25.440973 -12.010494   -6.591472    -9.97381  -11.89342   -41.0692    -64.4033  -70.890396
 12.46765  -46.704178  -16.663352 -10.008374  -15.953523  -20.398787 -25.799878 -17.277846    0.388837    -8.04921
  12.4858  -46.704178  -16.664206 -11.075691  -15.733829  -16.247404 -26.717024 -20.164398   -2.293518  -11.969701
  15.6986   11.218187   -18.17129 -26.498768  -27.025673  -30.069338 -30.353662 -25.851551  -12.195988    4.927963
  15.7225    1.399874   -18.17129 -25.180908  -27.336355  -35.053246  -31.96176 -25.851551  -11.250824    4.927963
  15.7592    1.399874  -15.394055 -22.829107  -26.350452  -35.053246  -31.96176 -22.829063  -11.250824      3.3003
   0.5521   60.334191    31.88124    7.86234  -14.561303  -30.298094 -23.786865 -17.158737  -13.061791   10.568122
   0.8118   54.743942   17.085937  -1.146412  -15.717507  -16.198868  -6.616251 -10.171852    4.395929   25.793008
  2.38485  -26.471504    3.097776  -4.535791   -4.733445   -2.948174  -7.728447  10.409302    4.537321   -3.809875
 12.74235  -48.122389  -20.153739 -20.013591  -15.030564  -15.087864 -22.088998 -15.005853   -9.216766   -7.352746
  12.7785  -46.704178  -20.153739 -25.674401  -15.953523  -15.087864  -23.90972 -15.005853   -9.216766   -4.501163
 12.89805  -46.704178   -17.53909 -22.006699  -16.742171  -18.268411 -24.826865 -15.005853   -7.133387   -1.190326
  14.4444  -16.550552  -23.190888 -16.946945   -9.108273  -19.904467 -21.609533  -19.63358   -31.90625  -29.923323
   2.6417  -38.677338    4.101067  -6.412267   -9.222198  -13.070429 -13.819958  12.488411   12.245724   20.281918
   2.6417  -38.677338    3.623601  -8.893332  -13.761625  -21.211374 -16.263025  10.438562   15.259388   22.443466
 13.06805  -36.522478   -18.44579  -24.30592  -22.987501  -27.969049 -27.770477 -19.693516   -9.830215   -9.887138
  13.0861   -36.06104  -16.662498 -21.338665  -20.725722  -23.967555 -27.092002 -19.693516   -9.817398  -11.284328
 13.17265  -25.219381  -17.137947 -21.338665  -18.542031  -21.320531 -24.892463 -25.043596  -10.637244  -13.126378
 14.70765  -29.484366    -19.8461 -16.614826   -15.30152  -18.843675 -21.273152 -26.595741  -32.264202  -28.368083
  14.7793  -29.484366  -23.684204 -17.638864  -15.420578   -18.18551 -21.273152 -30.470851  -32.796852  -30.130116
  2.70765  -28.761278    3.049416 -16.701509  -13.806296   -11.52212  -7.187591   6.975884     7.45942   14.904675
  14.9286   -36.69652  -27.172187  -22.22768   -17.79524  -19.034021  -21.86393  -30.27714  -31.661856   -26.48534
  14.9644  -40.280769  -27.172187  -22.22768   -19.57408  -19.114172  -21.93486  -30.27714  -31.414751   -26.59246
  15.0003   -36.69652  -27.172187  -22.22768  -20.351301  -23.878767 -26.585064   -27.5789  -30.539164   -26.48534
  23.7397  -13.743522  -20.365072 -39.345886  -37.005795  -26.615128 -56.122032 -28.927769   10.283951  -14.546333
 23.73985  -13.743522  -17.435613 -56.996071  -53.106261  -39.187031 -47.941717 -16.841991   14.833468   14.727791
  11.9303 -287.626605  -16.664206  -2.122993  -15.733829   -28.35524  -7.879782  -4.350192    0.847013   -8.230606
  11.9661 -287.626605  -16.664206  -1.661533  -14.327299  -20.585808 -16.707176  -8.157532    -2.28611   -8.230606
  12.0022 -287.626605  -12.200193   1.209856  -12.020538  -20.211767 -24.882732 -20.164398   -5.219964   -6.211281
 15.26025    10.52209  -27.172187  -23.24093  -20.999043  -19.721336 -21.899395 -22.248126  -17.494898   -9.620915
   1.5732     -4.5776   -3.994607  -1.936914   -7.200511  -26.282222 -19.141366 -26.686279  -32.907916  -36.344267
   1.5882     -4.5776   -0.151248  -1.771459   -7.200511  -26.282222 -27.601548 -21.882124  -32.907916  -36.344267
  12.2228    -49.5406  -17.064495  -7.703386  -15.953523  -24.643619 -28.741247 -12.499755   -3.968376   -7.383327
  12.2589  -48.122389  -14.616266  -7.703386  -16.742171  -24.643619 -28.741247 -12.499755    -2.85999   -5.879665
 12.36315  -46.704178   -12.38426  -3.639725  -15.030564  -18.229585 -23.062011 -17.277846    -3.97208    -8.04921
  13.8597  -60.088116  -22.084784 -14.998086   -14.13537  -20.500633 -22.838726 -19.399263  -21.613496  -25.311804
  13.8656  -43.425873   -16.66081 -13.793672  -11.622807  -16.177368 -20.080778 -19.399263  -20.411194  -25.031433
  12.5153  -46.704178  -16.664206 -19.355637  -15.733829  -15.055354  -21.24129 -22.506762   -5.650641   -8.357638
  12.5335  -46.704178  -18.371483 -20.013591  -15.030564  -15.087864 -22.088998 -26.938967    -7.73402   -7.352746
  14.0747   -7.185374   -11.42262  -5.342544    1.631098   -4.188511 -10.412692 -19.880529  -31.538303  -25.311804
  14.1336   -8.686488  -13.024083  -8.830818    0.727058   -7.938647 -17.576744  -19.57955   -29.31085  -25.592175
  14.1694  -13.369077  -14.746344  -8.830818    0.727058   -7.938647  -19.83892 -20.181507  -31.661856  -28.204332
  22.8407     29.6524  -44.481113 -14.736065  -17.185216  -12.590292  29.977137   12.02759    3.651687  -44.009661
 11.18975  656.439315  -39.261938 -32.107071   -52.29232   -25.95373  -3.643474   4.549594   16.605897   29.552187
  11.2078   511.63953  -41.880783 -32.480343   -54.13272  -24.205763  -2.074348   2.296045   16.460981   28.783314
  11.4108  -493.72125  -41.880783 -31.733799   -50.45192  -24.205763   5.407291   2.296045   14.927771   21.704678
  14.4803   -32.91348  -24.874451 -17.567411    -14.2003  -23.878767  -21.86393 -17.500109  -31.414751  -26.750593
 14.51915   -32.91348    -24.7017 -17.556788  -11.487749  -21.891617 -22.320511 -19.036347  -31.784053  -26.671526
  14.5757     -34.805    -24.7017 -17.556788  -11.487749  -21.891617 -22.713822 -24.097612  -31.784053  -26.671526
    23.22   68.892296  -59.896534  -82.68127  -69.206726  -26.615128 -39.761402  -44.76152   10.283951   15.144514
 23.37525   19.890173  -24.715383 -61.013578  -53.106261  -39.187031 -47.941717 -47.577323  -25.621018  -60.217471
  11.4461   -956.4801  -41.880783 -31.733799   -54.13272  -27.701698   3.671755  -0.661748   14.544394   16.434364
 11.46445   -956.4801  -38.388807 -29.332693   -52.29232   -25.95373   4.539523  -1.462062    6.574514    15.20985
  11.4825   -956.4801  -30.857218  -25.63763   -50.45192  -24.205763   0.613647  -2.262377    5.909796   16.434364
  13.2439  -25.219381  -19.321345 -22.005785  -20.921988  -25.065815 -22.936707  -17.61145   -10.23373  -13.406858
 23.63515  -13.743522  -24.715383 -56.996071  -53.106261  -39.187031 -56.213127 -36.844645   -9.916224  -25.201732
   1.3283     -4.5776  -14.763395 -10.831874  -15.484858  -29.648855 -12.850557 -11.718496   20.285015   16.382969
  1.34625     -4.5776  -14.763395 -10.497221  -15.520722  -32.814898  -18.38817 -17.045604   17.727277   11.716353
 11.70305   -956.4801  -23.884971 -22.554419   -52.29232  -32.017587   4.539523   0.817149    6.706644   13.086585
 11.73885 -725.100675  -20.023693  -6.141148  -24.230279  -28.028469  -0.925774  -2.832828      5.4072    8.169807
  11.7572  -493.72125  -19.163654  -5.796529  -18.901272  -27.701698  -2.465195  -3.403279    5.168864   -4.039506
 13.39375  -36.983917  -23.905276 -23.341854  -22.987501  -23.483115 -27.678725 -20.840581  -16.892653  -14.306313
 13.46525  -36.983917   -21.55704 -22.005785  -21.300248  -21.320531 -25.802813 -25.043596   -21.54776  -15.282775
  13.5186  -36.522478  -21.029295 -20.058582  -20.921988  -20.740646 -24.269844 -22.878822  -22.169054  -15.503654
   1.4233     -4.5776   -8.040943  -4.701246  -10.015478  -24.259895  -8.285916 -11.718496   -4.332618   -12.08321
  13.6861  -14.377723  -17.706107 -15.955627   -14.82112  -16.413554 -19.029553 -17.605236   -17.12033  -22.614685
  13.6867  -15.464137  -17.613396 -15.955258   -14.13537  -20.289417 -22.777092 -19.399263  -18.952746   -21.41272
  13.7636  -16.550552  -17.137103 -15.954889  -13.919678  -20.395025 -23.554285 -19.489407  -20.411194  -22.614685
 22.46155    -9.40681  -27.865928  25.394894   51.214267   63.313963  70.617593  40.522818    5.830391  -12.799044
 22.58085   -9.226124  -27.865928   3.327611   10.473888   24.998028  35.938934   12.02759    3.651687  -12.799044
  10.6519    801.2391    25.45065  25.486813    -4.75643  -22.581974   -17.8233  27.894297   40.944374   14.566829
    10.67    801.2391    5.849961  19.295428   -2.117928   -21.42292 -17.669685  10.055877   38.323244   13.140499
  10.6881    801.2391  -11.477904   0.041071   -9.933908  -20.263866 -17.516071  -4.659933   14.544394   14.566829
 13.89545  -16.550552  -16.045506 -13.546061  -11.834347  -14.719957 -19.959849 -17.052739  -21.613496   -21.41272
     22.7   -9.226124  -59.896534 -10.144112   -0.771837    0.384591  16.722511   7.118646   -6.996469  -26.915005