    tempo         80       82.5         85       87.5         90       92.5         95       97.5        100
  10.3671  -0.490076 -22.909242  -21.24974 -16.437045  -8.761999  -8.372291 -11.579742 -22.960276 -24.858894
   10.385 -18.557346 -25.783957 -21.457438 -15.629434  -5.753634  -1.414489  -9.378124 -22.208502 -25.051019
  10.4211 -36.624615 -22.909242 -21.457438  -9.044981  -5.165842   2.191419  -9.326614 -20.252598 -25.372299
 13.69345        NaN  42.573422  22.162384  20.287334  11.903489 -10.971327  -6.796448 -31.520509 -39.794781
  10.6228 -36.624615  -6.663969 -10.826132 -15.629434  -8.166536  -8.674793  -9.326614 -15.884232 -19.937724
  10.6589 -36.624615  -6.663969 -10.826132  -9.044981  -9.820728  -9.207973  -9.326614 -14.587122 -19.937724
  10.6819 -40.990297  -6.663969  -9.456038   -6.35565  -9.820728  -15.61648  -9.378124 -15.884232 -23.444626
  12.2772  11.769036 -25.908356 -23.712715 -21.480076   0.373144  -2.845627  11.155422   5.793089  -4.229917
  12.2953  17.612168 -25.175016 -25.821506 -22.516206   -3.94031  -0.293511  16.755921   6.543648  -4.851479
  12.3131  23.455301 -25.908356 -30.579628 -21.480076   0.373144  12.004398  17.647345   7.294207  -8.397385
  10.7769 -40.990297    5.62488  -0.319821   7.510739  -3.930759  -9.207973  -7.946993 -17.249928 -18.651909
 10.93235  -45.35598  12.239928   0.651373   3.679373  -2.441552 -10.268663  -8.662558 -15.918525 -13.721522
  12.4499  17.612168 -25.175016 -20.601731 -13.933313   1.722495   1.589031  16.755921   9.599662  -1.950644
  12.5508  23.455301 -25.908356 -19.825684 -10.889392   3.936211  12.004398  14.567133    7.19806  -4.229917
 12.56875  40.111669 -24.002274  -18.89468  -8.840865   4.270029  13.627548  12.861277   7.246133   0.328628
  9.60555  -7.128766 -15.517866 -12.763046 -17.090302  -14.95273 -10.587399  -20.81474 -36.706267 -40.805664
   9.6236  -6.816739 -18.061264  -9.535677 -15.574143 -13.379496 -16.197802 -27.524562 -38.096176 -41.992344
   9.6468  -7.128766 -23.169505 -20.367166 -26.237712 -24.950615 -26.577148 -33.690777 -38.393501 -40.805664
  12.6225  56.768036 -28.988605  -19.13102 -12.456612   3.071847   2.696335   6.865272    7.19806   2.174775
   9.8608  10.061843 -18.061264 -10.826132 -15.629434  -5.753634  -3.626726 -18.644863  -35.62057 -33.606398
   9.8972  28.969616 -20.113379 -19.884396 -25.692385  -17.13009  -4.976996 -18.644863  -34.54565  -33.18696
  9.90205  47.877388   -23.0673 -26.030301 -26.924577 -33.054313 -12.436297 -18.762125 -31.031971 -30.598431
 11.49765 -97.507009  -8.326942 -12.933567    0.95831   9.242754 -13.459938 -14.424172 -15.989635 -14.494267
  11.5156 -97.507009 -16.276913  -19.46854  -0.151993   9.897028 -10.728171  -12.36984  -14.23098  -9.840056
  10.1347  28.969616 -17.520903 -21.042042 -17.861538  -9.944429  -4.976996  -9.326614 -23.712051  -25.82946
 10.15795   4.785883 -20.113379 -22.786084 -23.788625  -24.72831 -14.087851 -11.579742 -24.361935 -24.772213
  10.1708   4.785883 -25.744531 -27.945873 -29.453989  -29.43906 -16.590458 -12.004777 -25.840788 -24.772213
  11.6639 -85.173139 -34.894038 -28.674863 -21.352887  -8.092673 -12.261662   -5.99271  -5.155132  -8.722856
  11.7711 -43.524454 -34.894038 -31.657526 -22.206921   -8.77419 -11.464012  -3.643439    1.60738  -4.707881
 11.80695 -43.524454 -34.894038 -31.657526 -22.206921   -8.77419  -9.517945  -1.052221   2.969868  -8.397385
   8.7542   -41.5021 -34.403286 -18.400072 -16.319067 -13.474667  -2.692436 -11.007124  -2.033599 -19.149652
  12.0267  -24.21992  -36.59205 -29.735073 -21.225697   -6.94235  -6.785893   8.173444   4.838967  -6.791615
  12.0625 -23.945398 -25.908356 -23.266224 -20.919641  -3.168383  -3.677462   8.173444   5.223875  -3.807662
  12.0986  11.480736 -28.988605 -23.266224 -20.919641   6.017777  -2.845627   8.336033   5.223875  -3.807662
  9.04555  -47.39444 -26.045842 -18.170841 -13.688154  -5.165062   1.297885 -15.800683 -11.905783 -19.149652
  9.08165 -51.892733 -26.045842 -18.170841 -13.688154  -6.691136  -0.944597 -20.372895  -13.91408 -19.149652
  9.10445 -28.636217 -27.601098 -20.251895 -21.080258 -14.284857 -14.543246 -23.362772 -28.669786 -19.149652
  10.6819 -40.990297  -7.280938 -10.141085  -3.874162  -7.934903 -11.653626 -10.298187 -17.331328 -23.444626
   9.3486 -21.367106 -23.169505 -18.913003 -14.397396  -2.244456  -1.260948 -15.145548  -13.91408 -27.613164
  9.37265 -14.097995 -23.169505 -18.913003 -15.946605  -7.161341  -3.246944 -16.092123 -29.069505 -31.799994
   9.5514  -7.440794 -15.517866 -15.977725 -23.863157 -16.743829 -16.505214 -20.546484 -33.295625 -31.799994
  10.9325 -48.152899  -1.831669  -2.380943  -0.151993  -3.930759  -9.207973  -9.378124 -17.249928  -15.43666
  10.9558 -97.507009  -0.831288  -6.585729   -6.35565  -5.165842 -11.329352 -11.941234 -20.252598 -17.644449
   9.6469  -7.128766 -20.429495 -20.619394 -26.633974  -32.77114  -22.79466 -31.360849 -37.032795 -37.415751
 11.12835  -24.21992  12.845288  -1.350382  -6.150067  -4.626348 -11.028761 -10.873982 -15.918525   -18.1371
  11.2471  -24.21992   6.844319  -6.417369  -6.150067  -4.008807  -8.885271  -7.794313 -12.006692 -15.122008
  11.2829 -50.949818  -0.831288 -10.142234  -6.150067  -4.008807 -13.459938 -10.158416  -8.653639  -8.573872
  8.40275  -47.39444 -51.714558 -15.626419 -16.043889 -19.045639  -5.847357  -5.308029 -10.243953 -40.915711
   8.5397  -47.39444 -53.284847 -22.004675  -24.58708 -25.844774 -10.316793 -19.720856 -15.774188  -35.59758
  11.5389 -50.949818 -23.809307 -21.459747 -13.245396  -3.558045 -14.596406 -15.299509  -14.92815 -11.445826
 11.55665 -43.524454  -20.04311 -23.489469 -17.339156  -5.514603 -13.459938 -10.005736 -12.006692  -8.397385
   8.5578   -41.5021 -63.308624 -29.919033 -16.043889 -19.045639  -5.847357   0.391066  -9.535613 -29.482338
   8.5756   -41.5021 -53.284847  -39.92045  -24.58708 -25.844774 -10.316793  -5.308029  -3.865597 -22.694087
   8.6649  -47.39444  -44.96301 -30.907958 -26.506448 -25.230692  -9.659536 -14.781853  -2.033599 -21.562342
  10.1706  10.061843 -20.271437 -24.114729 -21.884865  -9.944429  -8.674793 -11.941234 -25.011818 -25.599109
  10.1936   4.785883 -25.783957 -27.691333 -23.788625 -14.980994 -10.326347 -11.954349 -24.361935 -24.497196
    10.23   4.785883 -26.765148  -28.66244 -26.777376  -20.01756 -16.590458 -12.004777 -25.840788 -24.591364
   8.8786  -47.39444 -33.427015   -30.3684 -26.506448 -18.444595  -2.779799 -14.781853  -6.519669 -14.103144
   9.0275 -51.892733 -32.450745 -22.004675 -16.410439 -13.474667  -2.867162 -15.145548  -7.994181 -14.103144
  10.4672 -36.624615 -19.587008 -20.485919 -18.393413  -8.761999  -7.672204  -8.636803 -18.850499 -24.858894
  10.5033 -36.624615  -7.897907 -18.267437  -19.54217  -9.944429 -11.329352  -9.378124 -18.778423 -24.065079
   7.4683        NaN -46.750763  -23.48252  -20.90199 -18.254887  -3.447465        NaN        NaN        NaN
  10.6947 -40.990297  -6.239825 -15.333474  -17.11085  -9.944429 -16.590458  -11.21825 -18.778423 -21.738348
  10.7406  -45.35598   -4.67866  -7.574033   -6.35565  -9.820728 -16.590458  -11.21825 -15.884232 -19.166718
   9.3733 -10.769395 -20.429495  -17.94161  -25.84145 -13.379496  -4.976996 -19.562002   -32.0456 -32.912916
 19.82955 -35.830417  -3.259434  -0.811273 -15.107786 -38.280268 -46.935897 -23.616026  -9.004609   0.201495
  9.68735  -7.128766 -23.169505 -20.367166 -25.766917 -17.045891 -19.638891 -29.182533 -38.393501 -40.805664
   9.7653  -6.816739 -20.271437 -19.999668 -25.766917 -17.045891 -12.436297 -20.199305 -37.393788 -33.606398
  20.1208  -33.46032 -20.939215 -16.782333 -19.337694  -36.97657 -66.321655 -52.361767 -37.158302 -17.798597
   9.9431  47.877388 -25.744531 -27.945873 -27.215181  -29.43906 -17.601244 -18.879387 -29.469223  -25.82946
 10.03905  28.969616 -20.429495 -25.775761 -26.237712 -18.573825 -16.899523 -18.762125 -29.069505 -27.613164
  18.7181 -14.093382   -7.02448  -3.952788  -9.466318 -17.404634  -28.27475  -39.95343 -43.559074 -37.220905
 10.24125  -0.490076 -26.274552 -25.775761 -23.788625 -14.018707 -14.284179  -15.32482 -25.426303 -24.858894
  18.9914 -28.262972 -10.712364  -4.486616 -15.790133  -17.98148 -33.036721 -35.935688 -37.746535 -15.269299
   9.0278  -47.39444 -26.182169 -18.400072 -15.677338  -8.555874   0.803241 -15.800683 -11.905783 -19.149652
  19.1864 -31.186451 -11.118862  -8.985716 -25.521717 -33.869974 -38.110515 -29.586578 -23.466777  -8.716923
 17.93125 -14.443296   9.054125    2.89323   8.547905 -23.483592 -42.601654 -53.024119  -43.65623 -28.452754
  20.7043 -31.702095 -23.092191 -16.400192 -23.556773 -46.929243   -35.2662 -49.637605 -60.776111  -67.58731
  18.1933   9.303161  21.969494  26.941143  13.765947 -22.731894 -43.029465 -56.993984  -53.97541  -53.84385
  18.2294  -6.954865  21.969494  26.941143   9.155838 -18.558327 -43.029465 -62.459682  -53.97541  -53.84385
 18.50265  16.035078  12.478139  12.882321   7.924563 -18.215413 -42.542805 -51.621637 -53.538878 -31.269454
   18.525  -9.458148   3.650676   0.785131  -7.457926  -17.98148 -35.695606  -50.75592 -53.538878 -38.209767
  20.1211  -33.46032 -20.939215 -16.782333 -15.304633  -35.84449 -66.321655 -46.346474 -29.338828 -15.332107
  20.2758  -35.58228 -21.750057 -13.959758 -17.124316  -44.86047 -67.325952 -63.121502 -57.714344 -42.661838
  20.3947  -35.58228 -32.913395 -18.806087 -26.978367    -49.635  -71.94778   -72.0489  -68.67602 -51.692535
  17.3956   7.079624  -0.980032 -11.784141  -8.338628 -15.768726  -4.016527 -21.070892  -8.881984   -1.86249
  17.4317 -18.239914  -5.461784  -13.14851  -8.749369 -22.731894 -31.978401  -35.54148 -29.220634 -19.964653
  20.4311  -33.46032 -38.845298 -21.910345 -30.809209 -48.576655 -67.045909 -56.197114 -60.776111  -67.58731
  17.6868   7.079624   0.355231  -3.823291   2.105696 -19.013341 -36.369938 -35.243803 -42.849969 -25.617315
  17.8125  -2.440904     4.3845  -3.823291   2.105696 -21.443038 -41.467659 -53.024119  -43.65623 -32.155037
  19.2647 -42.338989  -9.689093 -15.277798 -26.017734 -34.289018 -38.110515 -29.586578 -32.273555 -11.310743
  19.2939 -42.338989  -9.689093 -21.670027 -26.017734 -34.289018 -42.384443 -36.695721 -32.273555  -8.716923
  17.9425 -11.961431  16.313496  13.887943  13.449217   -17.8725 -40.761475  -35.54148 -43.264187 -35.780075
  17.9604  -9.458148  12.409638  14.648333  13.607582 -14.520798 -36.763765 -35.243803 -43.420489 -47.291117
  19.4779 -22.668043   2.457836   1.191175 -16.046743 -27.806342 -33.036721 -23.213193 -10.904067  -6.948841
  19.6146  -25.17152   2.457836   2.550778 -11.964561 -30.967849  -44.61063  -24.77025 -12.803525  -4.395163
  16.7343  26.678833   11.14496   7.471357  14.223333  17.321925   0.536568  -2.090874   7.092055  27.918461
  19.8879  -25.17152  -7.470211  -0.811273  -9.462923 -35.414192 -61.910025 -52.570202  -34.61627 -13.073591
  19.9058  -29.31592  -17.62506 -10.570749 -14.910939  -35.84449  -65.73597 -55.317841  -34.61627 -13.073591
  16.9069     6.7218  -3.069161  -13.14851   -5.49263  -1.389308  -0.182087     5.4063  11.380926  26.917189
 17.02565  10.660325  -2.024596  -9.483017  -6.915629  -7.607809  -1.848738  -2.972599   4.904883   10.06412
  17.1625   6.244027  -6.157236 -14.964173 -15.016426 -17.961454  -3.007988  -9.057573  -0.830381   0.201855
  17.1806    5.40843  -3.069161 -11.784141  -8.749369 -10.517782  -2.908737  -4.235012  -2.100851   -1.86249
  18.7986 -20.772748 -12.142134  -3.952788  -9.466318 -16.750626  -28.27475  -39.95343 -43.559074  -39.19863
  18.8343   -21.2319  -9.583307  -3.922865 -11.047311  -17.07763 -29.972006 -37.422837 -42.150453 -31.269454
  19.0718 -38.217523 -21.018465 -15.748282 -21.461309  -17.98148 -29.972006 -22.321964 -23.466777  -8.716923
  19.1078 -35.294044 -12.700924 -13.891956 -18.172016   -27.5288  -34.40418 -23.964584 -16.379625  -7.931327
   3.9894  14.191793  -2.642643 -20.471054 -31.961842 -25.263638 -20.298573 -24.090729   17.66734  89.553312
   16.091  53.155915  19.693624  12.152034    4.98329  -5.323804 -19.688067 -18.590344  -24.73193 -16.281159
  16.1089  26.678833  23.243351  14.214357  11.400082   0.115289 -11.513495  -6.887984 -14.054417  -5.719626