    tempo          80        82.5          85        87.5          90        92.5          95        97.5         100
   1.0653    42.25163    -7.12075  -16.633316  -43.533348  -36.939995  -16.825052   48.963894   80.070786    85.49513
   1.0832    9.764645  -23.619265  -29.274224  -44.185439  -50.571403  -18.892802   31.233958   70.400198  100.317375
   1.1011   -22.72234    1.992886  -15.517878   -44.83753   -64.20281  -20.960552   48.963894    60.72961    85.49513
   9.8883  -84.195212  -23.070473  -24.165579   -17.06829   -8.136097    -1.99032  -27.331757  -43.631516  -49.080933
   9.9008  -77.180374  -20.799206   -22.73327  -15.089092  -12.474808   -3.881526  -35.750943  -45.285971  -49.435872
 13.12985   86.059665  117.849535  109.540438   76.921635   39.800928   28.539662   30.699727   36.725425   55.288906
  22.0775   35.396614   21.383945   24.599972    29.64109   12.477919    17.63906   31.913204    41.34622   17.559582
 22.09545   42.985287   30.863067   35.485228   31.731715   16.718256   21.550346   32.659668   45.276775   21.657382
  22.1136   42.985287   30.581139   34.511288   31.627474   19.429483   21.550346   32.659668    41.34622   25.755182
  10.1472  -76.715302  -20.799206  -21.580996  -18.041594    -16.2875  -23.326717   -43.31701  -43.631516  -48.149862
 10.15985   -76.25023  -21.224992   -22.73327  -18.570909  -16.809275  -21.047273  -39.980335  -40.698943  -45.431828
  11.7835    69.50243    9.781406    2.238343   16.070926    5.670492   -8.481639  -27.667929  -36.113451   -11.87507
  11.8014    69.50243    9.781406   -6.226063   11.338165   -5.254484  -34.738838  -39.033297  -44.705801   -14.63037
 22.31875   16.173676    5.223136   11.250135   20.402151    7.002917   -7.543823   27.085482   40.261506   26.099102
  22.3367   19.788694    1.698201    9.554926    17.23841    5.843943   -7.594893   26.138052    41.34622   26.443022
  22.3369   12.558658   -1.338537    3.914731    8.826635   -7.237311   -7.594893   28.032913    49.20733   33.433327
  23.7317   -65.26744   36.813488   16.284805   -3.291799   10.916006   45.457783    69.25842    81.76807   56.855854
  23.7496   -4.161681   37.529506   18.992629     7.94767   22.563046   47.225983   79.543005    88.26443   44.118277
  10.2089   -60.62062  -20.799206  -14.817893   -17.06829   -17.33105  -23.326717   -43.31701  -44.546722  -42.882809
  10.3836   -76.25023  -25.407663  -23.885544  -19.100224   -19.88639    -35.8903    -39.5104  -49.186745  -50.480595
  11.9257   64.229997  -10.357706  -31.913086    3.848696  -41.416522  -59.996367  -38.806837  -11.035168    3.624606
  12.0372   64.229997  -10.357706  -31.913086  -18.085731   -50.48049  -70.312344  -48.816431  -11.035168    3.624606
  22.3978   -5.522259  -19.912003  -25.931015  -19.217144  -33.702618   -23.85102   26.138052   40.261506   26.099102
  22.5725  -14.215366   -27.69867  -34.142982  -42.616257  -41.677414  -25.726358    1.681459   30.174698   25.755182
  22.5728  -15.577513   -27.69867  -34.142982  -42.616257  -41.677414  -25.726358   -4.742438   -6.955218   -8.117708
   9.0369   -97.21612  -41.631559  -41.708687  -25.465412   -1.687428  -16.029894  -17.373838  -27.514981  -48.212055
  12.0733   21.404789   -9.195427   30.007145   11.552015  -34.350624  -57.862995   -43.10038  -10.270867   32.521957
 12.19125   21.404789  -38.962479  -35.036282  -18.085731  -41.416522  -54.921284  -38.539355   -4.915118   35.060565
  21.0994   -4.241154  -19.525835   -6.483167    3.457002   -1.375584   13.883438    7.968033   -7.597142   -13.12542
   0.5344    43.35672   -8.056032  -23.295918  -37.502655  -24.240627   16.327078   57.601166   80.070786   79.542725
  0.55235   42.804175   -7.588391  -19.964617  -40.518001  -24.611883   -0.248987   61.661333   88.817743   97.341172
   0.5703    42.25163    -7.12075  -16.633316  -37.502655  -24.983139  -16.825052   57.601166     97.5647   115.13962
   9.3092   -97.06194  -41.631559  -41.708687    -18.2519  -12.011299  -22.229961  -26.746288  -28.556389  -44.846346
  9.34485   -97.06194   -39.00233  -39.760422  -16.183338   -6.394009  -18.646004  -25.715328  -28.556389  -47.218792
 21.31695    5.105863   -3.162532    7.956647   13.546723    10.35471   30.454493   11.673231   -7.110096   -13.12542
  21.4981   14.383225     5.95507   11.671877   22.279355   14.103748   24.911501   10.335028   -3.792545   -3.253603
  21.5342    20.12705   10.907566    13.99602     27.3203   16.119614   22.774532    9.407716   -0.474993   -2.357864
   9.6167   -91.21005   -14.29018  -12.528862   -5.410505    -1.18388   -6.069266  -34.858227   -30.81568  -47.218792
  9.83955  -77.180374  -14.358295  -16.900512   -8.257141   -1.435654   -5.288054  -35.750943  -34.975549  -47.715423
  11.2347   67.011498   -4.639608  -15.211733    4.397661   15.192227   11.891994   -1.065342  -11.255625  -13.740844
  11.2706   89.337655   14.413953   -19.06733   -3.090524    6.688893   10.124977   -5.359928   -18.81714  -16.138872
 21.78775    20.12705   11.542365   18.981721   20.443731    11.08446    17.63906   15.441165   15.912159    6.730311
  21.8419   33.555992   21.073142   23.508089   23.607473    7.335422   10.885568   15.441165   15.912159    6.730311
  22.0289   42.985287   30.581139   24.599972   23.649052    6.508953    7.974091   18.426388   21.739558   11.191846
  23.4236    13.79672  -15.603175  -33.955147  -54.506012  -54.586693  -11.513088   -1.914286   45.494057    3.559258
  23.4597    4.599969    0.381048   -24.82169   -53.91583  -18.563637   30.664936   48.794296    46.64003   31.380701
  23.4956   -7.800509   21.201206   -7.202126  -17.343796   -2.640182   44.709618   48.794296    46.64003   31.380701
   9.9008   -91.21005  -33.623764  -24.165579   -17.06829    -16.2875   -7.064971  -34.858227  -46.940426  -50.480595
  11.5064   89.337655    27.93147   -8.058337   11.552015   13.929746   10.124977  -16.319763   -18.81714  -11.342817
  11.7653    86.52089    28.75824   -14.34943   19.011282   16.454708    1.661661  -16.319763   -18.81714  -12.407323
  22.1261   35.396614   21.383945   24.599972    29.64109   14.007029   13.727773    31.16674    41.34622   25.755182
  23.5956  -36.533974   28.952161    1.543745  -10.317797    4.137912    38.06136   59.026358    64.20405   44.118277
  23.6956   -65.26744   36.703117   10.289615   -3.291799   10.916006   45.457783    69.25842    81.76807   56.855854
 23.71365  -67.043705   36.758302    13.28721    6.555186   18.544303   47.225983    71.85565    88.26443   68.531922
  8.50625    -97.3703  -26.705124   -9.669291   -7.402402   -3.775854    1.521741  -10.414547  -12.857173  -62.165317
   8.5425   -99.63998  -33.218555  -12.103596   -6.937609   -2.780729   -0.517662  -17.312489  -19.757486  -54.217953
  11.8139   64.229997   -9.195427  -31.278242   11.124314   -5.395246   -47.71283  -34.513294  -27.682003   -6.723243
  20.5325   -0.108047   -3.018114     7.41432    9.855036   -1.375584   -29.65252  -20.543968   14.492839   12.095138
 20.56845    1.120092    -2.00957     7.67676     8.60005    -6.58695  -26.316201  -20.543968     9.16312    8.812691
  20.7132   -4.076602   -4.845859    7.956647     9.36869   -1.446577  -21.473826  -17.778648     5.45544    7.905678
   8.7778 -101.608877  -45.440409  -27.965035   -5.320785   -7.935785   -11.04958  -18.778113  -27.514981  -54.217953
   8.8139   -98.50514  -45.440409  -38.618307   -5.537204   -7.935785  -19.129928  -26.631926  -28.372162  -49.609492
  10.4192   -76.25023  -26.081343  -24.165579  -21.086983  -24.227692  -40.873627    -39.5104  -49.186745  -50.480595
  20.7797    -8.37426  -10.382475    7.939199    8.317755   -1.375584  -11.976213  -12.424416   -7.148962    8.812691
 20.89735   -4.241154   -7.353508     7.67676     6.69211   -1.396748   -5.144777    -6.82728   -0.827328   -2.357864
  21.0278   -4.241154  -14.514488   -6.071084    3.671524   -1.375584    6.347961    1.380931   -7.187828   -4.149342
 22.57265  -15.577513  -33.007301  -35.188595  -45.442768  -41.903222  -27.830026   -1.530489    11.60974    8.818737
   9.0433   -97.06194  -41.631559  -41.735355  -26.688756   -6.394009  -19.129928   -17.25114    -26.6578  -45.342978
   9.0681   -97.06194  -44.260788  -41.735355  -26.688756  -14.387084  -22.254075  -20.182388  -28.391441    -42.4739
 10.47405   -76.25023  -18.390411  -15.445964  -25.352058  -29.030361  -43.076582  -43.365525  -34.416994     -32.475
 10.59195  -68.435425  -18.390411  -15.445964  -23.112809  -29.030361  -43.076582  -43.365525  -34.416994  -29.373534
  21.2261    -8.37426  -14.514488   -6.071084    3.671524    4.808402   21.439178    8.873785    -7.82756   -9.326302
  21.2392  -11.852843   -8.706121     7.41432    7.689931    5.338096   25.731346    10.89052   -7.110096   -4.149342
   21.275   -3.937512   -6.968594   -6.071084    3.671524    5.338096     33.6175   18.426388   -7.110096   -5.527184
  22.6508  -28.459054  -52.739252  -74.094255  -77.173735  -80.077662  -40.174731  -17.682183   -27.94001  -20.064235
 22.66315  -41.340595  -52.739252  -74.094255  -77.173735  -80.077662  -40.174731  -17.682183   -27.94001  -20.064235
 22.68735  -41.919396  -45.614474  -74.094255  -77.173735  -80.077662  -40.174731  -17.682183   -27.94001  -20.064235
   7.7039   -40.39736   -6.996665  -21.742697   -37.76335  -22.084576   -4.735665    5.559252   30.435194   42.259631
  10.9756   47.502106    6.408352   -14.34943  -15.801067   -13.07126    0.869144   -39.11755   -18.81714  -16.138872
  11.0114    86.52089   14.413953   -14.34943   -2.328991    6.688893    1.661661  -16.319763   -18.81714  -16.138872
  19.7297   -5.495788   -3.017463    8.470665   14.698434    1.399704  -36.572243  -14.798827   16.552754   20.725679
  23.1647    1.107005  -44.429817   -77.17126   -89.95623  -91.973854   -30.51729  -27.441353  -59.127434   -39.78308
  23.2006    2.853487  -39.035854   -69.00794  -70.720795   -79.27995   -30.51729  -27.441353  -59.127434   -39.78308
  23.2364    4.599969  -39.035854   -69.00794  -70.720795   -59.33252  -24.522419   -4.521858  -59.127434   -39.78308
   8.0114  -65.080425  -15.539062  -13.236593  -31.556622   -8.836404    0.788966   58.492596   45.130154  -19.033396
   8.0714  -80.513522  -18.246077  -19.238201  -27.713915   -6.930352    1.521741    9.820759   26.070275  -50.539574
  20.2003   -5.277755   -1.002327   12.695042    25.88105   -8.245855  -40.816454  -33.427986   16.191349   26.428404
 20.23085   -7.690227   -1.002327   13.743001    25.88105   -8.245855  -40.816454  -34.310909   16.887093   28.222849
  20.2607   -5.277755   -1.002327   12.475103    23.33716  -12.263105  -42.024844  -33.427986   20.395567    33.71014
   8.2828   -74.57965  -17.318036  -12.103596   -7.867196   -2.780729    3.441413    9.820759  -12.857173   -57.70508
  8.30095   -94.30404  -26.705124  -17.165059    -24.2752   -5.850666    0.788966  -10.414547  -35.502727  -66.908785
  10.1114  -84.195212  -25.744503  -24.165579  -18.041594   -17.33105  -21.262114  -39.318336  -46.940426  -50.480595
  20.4361   -9.291006   -4.489451    9.386402   17.532671  -12.263105  -39.068499  -24.613332   18.144766   28.222849
  20.4719   -4.374389   -3.753782    7.136399   12.182501    -6.58695  -36.710873  -22.730049   17.154525   27.707798
  20.4843   -4.076602   -3.016812    9.386402     16.3054   -1.389249  -33.615092  -20.585119   16.164284   19.901468
   22.144   27.761832   21.073142   23.508089   27.567824   13.242474   10.885568   28.652396   40.261506   21.657382
  22.3006   19.788694   10.907566    13.99602   23.649052   12.148428   -1.087282   26.138052   39.176792   17.559582
  10.1725  -68.435425  -20.799206  -21.580996  -18.041594    -16.2875   -18.76783    -39.5104  -43.631516  -47.256381
 20.73125   -6.374325   -6.085431    7.956647     9.36869   -1.396748  -18.772748  -11.514879     5.45544    7.905678
  22.3494    6.832832   -2.951408    1.725876    6.128547   -7.581267   -9.017958   27.085482   45.276775   29.938174
  22.3619   12.558658   -4.564278   -0.462979     3.43046   -7.925223  -10.441023   26.138052    41.34622   26.443022
  7.19025  -135.69197   62.043881   24.627079  -22.394323  -50.038483   -35.55694    0.539852   12.862255   46.314326
   7.2504  -71.638907   53.619045  -12.525803  -56.519585  -66.537733  -45.010786  -58.545258  -58.718323  -16.418678
  10.4193  -68.435425  -25.744503  -24.025562  -22.283648  -25.167742  -41.151157  -41.413705  -46.866734  -42.882809
  19.4217   13.894421   -3.443941    6.183071    2.673814   -6.488541  -42.959763  -18.496578   15.729413   13.207278
  19.4333   -1.654241   -3.898262    6.183071    2.673814   -6.488541  -42.959763  -18.496578   14.093129   13.207278
  19.4456   -5.495788   -8.735728    4.409344    4.199742   -4.508902    -25.5602  -15.144316   13.595486   13.207278
  22.6083  -14.215366   -27.69867  -25.931015  -42.616257  -23.880842  -25.726358   -4.742438   -8.347262  -11.102024
  22.6086  -12.853218  -33.007301  -30.036999  -45.442768  -32.779128  -25.124389   -6.332726   -9.366741  -11.936836
   7.3561  -56.830418   53.619045  -12.525803  -56.519585  -66.537733  -45.010786  -58.545258  -58.718323  -16.418678
   7.5039   -47.98928   -6.996665  -21.742697   -42.64431  -35.852795  -45.010786  -61.429649  -60.502205  -17.726037
  19.6331    -6.18112   -1.597859    8.470665    5.502289   -7.731548  -36.572243  -18.496578   13.614525    8.143964
 19.66905  -10.626374   -8.735728    8.800162    6.950947   -8.245855  -37.628374  -20.069189   13.614525   11.391601
  19.6936  -17.398777  -11.509535    4.409344    5.502289   -8.760162  -38.684505   -20.62627   14.093129   13.207278
  18.6425   56.749137   -3.443941  -10.188469  -13.073085   -26.19657  -57.175552  -53.178593  -24.887964     4.47196
 18.64265   42.845394    -4.91288  -11.979624  -13.998846  -26.751821   -64.21716  -60.514385  -30.405924    6.907459
   6.6772 -179.204675  -160.31631  -135.31003  -160.84386 -124.627945  -140.70395  -104.04494  -47.942505  -11.868877
  6.68915  -175.09885 -154.239055  -145.29193 -157.529795 -129.733493  -141.09392  -118.80845  -53.073925  -28.394896
  18.8303   72.689172   -3.207388  -10.690933  -15.625956   -23.65629  -54.534321  -49.744705  -17.931807   10.568117
  18.8661    55.54798   -3.443941  -11.193398  -14.924607  -27.307072  -60.902348   -50.37879  -17.128001    9.955537
  18.8785   31.073302   -7.778104  -10.690933  -15.625956  -26.751821  -61.771399   -51.67271  -24.865128    4.350454
  6.82485  -168.53847  -10.462951  -31.861963  -62.198038    -45.8283  -62.404404  -19.325598   17.993675   46.314326
   6.9486  -158.04382   53.193977  -59.650105  -154.21573  -134.83904  -141.48389  -104.04494  -47.942505  -11.868877
   8.5667   -99.63998  -41.631559  -15.091917   -6.937609   -4.770979   -2.124957  -18.778113  -27.514981  -54.217953
   8.6903 -103.577774   -46.62003  -27.457847  -16.201511   -7.935785   -11.04958  -20.182388  -28.372162  -55.481518
  18.9622   31.073302   -3.207388   -0.585046   -5.597165  -25.663255  -57.467566  -44.461906    0.712626   11.290855
 19.13795   18.473743   -1.025619   -0.585046   -5.597165  -22.575344  -52.699194  -37.209644   14.571734   15.022955
  19.1739   13.894421    0.919598    0.583875   -4.586919   -9.132057  -43.913742  -18.496578   29.000113    29.33472
   20.695   -3.778815   -3.018114    7.939199    9.855036   -1.417913  -22.316689  -13.610304   -7.110096    6.221666
  20.7672  -14.207623   -7.738421    7.974094    8.882345   -1.417913  -15.925436  -12.424416   -7.148962    6.998665
  8.95545    -97.3703  -45.440409  -39.760422  -21.858656   -3.229204   -11.04958  -20.182388  -28.372162   -51.77825
  20.9672    -8.37426  -10.382475   -4.105082    3.671524   -1.375584   -3.166146   -5.723383     5.45544    4.868637
  21.0636    -8.37426  -21.736197  -11.613187    3.671524   -1.360585   13.883438    8.873785   -7.392485   -9.326302
   5.6144  -180.83725  -201.15971  -217.59036  -224.43779  -196.99858  -147.00642  -135.94241  -111.80755   -88.69529
  5.72625 -171.187605 -201.154505  -215.82188  -206.94298  -182.04638  -140.77793 -122.811885 -105.949933   -83.67135
 17.93345   35.072338   10.823728    6.795249    5.792061    1.205818  -14.698594  -15.459302    3.983329    3.186252
  18.0272   36.075966    4.809532      1.0292    2.873688    1.205818    -2.28896  -15.459302    5.398481    6.076655
  18.0633    34.06871   -0.138536    -2.38778   -4.218483    0.405041   -6.419437  -34.397125     3.68519     4.47196
  21.3108     9.71249    0.464007    7.956647    8.772483    6.188372   30.454493   11.673231   -7.148962   -9.326302
  18.3711    90.77795   -2.147077    -4.00037   -5.092004  -17.997126  -34.806328  -48.698885  -24.487572   -6.973069
  18.5707    90.77795   -3.789674  -10.690933  -15.419977  -20.305737  -45.375622  -48.999525  -24.487572    1.020789
 18.60045    65.02635    -4.91288  -13.015657  -20.228663  -20.887403  -46.326817  -49.744705  -24.487572    4.411207
 19.97125   -3.778815    0.702545   11.578423    25.88105    4.510542  -30.486961   -9.449371   16.887093   11.391601
   20.025   -4.374389   -1.157134   11.798362   27.377823    2.692627  -27.620403  -15.482115   14.889404    8.478327
  20.1007   -4.592422    0.702545   14.369816   27.681946    1.409427  -34.514482   -20.62627   16.218414    8.143964
   6.5532  -171.81866   -45.13633  -36.193202  -49.123598  -32.080784  -33.267385    11.28487   66.172127   77.438637
   6.6411  -175.09885  -160.31631  -135.31003  -160.84386 -124.627945  -140.70395  -104.04494  -47.942505  -11.868877
  8.26485  -80.513522  -26.705124  -17.165059  -25.399451   -5.850666    0.788966  -26.631926  -12.857173   -57.70508
  18.6547    70.65288   -5.217248   -12.76585  -13.073085  -27.307072   -65.67707  -61.419647  -31.804813     4.47196
   18.655    63.10043   -4.608513   -12.76585  -13.073085   -26.19657   -62.75725  -59.609123  -29.007034    9.342957
  20.2361   -5.277755   -0.149891   13.591722    24.44918  -10.888027   -42.28433  -36.191906   18.061487     28.7379
  20.2608   -4.374389    -2.00957   13.591722    22.22514   -11.69866  -41.765358  -34.310909    19.90456    31.22402
  20.3668  -10.194371   -4.489451    9.386402   17.532671  -12.263105  -40.816454  -29.807495   18.144766    34.24382
  5.05305  -181.31649 -202.938225 -221.562135  -231.42586   -220.3636  -178.81271  -158.36007  -147.86924 -132.076325
   5.0711  -185.18033  -204.71674  -223.39777   -237.8689  -220.97357   -186.0339  -185.80562  -209.08485  -179.85123
  8.42445   -94.30404  -26.705124  -17.165059    -24.2752   -8.836404   -0.517662  -17.373838  -28.372162   -63.90888
 17.24235     -2.1147   -0.943219   -7.602585  -11.620756  -17.535804  -44.966738  -63.257425  -13.378258   17.934255
  17.2603    0.857578    3.853827   -7.162847  -12.355719   -19.69236  -45.734936  -46.560528   -3.628708    25.39193
 20.47205   -4.374389   -3.018114    9.386402     16.3054   -1.446577  -34.514482  -21.523353   17.154525   27.707798
  20.4968   -4.374389   -3.017463     7.67676   12.182501   -1.368084   -31.50302  -14.996669   16.139581   12.095138
 20.50795   -4.076602   -3.753782    7.136399     9.36869   -1.396748   -31.50302  -14.992964   16.114878   27.774135
    5.195 -173.123875 -200.129105  -218.65843 -224.710305 -210.297505  -178.81271 -160.874015   -160.4462  -129.24932
  5.32485 -173.123875 -200.129105  -218.65843 -224.710305  -198.91998  -159.29897 -160.874015   -160.4462  -134.27326
 17.40205    4.910541   10.874364   10.239623   -4.112752  -10.940297  -27.728386  -25.921501    5.100343   17.583739
   17.514    7.829135   12.481749   12.037654   -0.332314   -6.304171  -27.728386  -23.626456    1.407807    9.561824
    17.55   10.183124   18.016103   13.991953    1.930476   -1.267369  -23.954919  -15.459302     3.35666    4.790947
    19.15   17.646275    0.919598    0.583875   -4.586919   -15.90814  -48.222836  -34.618774    22.58889   20.976863
   5.5786  -180.83725  -201.15971  -217.59036  -224.43779  -196.99858  -147.00642  -135.94241  -111.80755   -88.69529
   5.5965  -183.00879  -211.81832  -236.82378  -234.47259 -201.106575  -159.29897 -144.360935  -116.11687   -90.19707
   7.2683  -71.638907   53.193977   -41.14529   -70.39486   -97.22267  -74.478004  -61.429649  -77.216339  -17.726037
  17.7678    23.77333   22.041548   15.935972   11.091429   11.579525  -13.515139   -4.939096    6.515495    0.141033
  17.8036    28.92102   20.549977   15.589749   10.528644    5.403361  -18.774138  -15.459302    3.983329    1.020789
  17.8394    34.06871    16.50132   11.429625    9.965858    2.006596  -26.659868  -13.234714    4.281467     4.47196
  19.4393   -4.810455   -8.885264     2.49661    3.436778   -5.872257  -37.628374   -17.92467   13.576447   11.290855
  19.4456   -5.495788   -6.316995    6.183071    5.502289   -5.255974  -36.572243  -18.496578   13.595486   13.207278
  19.4575    -6.18112   -8.735728    4.409344    2.673814   -8.760162  -38.684505  -19.776049   14.093129   20.725679
   7.7033   -47.98928  -16.389994  -28.028812   -41.38958  -26.859219  -12.901933  -56.410249  -60.502205  -17.726037
 19.68125  -14.012576   -9.034801    8.800162    6.950947   -8.946109  -40.484417  -27.534893   13.576447    8.143964
 19.69945  -14.012576   -9.034801    6.440005     9.70055   -6.120225  -37.628374   -20.62627   14.093129   13.207278
 19.71735   -9.158301   -4.730561    5.386769     9.70055   -6.120225  -38.476976   -20.62627   14.571734   15.022955
  4.65765 -168.809405 -223.239745  -253.18081  -249.37816  -209.83675 -158.798035 -109.837755   -79.65679  -66.297227
   4.7756   -168.7951  -204.71674   -228.4973  -232.41495  -200.84138  -164.54193  -111.24376   -86.65363   -84.30142
 16.86485  -67.209568  -33.038421  -32.111852  -26.465076  -20.231338  -54.178919  -81.735335  -64.055781   -10.46201
  16.9647  -60.559475  -28.709114  -25.619183  -27.776499  -35.645622  -59.502747   -81.91626   -50.66994    16.30509
 16.98265   -43.61767  -28.718663   -25.78738  -30.624205  -41.055135  -63.517583  -81.735335  -46.948675   22.477676
  20.1642   -4.810455    -2.00957   11.798362    27.31292   -1.067583  -36.572243  -22.730049   16.552754    8.812691
   4.8114   -168.7951   -199.0985  -223.39777  -232.41495  -200.84138  -164.54193  -111.24376   -86.65363   -84.30142
   4.9232 -173.123875  -201.90762 -225.947535 -235.141925 -210.297505 -168.066725  -121.07914  -99.273475 -103.606255
 17.01845  -15.881421  -19.046927  -17.538941  -21.880049  -29.579042  -56.939758  -81.735335  -46.948675   11.144278
  17.0364  -26.675865  -12.349656   -14.01358  -18.366434  -35.645622  -59.502747    -79.5096  -27.953138    16.30509
  17.1303  -15.881421  -11.214709  -11.111813  -15.361077  -29.295149  -54.178919  -76.392298  -35.385888   15.954573
  18.6906    70.65288    -4.91288  -11.979624  -13.998846  -26.751821   -59.03895   -51.67271  -24.887964     4.47196
 18.76045   72.689172   -4.026227  -10.690933  -13.998846   -23.65629  -54.534321  -49.744705  -24.865128    9.342957
   5.0771  -181.31649 -202.938225 -221.562135  -231.42586   -220.3636  -178.81271 -160.874015   -160.4462  -129.24932
    6.719  -171.81866  -111.14084 -116.097215 -157.529795 -129.733493  -141.09392  -118.80845  -53.073925  -28.394896
  17.2722    0.857578   -5.740266   -8.210046  -12.355719   -19.69236  -36.216457  -40.811817   -0.212517    25.39193
 17.29015     1.89561    4.303023   -6.116552  -11.620756  -17.535804  -34.018465  -34.124934    2.342569   22.477676
  18.8664    55.54798   -4.608513  -10.188469  -14.924607   -26.19657  -57.175552   -49.11062  -17.128001    6.846706
  18.8906   42.845394   -4.608513   -6.494668  -14.924607  -27.307072  -57.175552   -49.11062  -17.128001    6.846706
  18.9261   18.473743   -4.608513   -6.494668  -13.073085   -26.19657  -57.175552   -46.53523    -9.20532   10.929486