    tempo         80       82.5         85       87.5         90       92.5         95       97.5        100
  4.18125 -12.402503 -13.442347 -20.014258 -11.825036 -22.070304 -30.626177 -22.838817 -17.235968  12.860485
   4.1994  -12.01334 -11.010824 -27.264318 -11.889027 -24.308985 -32.136173 -24.291416 -17.997427   8.664736
   4.2353 -10.205541 -11.010824 -27.264318 -11.889027 -24.308985 -32.136173 -24.291416  -16.47451   8.664736
   7.5075   87.77145   90.47864   73.01181   64.86206   30.46649  -7.908455 -22.286415 -10.157471  23.867962
  16.2817  -7.659059 -26.352227 -35.347008  -30.37485 -27.200697  -7.732622 -16.437267 -25.810827 -42.979073
  16.3089   6.497875 -17.389774 -30.227335 -26.262258 -28.589572 -13.052666 -18.199731 -25.380729 -37.449546
  17.9178 -59.322025 -21.658949 -17.893487 -15.031864 -22.173852 -29.002238 -43.418846 -55.167855 -36.139795
  17.9357  -55.56636 -21.658949 -17.893487 -16.300521 -23.362496 -31.765635 -44.936704 -55.167855 -33.604088
   4.3668 -14.560008 -10.516199 -24.547821 -14.352713 -24.645905 -34.911632 -26.572155 -14.478627  14.620285
   4.4353 -17.620894 -11.010824 -27.264318 -24.133343 -36.459953  -39.25076 -27.110464 -14.359463  16.498892
   4.4711 -17.797424  -15.87387 -32.683746 -28.197786  -40.87557 -41.205032 -31.941061 -17.997427  13.740385
   6.1071  -3.324047  77.623425  57.457973  69.732467  77.209453  84.816415  82.316375   78.89176  74.708185
    6.125 -17.525751   76.64547   57.33958    67.1418   81.23519   97.94227   82.27474   79.16944   77.80073
   6.1611 -17.525751   74.24023   46.28295  72.323135    86.8458   97.94227   82.27474   79.16944   77.80073
  16.5178   2.525246 -28.958668 -34.355811 -20.403292 -14.154606  -4.165482  -1.327657 -22.722885 -44.919506
  16.5536 -10.563652 -24.478864 -33.364613 -16.363495 -16.992767  -4.438173   -2.97546  -20.49514 -42.979073
 18.06055  -51.59124 -44.237705  -20.16053  -0.226119   2.046471  -8.955823 -46.556235 -58.342763 -33.604088
  18.1717  -55.56636 -44.718777 -21.544109   1.792507  15.577041   -3.57399  -47.56874 -63.028435 -33.604088
   4.5072  -22.16371  -18.90583  -32.83619 -16.816399  -2.887459 -16.713943 -21.386217  -1.299428  31.661165
   4.5342 -14.560008  -15.87387 -21.831324 -11.889027   -5.57559  -36.52682 -27.918274  -1.299428   39.35034
  4.55225 -19.714301  -9.311793 -14.074097  -7.919055  -2.183994 -32.821501  -26.97606   2.207673  44.241415
   6.2682  22.904582  68.757153  47.013495  62.520883   71.96927  63.593224   75.72899  79.582347  75.611715
   6.3614  34.931507   74.24023   47.74404  58.561737   62.70335  62.560143   69.18324  79.995255   77.80073
   6.3793  22.904582   75.44285   52.54181  51.778486  61.519363  61.316998  68.548195  79.304667  75.611715
  15.1717  17.099165 -21.493639 -21.081173 -28.650133  -9.396633     6.8178  -0.575194   -9.90833 -35.241116
  18.2078  -47.61612 -47.627752 -23.992823  12.424695   35.53032   -4.17542 -63.558556  -80.34236 -47.925117
  18.3257 -78.471918 -53.125921   -24.8621  20.081081  54.987492   3.585894 -69.587768 -85.022895 -54.426649
   3.3611 -24.638946 -28.105976 -26.751951 -21.734598 -19.663916  -17.02821 -20.088856 -12.285603   39.60193
   3.3969 -34.704334 -28.316448 -26.751951 -21.734598 -15.048255 -14.257117 -19.655298  -9.626923  39.677554
  6.41525  44.976133  68.757153  52.660203  62.520883   71.96927  63.593224  75.093945  71.770892   72.51917
   6.4333   79.07461   74.24023  57.576366   66.48003   81.23519  64.626305   82.27474  64.927704   71.61564
   6.5333  44.976133   64.20717  52.660203  62.520883   71.96927  63.593224  75.093945  72.461479   72.51917
  15.4436 -18.063245 -27.513842 -30.670624  -33.86013  -19.28053     6.8178   4.411168  -6.771067 -30.121704
  15.4794 -18.832651 -27.513842  -32.00015 -36.738476  -19.97791     6.8178   5.903088  -4.192345 -29.295395
   3.4958  -20.68178 -18.236435 -14.978357  -9.574961  -9.982084  -17.02821 -20.088856   -8.37526  35.091236
  3.65125 -19.495463 -14.623629 -15.534776 -10.668003 -10.775977 -17.720435  -21.06064 -14.359463  25.333131
   3.6958  -20.68178 -18.236435 -16.091194 -11.761044  -11.56987  -19.62447 -24.291416 -16.339588   4.468986
   5.2872   29.46035   61.64692  35.391624  28.849903  35.682648  40.101376   53.04674  66.097885   72.92139
  15.5425  -20.50364  -28.30046  -36.55863 -41.782047 -29.851288  -1.540766   4.411168  -3.097639  -22.23247
 15.75155 -21.625105 -29.159445 -35.952819 -38.175708  -22.55126  -1.037012  -0.393374  -8.339698 -18.259038
  17.3697 -10.820425 -19.758759 -32.909515 -29.038773  -0.372513   7.183742 -18.724518 -53.822098  -60.41426
  17.4056 -10.820425    -17.538 -25.959061 -17.880951 -12.212238 -14.181399 -22.433622 -47.388771 -56.268043
   3.9229 -16.999838 -10.516199  -8.633835  -7.728398  -7.981144 -14.104194 -14.259784 -15.282065  14.620285
  3.96565 -16.999838 -18.869098 -20.014258 -11.825036 -12.515169 -15.382775 -17.719352 -16.204666   3.343597
   3.9971 -14.560008 -18.571133 -29.974032 -14.352713 -18.754652 -24.370326 -22.406435 -18.081546   2.218208
  5.46585  65.339382  45.851619  34.897014  51.885925  51.388764  59.400402  74.410485  68.614863  71.508545
   5.5771  65.339382  54.254344  40.050066  51.885925  36.927588  43.605811  62.792403  68.614863  76.681367
   5.6129  65.339382  62.263619  45.053705  51.885925  33.588867  43.605811  69.932895   75.15064  76.681367
  17.6596 -34.273299 -12.299973  -22.75793 -25.654056 -23.362496 -20.460508 -37.659491 -47.739957 -36.839635
 17.89955  -51.59124 -17.999277 -21.504455 -17.880951 -22.173852 -18.631518 -39.382258 -52.813664 -36.839635
    5.849   46.78438  63.077196  45.053705   46.92895  25.286152  33.657403  69.932895   74.87296  71.508545
    5.885  32.195929  69.959772  45.465032  66.810915  46.130467   45.94756   73.66083   74.87296  71.508545
  5.99615  22.904582   75.44285  51.435371  69.732467  77.209453  84.816415   80.20658   74.87296   70.85567
  14.5614  -6.436678 -10.199907  -5.947194  -1.733049   5.849336  22.367593  17.152191 -21.975755 -28.649804
  14.6772   9.462708  -8.429441  -5.789106  -2.831112   3.243269  14.044999  -2.418373 -33.473255 -33.289246
  17.9492  -51.59124 -31.273986 -21.485874 -15.447881 -21.654438 -26.575006   -47.0978 -64.904274  -35.82222
   2.8306 -16.711096 -18.101158 -19.528664 -23.553864 -27.426924 -18.951752 -23.173105  -9.626923  21.233497
   2.8667 -22.210278 -21.282792 -18.317705 -22.644231 -26.224488  -17.91837 -23.280293 -13.251041  15.774776
   2.9025  -23.00196 -24.355934 -19.528664 -23.553864 -27.426924 -18.412659 -24.693921 -15.473854   9.194473
  6.16805  -3.324047  68.757153  47.013495  69.401582  84.040495  81.284288   80.20658   78.89176  74.708185
  14.9133   7.910349 -14.006069 -14.786582 -15.432734   -4.92625   7.990149   3.342189 -25.811799 -35.537352
  14.9761  18.651525 -18.512925 -15.195411 -17.495245  -8.028866   7.359424  -4.621865 -25.811799 -38.490364
  16.5536   2.525246 -24.478864 -27.090057 -16.363495 -24.691462  -4.375098  -9.095834  -20.49514  -46.85994
   3.1386 -22.042774 -24.355934 -19.528664  -19.54937 -20.747204  -17.42408 -22.748165 -12.643493  17.918425
  3.16985 -16.999838 -25.823943 -23.844715 -18.438669 -17.356085 -15.642664 -19.872077 -13.251041  17.918425
   3.2011  -21.87527 -25.989088 -25.029316  -19.54937 -17.677681 -14.257117 -21.599827 -16.204666  19.725449
   4.5703 -14.560008  -2.749716  -6.316871  -3.949083   1.207601 -29.116182 -26.033846   5.714773   49.13249
   4.7072 -14.560008  -2.749716  -6.316871  -3.949083   1.207601 -29.116182 -26.033846   5.714773   49.13249
 15.18515  17.099165 -22.620089 -22.101475 -30.802593  -9.433091   6.777717   2.663947  -7.050337 -35.537352
  15.2211  18.651525 -20.150191 -22.101475 -30.802593 -14.017165   4.887815   5.157128  -3.546842 -31.172175
 16.61655 -13.066108  -32.61046 -44.302825 -20.403292 -15.296092 -13.052666   -28.8687 -40.614547 -63.273106
 16.72795   -6.20223 -19.758759 -34.359523 -21.867187 -25.888701  -17.06711   -28.8687 -40.614547 -60.821031
  3.41085 -24.638946 -28.023525 -25.890633 -17.706087 -11.031928  -9.510651 -16.595519  -9.626923  39.677554
   3.4242 -27.402622 -27.941074 -25.029316 -14.990202  -9.982084 -14.257117 -20.088856 -14.245134  35.091236
  4.83525 -34.161574  45.130056  34.897014  27.783001  35.849924  34.804398  48.351165  59.416297  75.513532
  4.93525 -34.161574  45.130056  32.341807  24.236975  33.588867   24.85599  17.843685   52.16671    67.3753
  5.04665 -28.207596  45.130056  32.341807  24.236975  33.588867   24.85599  17.843685   52.16671  65.962455
  13.8458  -6.436678 -11.932525 -21.006686 -12.808739  -4.172598   16.68734  13.926775  -4.941138 -17.293084
 17.11095  -24.54818 -34.780353  -47.61463 -30.030902   3.296262   8.122182 -13.763425 -40.178235 -71.138203
 17.14705 -20.930477 -28.928941 -44.302825 -29.480899   3.296262   8.122182 -11.058271 -40.178235 -60.821031
   2.0643   0.645952   3.160318  11.407169  13.287467   2.025152 -28.322087 -20.616222  -4.327586  24.043157
  2.07095  -2.538651    1.84688    7.48411  10.924796   0.132555 -29.334625 -20.616222   -0.72133   20.93571
   2.0954  -5.023252  -3.772805  -0.300604  13.287467   3.486046 -28.133001 -23.020832   -0.72133  16.429664
   5.2939   50.75093  62.263619  34.897014  27.783001  33.588867  43.605811  61.864645  68.614863  75.513532
  5.31865   50.75093  54.254344  34.897014  27.783001  33.588867  48.470907  74.410485  68.614863  75.513532
   5.3546   50.75093  37.980308  32.341807  31.673074  36.927588  54.099742  74.410485  68.614863  71.508545
  14.1111  -6.436678  -9.649233 -16.894775  -15.04417  -6.844296  18.813057  23.009838  -0.171823  -18.35861
  14.1601   0.273891  -9.968435 -13.826225 -12.096156  -4.172598  19.082223  24.272791   2.322069  -15.31063
  2.12025  -5.431659  -0.442072   1.669223   5.197466  -1.379006 -28.133001  -21.13158  -3.702789  12.323674
   2.3003  -5.521716  -2.347611    1.53525   4.375845  -0.922151 -26.943062 -23.020832  -8.352086  12.287536
  2.33625 -10.219017  -6.347034  -2.510337  -6.129894 -10.522858 -28.133001 -23.096968 -13.251041   6.372626
   3.9769 -16.999838 -18.869098 -20.014258 -10.668003  -7.981144 -15.229851 -17.719352  -16.47451   3.343597
  14.3831 -23.451067 -12.301525 -10.757675 -13.619003  -2.297274   9.717575  18.730795  -3.788382  -18.89318
 14.43195  -6.905068 -10.199907  -8.634248  -8.003212   3.199112   8.280831  13.989291 -20.417761 -24.072682
  16.0369 -19.734234 -27.513842 -35.347008  -33.86013 -16.992767   0.579935   4.411168 -18.016071 -28.622423
  16.2458   6.497875 -21.074433 -33.364613 -26.919691 -25.124609  -3.955867  -9.194315 -25.810827 -37.418633
   2.4344  -8.514976 -17.260166 -12.800383 -11.669948 -19.663916 -31.232521 -23.896503 -15.473854    3.82085
   2.6081 -11.508235 -17.401829 -14.346065 -18.311537 -22.342985 -21.389716 -23.226699 -11.314152  12.251399
   2.6439 -13.215212 -17.816044 -17.106747 -23.553864 -27.426924  -20.04235 -23.173105 -13.001382  14.013087
  4.23085 -11.624176 -10.516199 -24.547821 -11.825036 -22.070304 -30.626177 -22.838817 -15.416987  12.860485
   4.2353  -12.01334 -11.010824 -27.264318 -11.889027 -24.308985 -32.918594 -26.033846  -16.47451   8.664736
   4.2489 -14.560008 -13.442347 -29.974032 -14.352713 -24.645905 -34.911632 -27.514369 -17.235968   4.468986
 16.43125   6.497875  -19.99906 -30.227335 -20.177698 -20.842115  -4.406636  -1.327657 -22.722885 -49.334555
   1.2393  40.365693  34.728085  21.680926   0.226017 -18.111369  -30.88891 -40.315386 -38.547898 -21.376568
   4.4532 -14.560008 -13.442347 -29.974032 -28.184734 -41.071052 -42.163349 -29.929668 -16.297608  14.620285
  4.47125  -21.03484  -17.38985 -32.759968 -30.182086 -38.667761 -40.227896 -29.929668 -16.297608  14.620285
   4.4714  -23.29258 -19.203796  -33.85321 -28.184734 -28.145788  -37.88879 -29.929668 -16.297608  14.620285
  13.3086 -19.883316 -14.339458 -21.092771 -23.445684 -10.525272   5.777103   4.002653 -11.941189 -26.654323
  13.3447 -12.534569 -11.124598 -14.479006 -18.277285  -7.501169   5.216723   5.272739  -12.40134 -30.628262
 16.56055   5.197862  -19.99906 -33.137064 -14.889561   2.179562  -2.244563 -11.107512 -22.722885 -49.334555
   1.5336  35.510729  35.596726  26.416156  15.015251   2.839057  -31.82646 -44.416259   -37.0132   1.268064
     1.56  20.044329  33.772884  18.428543   13.85133   7.828528  -29.32294 -37.396557 -30.906466   7.072957
  1.56985  18.032442  23.815122  17.708355  13.684315   7.699904 -27.404521 -31.372101 -22.831287   10.93824
  4.72515 -13.092092   4.070298  -2.147897  -2.914056  13.295892 -22.915062 -23.710031   9.195569  52.929543
  13.5985 -11.067114 -11.316184 -20.470819 -24.038829 -12.207299   3.168107   4.249496  -9.078289 -16.191098
  13.6425  -7.373458 -13.983896 -20.134682 -17.110807  -8.445579   5.216723   3.680352  -8.184086 -16.431223
  15.2343  15.858311  -26.42599 -26.985349 -30.802593  -8.986028   7.990149   8.582682  -3.546842 -31.172175
   1.8319  12.141292  11.845144  14.955243   13.85133   4.109048 -27.487808 -27.227243  -18.25433   12.71863
   1.8418  12.141292  11.525285  14.309492  13.684315   3.486046 -27.404521 -19.929274 -13.581882  16.429664
   1.9661   6.429761   6.005178  11.890587  13.287467   2.025152 -28.322087 -20.616222  -8.909434  20.140697
   3.4353 -24.638946 -26.965081 -21.613255 -13.397475  -8.519903 -12.056604 -19.872077 -12.285603  37.346583
  3.45335 -24.638946 -26.965081 -17.144194 -10.668003  -8.519903 -15.382775 -19.872077 -12.285603  31.343339
  13.8522  -6.436678 -12.740452 -26.031738 -16.567204  -6.844296  17.695658  18.730795  -3.788382 -15.950973
  13.8883   3.252274  -9.649233 -20.134682 -10.573308  -6.844296  12.338864   9.122755  -3.788382 -16.431223
  15.5061 -18.612769 -27.812986 -35.243637 -38.416916 -25.124609     6.8178   4.411168   -9.90833 -30.121704
   2.0908  -4.524788  -2.347611    1.53525  13.057635   2.863043 -26.943062  -21.13158   1.894638  20.140697
   2.1003  -5.521716  -5.197999  -2.136458   8.791958   1.187261  -29.32294 -23.173105  -3.520044  12.521152
   3.6693 -17.654492 -10.516199  -8.633835  -7.728398  -8.519903 -16.768321  -21.06064 -14.359463  21.398135
   3.7004  -21.98718 -14.623629 -15.534776 -10.668003 -10.775977  -18.32634 -22.945622 -16.204666  12.097218
   3.7319  -22.16371 -28.316448 -26.751951 -14.990202  -11.56987  -17.02821 -21.599827 -17.235968   3.343597
  12.5553   3.499743  -6.908336 -17.213602 -18.277285   0.126488   8.503688  28.685905  23.609055   4.583897
  12.5682   8.118107  -5.195152 -24.800847 -21.658884 -11.803653   3.467298  24.125222  16.235618    1.81794
  15.7582 -21.625105 -28.056723 -35.952819 -37.336488 -19.924417  -1.581439  -2.041177 -12.393569 -18.470396
  15.7783 -19.734234 -28.056723 -34.355811 -36.096953 -19.924417   0.023338   5.157128  -4.934353 -21.232034
   0.7575   6.116464   7.989894   2.099239   1.243856 -20.556787 -36.172493 -53.718933 -60.537815    -46.214
   0.7672   9.281865   8.630547   9.136888   2.485415 -15.658658 -35.330667 -48.830811 -60.315673    -46.214
   0.7739   9.281865   8.630547   9.136888   0.226017 -20.976581  -38.93105 -54.573135 -60.315673    -46.214
   4.0215 -14.560008 -18.571133 -29.974032 -14.352713 -18.754652 -24.370326 -22.406435 -18.081546   2.218208
   4.1633  -12.01334  -15.87387 -21.831324 -11.889027 -19.831623 -29.116182 -21.386217 -17.997427   3.343597
  12.8139  -2.170147  -3.481969 -14.479006 -21.706726 -14.631774   1.377123  10.416821  14.494869 -11.184634
    12.84 -12.176681  -6.517563  -8.177592 -15.720692  -7.501169   5.557472   7.135408   -1.21954 -26.602444
   0.9675  37.456674  34.728085  15.971705   0.226017 -20.976581 -37.276053  -49.22747 -58.258354 -50.435226
   1.0033  44.806767  35.433174  16.988167  -5.081234  -24.41957 -37.110672  -44.09651  -47.78581 -45.748098
   1.1326  40.365693  38.901111  25.523456   0.226017 -21.940009 -35.330667 -43.588453 -45.305538 -33.536022
 13.04985 -15.857221 -15.979449 -13.259883 -16.998988   0.029703   5.947477   6.204074 -11.658022 -29.139719
  13.0986 -14.195895  -8.939304  -12.04076 -15.720692  -0.067081   5.557472   5.272739 -10.914703 -26.706203
  14.6907   0.273891 -10.199907  -6.300029  -4.181976   4.567057  14.399161  -2.919458 -33.600881 -38.194128
    14.74  15.546806 -11.513288  -9.543003  -8.801311   3.154956   8.105538  -2.418373 -33.238243 -49.249737
  1.25735  45.700057  36.301512  21.961528   0.226017 -18.111369  -30.88891 -40.315386 -34.216859 -11.538034
   1.2883  44.806767  35.760277  25.494513   3.726974 -10.956526  -32.43151  -43.94269   -37.0132 -10.238526
   1.3114  44.806767  35.760277    27.3378   8.772562  -9.740208  -32.43151  -44.09651 -40.082596 -16.457301
   2.8933 -16.691752 -18.101158 -16.440315 -17.327969 -20.747204  -17.02821 -21.684575 -13.251041  15.774776
  2.91585 -22.210278 -21.282792 -18.317705 -20.641984 -22.884628  -17.91837 -25.491339 -17.447008  15.774776
  3.03405 -22.210278 -21.282792 -18.317705 -20.641984 -22.884628  -17.91837 -23.896503   -13.5007    16.1114
 15.09165  18.651525 -22.620089 -19.396803 -27.023024  -8.949569   6.777717  -2.919458 -18.659682 -34.145035
   3.1744  -21.87527 -26.965081 -25.890633 -17.706087 -13.309062 -12.658174 -20.844341 -14.603024  17.918425
  3.21915 -24.221505 -26.965081 -21.613255 -17.706087 -16.362968 -12.658174 -20.844341 -14.603024  23.660446
   3.3611  -26.56774 -28.023525 -25.890633 -20.641984 -18.670799 -15.642664 -22.748165 -19.639392  31.343339
  11.9756  25.286123  -2.107581  -1.356121   3.356111 -22.206268 -10.640121  26.078054  51.579098    64.5991
 12.01125   5.751658   4.644089   1.366224  -4.117795 -13.629649  -3.423672  27.144784  55.426937   50.86369
  12.2833  -7.699177  -0.676498  -1.498491  -8.357297 -11.803653   0.000065  20.363983   30.77915  22.569589
  12.5061  -2.170147  -0.853738  -1.640861  -5.122894 -13.024357  -1.376994   27.76901  29.272839  13.009825
  13.9017  -1.592202  -6.530594 -20.134682  -15.04417  -8.445579  12.338864  18.730795  -3.788382  -18.35861
   0.6956   6.116464   7.989894   2.099239   7.650829  -7.184299  -28.94332 -43.234215 -55.978893    -46.214
   0.7314   6.116464   7.989894   2.099239   4.920332  -7.184299  -28.94332 -43.234215 -55.978893    -46.214
   0.7314   6.116464   7.989894   2.099239   1.243856 -10.760528  -34.48884  -43.94269  -60.09353    -46.214
  2.10695  -5.431659  -3.772805  -0.300604   7.405523  -1.379006 -30.272175 -23.096968  -3.702789  12.323674
  12.5683   8.118107  -6.517563 -21.378588 -21.706726 -13.024357   1.377123  20.481434   14.68679  -2.461504
  14.2092  -3.081393 -11.050344 -10.757675 -10.573308  -2.008717  14.486983  20.904459  -1.349001  -18.89318
  0.78695  23.806002  21.647098  11.066459   0.226017 -22.907972 -43.583385 -54.573135 -60.315673 -50.435226
  2.31835 -10.394813  -10.59158  -5.275922  -0.743168  -4.156105 -21.389716 -19.145955  -3.520044  12.287536
   2.3364  -8.929798  -7.496068  -2.884216  -8.332457 -11.322252 -26.943062 -23.020832 -13.001382   9.312013
   2.3722  -8.929798 -16.606474   -9.60471  -9.923783 -16.375663 -28.133001 -23.226699   -13.5007   5.096738
  11.1906  12.631483 -10.011934   4.950302   1.460948  -22.25151  -5.262563  20.659085  39.730568  58.047728
  11.2089   7.981093 -13.354622   3.354667   2.954208 -24.765863  -5.314114  17.415928   37.32787  44.169525
  14.4322  -6.436678  -8.657984  -6.157986  -6.992799   3.783277  12.235449  13.989291 -20.688996 -25.926015
 14.44555   0.273891  -8.657984  -5.947194  -4.805799   3.783277  12.235449   8.191163 -21.975755 -27.344192
  23.3622  -48.36064  -5.529153  13.960352  26.309673  12.476547 -11.447222 -59.730003 -106.36235 -116.32274
  23.3625  -48.36064  -6.642322  13.808152  15.825946    11.8431  -18.13097  -67.22577 -106.36235 -116.32274
   2.6442 -13.215212 -17.816044 -17.106747 -23.553864 -27.426924  -20.04235 -23.173105 -13.001382  14.013087
   2.6885 -14.570597 -17.958601 -18.317705 -23.890062 -27.750926 -19.497051 -23.096968 -11.314152    16.1114
 11.33315   7.981093 -10.011934    7.65675   1.460948 -23.531307 -12.450562  12.186497  39.730568  48.193433
  11.4625   5.751658 -10.011934    26.4086  -3.272315 -25.250265 -17.792794  21.144734  54.919424  62.324681
  13.1168 -16.208942  -9.294269 -13.259883 -16.998988   0.029703   5.777103    5.04569 -10.443597 -26.654323
  23.6347 -41.103394 -13.874231   1.046854  20.499695  16.254442  -18.13097 -59.730003 -106.36235 -116.32274
    23.67 -41.103394 -13.874231  -0.602233   14.08103  15.688017  -22.17731  -67.22577 -109.17608 -110.37317
  23.6703 -41.103394 -13.874231  -1.413507  12.332638  12.476547 -25.109577  -68.35943 -111.98981 -101.43483
  1.29985  45.700057  36.465063  26.416156   5.688901 -10.348367  -30.88891 -40.669624 -34.216859  -8.939018
  11.7167  -2.984038 -11.059716  19.093483   4.305863 -18.171782  -5.470351  26.655602   58.25975   72.44318
  11.7528  12.631483  -8.859251  11.778366   4.305863 -21.113558  -5.470351  28.211514   69.06487   78.61309
  13.3708 -11.067114 -11.087471 -17.306844 -17.694046  -7.172732   8.549088   6.204074  -11.19787 -28.667232
  13.5803  -9.599659 -11.050344 -14.479006 -23.558453 -10.865221   5.216723    4.81864 -11.481037  -18.35861
 23.80595  -4.923681 -10.258277 -10.667865  -1.716135   1.716286 -14.807109 -56.748488  -93.58086  -87.03678
   1.5697  20.044329  33.772884  18.428543   16.55748   9.286279 -27.487808  -35.51696 -22.831287  11.135718
   1.5961  16.020555  20.504776  16.988167    13.5173    7.57128 -27.487808  -35.51696 -26.868876   9.552806
     1.77  12.141292  11.845144  14.955243    13.5173   1.187261  -29.32294 -37.396557  -27.36169   7.962716
 13.66055  -2.060592 -12.745832 -15.446179 -15.805687  -7.342071   7.988709   3.102336  -9.078289 -17.293084
 13.75875  -6.436678 -12.124111  -9.308856   -8.88921  -1.969473  13.412923   6.552255  -9.078289 -18.256777
   1.8681  11.569567  10.658128  12.679643   13.85133   4.109048 -27.321234 -19.242327  -8.909434  20.140697
   2.0283   5.819054   4.090344  11.773906    13.5173   2.863043 -27.321234 -19.929274  -8.657343   20.93571
   2.0286   1.844418   2.230292  11.040431  13.057635   1.187261  -29.32294 -21.818527  -8.405252  21.730722
 10.79595   40.25987  37.385998   4.707891  15.366849   6.276355  25.394707  37.717576  43.768968  58.047728
  10.9142   40.25987  37.385998   6.732373   9.498163 -11.916967   15.50157   29.39863   52.09379  55.922432
  23.0033   -1.51853  46.323977  33.577635  30.905294  20.473859   9.738195 -15.741138 -54.992123  -86.76383
 23.10345  -62.18238  34.388119  33.577635  34.052097  21.726869   5.126693 -22.905922  -59.86203 -91.107895
  23.1392  -76.00412   8.457366  25.320538  29.880844  19.668835   1.108931 -30.299576  -66.00056 -116.32274
    10.95  33.798147   5.108734   5.379149  -0.032312 -14.593841   7.177109   29.39863  42.133266  44.169525
  11.0614   33.08638   5.108734   4.950302   -0.47002 -18.666135   5.496738  31.815517   55.17677  58.047728
  12.7781   8.118107  -3.481969 -17.213602 -21.706726 -14.631774   1.366305  20.481434   14.68679  -2.461504
  23.1394  -76.00412   -4.55575  24.020264  29.108845  17.095858  -6.181175  -31.40963  -86.02339 -116.32274
  23.1753  -50.75569   -4.55575  22.603977  26.614681  17.095858  -6.181175 -44.399708  -88.35683 -116.32274
   0.7933  23.806002     9.2712  16.174536   1.243856 -21.396374 -41.689606 -53.718933  -60.09353 -48.324613
   0.8983  37.456674  34.728085  16.581352   2.485415 -19.686195 -37.276053 -54.573135 -60.315673 -50.435226
 11.21515   7.981093 -11.636057   4.950302   3.353652 -23.531307  -5.797064  20.659085  39.730568  48.193433
  12.8758 -12.355625  -6.908336  -7.201546   -11.5917   0.126488   8.503688    8.28587  -9.972492 -26.706203