    tempo          80       82.5         85       87.5         90       92.5         95       97.5         100
  4.18125    -32.9378 -32.217149 -32.608642  -28.81829 -25.820037  -9.294051 -11.622594 -39.060757  -71.247185
   4.1994  -31.049325 -32.621437 -36.804337  -31.16049 -27.701733  -19.84282  -32.46128  -51.96994  -71.820613
   4.2353  -33.246019 -32.621437 -36.804337  -32.58815 -27.922707  -20.91111  -35.25487 -56.935463  -83.468515
   7.5075   -77.38278 -53.146957 -23.176937  -6.984551 -24.579918  -83.86978 -164.01776 -237.08656  -246.49449
  16.2817    39.91441  16.483505  25.768517  35.670372  15.420939  -1.693795  -8.759867  14.583775   47.080574
  16.3089    39.91441  20.266964  24.263103  26.304848   12.59437   1.973389  -4.524481  22.744397   47.088497
  17.9178    85.60075  19.465279  49.263586  49.216894  20.659616   24.49555  51.866554  59.107737   55.834508
  17.9357    73.83006  19.465279   50.35602  49.216894  20.659616   24.49555  59.486843  67.083895   55.834508
   4.3668    -32.9378  -46.63562 -26.753926  -28.81829 -25.820037 -14.550656 -38.934792  -59.77468  -105.01895
   4.4353   -48.03821  -60.63154 -28.412947  -31.16049 -23.938341  -19.84282  -39.04496  -60.48694 -107.870695
   4.4711  -50.783417  -60.63154 -28.412947  -31.16049 -23.938341  -19.84282  -39.04496  -59.06242 -107.870695
   6.1071    114.4316 -34.857565 -45.357141 -43.033998  -44.57849 -41.169866 -40.389612 -64.280333   -77.36106
    6.125   216.70517 -36.225014 -49.447983 -48.510033  -52.89182 -47.515747 -45.428112  -67.88911   -73.27967
   6.1611   216.70517  -59.75112 -49.447983 -48.510033  -52.89182 -48.048016   -50.5852  -67.88911   -73.27967
  16.5178    45.48413  20.266964   17.52071  29.085236   12.59437  -3.179411   -9.62769  26.123064   48.481712
  16.5536    39.91441  16.483505  14.016487  24.217115  11.183867  -2.308073  -0.289095  19.868744   47.080574
 18.06055    72.40111  23.979166  40.657652  30.499485    6.14792  21.826653  59.486843  71.343243   70.140758
  18.1717    70.97216  23.979166  40.657652  30.499485  -9.686958  21.826653  59.486843  74.432003   70.140758
   4.5072  -53.773341  -64.95406 -36.804337  -31.16049  -6.712386   2.261562  -35.25487 -56.935463 -106.508018
   4.5342  -56.030888 -68.649506 -37.507378  -31.16049  -6.712386   2.261562  -35.25487 -56.935463  -105.01895
  4.55225  -70.152616  -71.95068 -44.242294  -31.87432 -13.788526   -3.10093 -33.858075 -52.445435 -102.809795
   6.2682    114.4316 -61.595094 -46.143917 -49.574169 -57.407479 -65.747698 -53.057197   -72.0495  -77.117675
   6.3614   216.70517  -59.75112  -42.83985 -50.638306 -61.923138  -83.44738 -55.529194  -68.08664   -73.27967
   6.3793  250.619555 -61.595094 -46.143917 -54.400761 -73.388024  -86.61826  -59.57634   -72.0495  -77.117675
  15.1717  -27.779203  -0.855516   -2.93829 -12.220616  -17.98395 -23.354317 -32.682053 -25.090637    -8.84291
  18.2078    70.97216  26.432776  36.636703   1.139357 -37.838364  21.675907   69.09739  88.078636    78.53525
  18.3257   41.175849   7.242216  15.805308 -16.370766 -42.219745   2.200336  75.984287  89.090588   79.462488
   3.3611   -2.818407   1.730274  -8.423885 -21.583447 -14.467646  -3.957306  10.767171  14.612028   -3.504456
   3.3969   -2.818407   1.730274  -8.423885 -21.583447 -11.517994  -3.957306   7.702903   9.802042   -1.587452
  6.41525   91.274631 -64.123934 -49.165165 -49.574169 -57.407479 -68.918578 -57.883115 -81.748465  -81.199065
   6.4333  -34.155907 -63.439068  -42.83985 -48.510033  -52.89182 -48.048016   -50.5852  -76.01236   -81.44245
   6.5333    22.25557 -64.123934 -49.165165 -35.733462  -44.57849 -47.781881 -48.006656   -72.0495  -81.199065
  15.4436   -5.318005   2.140925   -2.93829  -0.958344     -8.476  -9.655985  -25.22254 -24.872963   -8.518085
  15.4794    6.977586  -2.881515  -5.571335  -8.690801     -8.476  -9.552763 -23.171448 -12.640676   -8.094482
   3.4958  -27.546703  -7.935026 -19.436577 -26.612007 -27.701733 -12.479433   2.869402 -17.412018  -31.189426
  3.65125  -24.520606  -14.71065 -20.374676 -27.392896 -29.891956  -13.47079   0.226518 -19.738815  -42.550365
   3.6958  -30.479736 -23.181747 -22.495981 -28.173786  -32.08218 -14.462147  -2.416366 -29.217485  -46.456074
   5.2872  -104.26963  -60.90359  -75.02554 -51.485577   1.865307  13.827148 -30.191006 -47.955406   -86.23383
  15.5425   21.680616   7.602428  10.849815  11.900506  15.420939  -5.617746 -19.260881   1.444669   18.764801
 15.75155   13.035012   6.815278  10.612396  10.360017   5.113715  -5.153082 -16.956961   1.715194   31.512196
  17.3697   120.24029  27.337063  27.503725  31.279034   16.05354   8.437734  -0.736534  30.690365    39.90265
  17.4056   117.41883  15.298637  26.257212  35.507605  20.659616  14.154824  15.171621  28.553909    38.53618
   3.9229  -30.479736 -27.188066  -29.13604 -27.224407 -29.891956 -20.376965 -22.901412 -44.834167  -57.216354
  3.96565  -33.554237  -30.66057 -34.460549 -29.900948 -22.401504 -14.586215  -8.782423  -40.42312  -58.773757
   3.9971  -36.314636 -37.367204 -38.284672 -29.900948 -25.820037  -9.294051  -9.015635 -39.060757   -60.33116
  5.46585 -117.582425 -85.388365 -87.694897 -57.827113   1.473387   -8.36594 -32.771059 -62.447697  -86.566057
   5.5771  -108.27168 -67.358295 -77.915938 -59.833573  -21.30265 -38.255913 -45.440153 -62.447697  -80.118665
   5.6129  -54.054214 -51.589769 -70.472965 -68.390645 -68.558685 -65.053095  -58.49736 -66.056475  -80.118665
  17.6596    99.32164  27.337063  45.890808  60.635367  30.517834   24.49555  27.383136  34.150956   41.079633
 17.89955   97.740515  19.465279  49.263586  62.827247  28.413317  20.924656  42.556946  55.078564   48.977809
    5.849  -18.997353 -48.564302 -57.684186 -63.381468 -84.949893  -79.09586  -59.57634 -69.386747   -79.75675
    5.885  -18.997353 -48.564302 -57.684186 -63.381468 -84.949893  -79.09586 -50.478653 -64.280333   -79.75675
  5.99615  -10.998939 -48.564302 -52.469231 -53.336624 -60.559035 -59.135683 -48.006656 -67.987875   -83.83814
  14.5614  -12.300075  -3.528322   2.238324  -1.703934   -16.6505 -27.198331  -48.35495   -24.9818   10.766212
  14.6772  -44.234098  -3.272579  -0.036791  -3.282967 -14.094933 -26.360676   -53.2947  -38.73941   -8.015496
  17.9492   85.969825  24.175833  45.404354  39.736176   16.05354  21.675907  58.252266   61.18546    49.92275
   2.8306  -12.714317   1.485925   2.269764  -6.433567   7.550306  12.728044  15.001751  18.086645    2.076827
   2.8667   -7.083122   0.747786  -5.328844 -24.760234   -6.47283   5.576627  12.976361  16.978276   -23.68399
   2.9025    9.416164   1.485925 -12.927452 -26.612007 -17.344616  -0.737257  11.244687  16.978276  -28.052913
  6.16805    114.4316 -61.595094 -52.469231 -49.574169 -57.407479 -65.747698 -53.057197 -67.987875  -77.117675
  14.9133  -27.779203  -3.528322  -0.833196  -5.214668 -12.381884 -22.257464 -38.260042  -28.46266  -11.110366
  14.9761   -43.25833  -3.077047  -3.458017  -9.879623 -17.520786 -27.841438 -57.594107 -49.914407    -22.1703
  16.5536    34.34469  16.483505  14.016487  18.463581   6.927161  -4.050749  -0.289095   25.62005   47.080574
   3.1386   -2.818407   1.485925 -12.927452 -26.612007 -19.645605  -8.017012   5.464199   11.76202  -28.052913
  3.16985    1.446309     1.6081 -16.182015 -28.407595  -18.49511  -5.987159   9.235037  16.978276  -10.622123
   3.2011    1.446309   1.730274 -12.927452 -28.173786 -17.344616  -8.017012   7.702903  15.869908    2.439744
   4.5703  -84.274345    -73.813  -50.97721  -32.58815 -20.864666  -8.463422  -35.25487 -56.935463  -100.60064
   4.7072  -84.274345 -68.649506 -57.832283 -40.187008 -23.938341  -8.463422  -35.25487 -56.935463  -100.60064
 15.18515   -27.40725   3.106653  -1.863169 -15.331743 -18.107433 -18.367794 -27.374111 -24.856494   -4.184124
  15.2211   -43.25833  -7.377124 -10.082825 -18.931766 -15.292939 -16.406016 -32.077565 -37.445094  -14.455391
 16.61655   82.039305   27.75076  14.904885  26.304848   5.067295 -11.113622   -1.48536  27.576079   47.088497
 16.72795   87.580815   27.75076    20.7809  29.085236   5.067295 -11.113622  -4.340795  27.576079   44.676518
  3.41085  -17.314913  -1.087303 -20.374676 -27.392896  -18.49511 -10.335134   9.235037   9.802042   -1.587452
   3.4242  -16.306772  -2.184254 -19.436577 -26.612007 -23.980692 -11.340657   7.702903   8.728087   -3.504456
  4.83525  -29.934843 -90.550935   -84.8045 -57.827113   -2.42354   8.044355 -50.334305 -56.089623  -86.507953
  4.93525  -80.150259 -90.550935 -87.694897  -66.17511 -29.488423 -26.550144 -58.400345 -67.554112  -92.955345
  5.04665  -108.27168 -90.550935 -87.694897  -66.17511 -29.488423 -26.550144 -58.400345 -67.554112  -92.955345
  13.8458  -39.805588 -18.648041 -29.892421 -25.512184 -27.877687 -38.812971 -42.018659 -39.431543  -24.954563
 17.11095   120.24029  19.276297  25.389608  33.209258  21.386227 -13.123642  -4.340795  19.041979   37.667864
 17.14705   120.24029  23.401171  26.257212  33.209258  17.212947  -6.620806  -1.709079  28.553909    34.40584
   2.0643     -5.0338   3.534269   1.673674   2.372558  -3.879612 -15.141813  -2.420571     3.7828   20.313941
  2.07095  -10.075783  -2.070349  -2.825866   0.620219 -10.039635 -12.372736  -2.420571     3.7828   23.672092
   2.0954  -10.075783 -16.123922  -7.547776   -3.44146 -16.125218 -14.453354  -6.861652   1.032103   10.120253
   5.2939  -108.27168 -67.358295 -77.915938 -57.827113   -2.42354  -3.661415 -20.953919 -46.305172  -80.118665
  5.31865 -122.673395 -90.550935 -87.694897 -57.827113   -2.42354  -3.702814 -23.023867  -54.31348  -86.566057
   5.3546  -127.98209  -102.1263 -87.694897 -57.827113   -2.42354   -8.36594 -32.771059 -62.447697  -92.955345
  14.1111   -6.169726   -7.39717 -21.761108  -21.35655 -28.249088 -28.035986 -27.087194 -13.375513    1.178782
  14.1601   -6.169726   -7.38464 -16.753994  -8.917664 -17.695743 -18.098146 -28.038482 -15.504931   -0.636839
  2.12025  -10.075783  -13.59339  -7.547776   -3.44146 -16.125218   -5.74699  -7.741763  -0.182613   -6.442686
   2.3003   -10.93523 -11.087791   -6.90102   0.578539 -14.117897  -4.255967  -6.861652   1.032103    0.703798
  2.33625  -12.130274      -8.59  -6.864679   0.620219  -0.137933  -2.496612  -2.221488   3.846466   -6.442686
   3.9769  -33.554237  -30.66057 -33.737457 -27.224407 -16.077416  -9.294051  -6.446215  -40.42312  -58.773757
  14.3831    0.720918  -3.784065  -9.684273  -8.390432 -19.206066 -19.015038 -21.739971 -11.977325   21.339544
 14.43195     0.20671  -4.988425  -8.356796  -9.729439 -27.229722 -29.764341  -48.35495 -28.186879   17.126706
  16.0369   21.680616  11.353226  22.757689  31.346367  15.420939   1.149095  -11.07184   2.910682    34.42744
  16.2458   14.961555  12.867329  19.248137  24.217115  11.183867  -1.693795  -11.07184  11.430782    38.25502
   2.4344  -12.130274  -5.980253  -8.194531  -1.502879   1.521986   6.516488   3.225494   6.597163   -6.442686
   2.6081   -10.93523  -6.036231 -10.114832  -7.462604   3.401959   9.622266   7.152679   6.597163   -6.442686
   2.6439  -12.714317  -6.092209 -12.035133  -8.491642   5.281931  12.728044  11.079864   7.748213  -19.432261
  4.23085  -33.554237 -37.367204 -37.155857  -31.87432  -27.81222 -20.376965 -33.858075  -55.82679   -81.20574
   4.2353  -33.246019 -34.111393 -36.804337  -32.58815 -27.922707  -20.91111 -38.824623  -59.06242  -93.165965
   4.2489    -32.9378 -38.112181 -37.155857 -36.387579 -30.002443 -22.526159 -42.189204 -68.879662  -105.01895
 16.43125    39.91441  20.266964   17.52071  29.905625   12.59437  -3.179411   -9.62769  26.123064   48.481712
   1.2393  -13.264895   8.741428  16.627575   18.57889   8.756555   1.475512 -14.483621  -2.193116    7.166606
   4.4532  -51.515793   -62.7928 -32.608642  -31.87432 -25.930524 -21.992014 -42.189204  -59.77468  -105.01895
  4.47125  -51.515793   -62.7928 -32.608642 -30.870424 -22.401504 -14.153121 -38.934792 -57.998942 -107.997086
   4.4714  -53.357456   -62.7928 -32.608642 -30.870424 -13.788526   -3.10093 -37.039746 -57.998942 -107.997086
  13.3086  -39.805588 -37.374381 -30.456731 -21.627987 -17.619979 -27.265996 -38.058567 -36.117283  -33.981266
  13.3447  -39.805588 -31.322699 -32.340332 -28.742363 -18.372719  -33.64559 -51.513535  -53.70059  -40.592285
 16.56055    39.91441  17.349602  12.853745  17.400301    5.09279  -6.773853   -1.48536  26.123064   47.088497
   1.5336  -27.169897 -27.911409  -0.550783  17.937802    6.28744    0.90362 -14.483621  -2.435238    0.907208
     1.56  -20.668259  -16.38367   1.176607  14.154592   5.117777 -10.357343 -10.764893  -2.435238    0.907208
  1.56985    5.940117   4.504882   1.673674  15.361438   2.422424 -10.861332 -10.083025  -2.435238    0.907208
  4.72515  -70.152616 -71.231253 -58.112484 -42.860034 -25.930524 -16.302315 -37.039746 -57.998942  -99.806522
  13.5985  -61.355532 -25.310012 -25.798651 -17.474202  -7.188781  -7.604294 -22.807428 -45.082683  -42.230141
  13.6425  -49.090034 -29.075514 -27.444511 -22.282005  -16.83745 -12.331443  -35.21216  -53.70059  -39.915375
  15.2343   -43.25833  -9.284579 -15.247553 -18.931766 -15.292939 -23.521375 -34.752867 -43.426674  -18.264412
   1.8319   -0.851266   5.789198    2.17074   4.083217  -1.797852 -12.776168  -9.401157  -0.182613   12.390223
   1.8418   -0.851266   5.453113   -1.04785   -0.42049 -10.039635 -18.862272 -13.801753  -1.066804    10.90722
   1.9661     -5.0338  -5.490981  -6.864679   -0.46217 -14.392701 -20.942891 -18.202349  -3.495281   12.390223
   3.4353  -11.694947   -3.06715 -16.176406 -26.209708 -21.813149 -10.335134   6.517654   7.654132  -13.594223
  3.45335  -13.029483   -3.06715  -10.67006 -23.695428 -21.813149 -10.335134   6.517654   2.224492  -27.436708
  13.8522  -13.500332 -11.487162 -27.444511  -21.35655 -33.600906 -58.152424 -44.319645  -38.73941   -24.37878
  13.8883  -13.500332 -10.534063 -32.340332  -38.40948  -46.62335 -60.220085   -53.2947  -45.00226  -24.811695
  15.5061    6.977586   2.140925  -5.571335  -8.690801     -8.476 -10.306689 -25.057693  -7.071002   -7.902358
   2.0908   -10.93523  -16.09899   -6.90102  -1.502879 -14.667506  -7.238014  -4.641112   2.246819   12.390223
   2.1003  -13.325318 -16.148853  -8.194531  -5.380041  -17.58293 -19.688509  -8.621874   1.032103    0.703798
   3.6693  -29.820293  -22.33401 -21.904378 -27.392896 -29.891956  -13.47079   0.226518 -19.738815  -42.550365
   3.7004  -29.820293  -22.33401 -25.454464 -28.407595 -32.990293 -17.686629  -4.752574  -33.98637  -49.232233
   3.7319  -29.820293 -23.181747 -22.495981 -28.173786  -32.08218 -12.479433  -7.088781 -35.842382  -54.612373
  12.5553  -107.60123  -36.31653  -28.57313 -26.581085  -35.47228 -47.740814 -52.795742   -67.4031   -67.58892
  12.5682  -109.56405 -39.871297 -29.304127 -28.590643 -35.943072 -47.328289 -52.277107 -66.571735  -45.496223
  15.7582   13.035012   6.815278  10.612396  10.360017   5.113715  -5.153082 -16.956961   1.715194   31.512196
  15.7783    5.317343  10.368178  11.270409  13.020103   12.59437  -2.474377 -11.460015   7.145842   31.512196
   0.7575   14.185329  11.834886  11.892206   8.393126  10.592379   9.409714   4.873005  14.326138    2.089686
   0.7672    17.33768  16.128452  16.276481   8.666008  13.594449   3.172577  -1.084927   6.740881    2.089686
   0.7739    17.33768  11.096263  16.276481  12.459247  13.594449   3.172577  -1.084927   4.986826   -9.610594
   4.0215  -36.314636 -37.367204 -38.284672  -31.87432  -27.81222 -14.586215 -21.468673  -46.19653    -63.3977
   4.1633  -34.934437  -42.11297 -37.507378  -31.16049 -27.701733  -9.329611 -12.769123  -40.42312   -64.01361
  12.8139  -87.197092 -20.836468 -26.502743 -26.581085  -35.47228 -46.633957 -51.513535 -51.784073  -40.592285
    12.84   -56.57455 -20.836468 -26.502743 -22.943523 -30.225965 -46.633957 -51.513535  -53.70059  -44.544907
   0.9675  -13.264895   5.172891   9.249799  17.914958  22.345743   7.906826  -1.084927   4.986826   -9.610594
   1.0033  -33.671535  -0.931918    5.96332   17.27387  10.592379   2.612452 -18.202349 -15.278103  -10.713081
   1.1326  -13.264895  -6.581552    4.15041  16.626737   5.626368  -1.087389 -19.407772 -15.354847  -11.815567
 13.04985  -39.805588 -28.118123   -17.5922 -18.441994 -17.723275 -33.134172 -45.160584 -49.618702  -38.846216
  13.0986  -38.390359 -31.322699 -25.145119 -20.312452 -17.884125 -32.622753 -39.717674 -37.829277  -40.592285
  14.6907   -43.25833  -3.528322  -0.833196    -7.7684 -18.494889 -28.679093 -51.009827 -35.287047  -11.110366
    14.74   -43.25833  -6.192785  -5.571335  -8.390432  -17.98395 -28.035986   -53.2947 -43.055504   -15.53296
  1.25735  -13.264895   9.480051  21.722168  21.023022  12.124911    2.39044  -7.019555    1.06164    7.166606
   1.2883  -41.184208   3.220566    5.96332   23.44431  10.592379   2.168428  -3.274217  -1.950994    0.907208
   1.3114  -41.184208   3.220566     2.3375   23.44431  10.592379   0.782596 -10.764893  -2.435238   -7.062588
   2.8933    9.098098   1.485925 -12.927452 -28.173786 -14.467646   4.636766  14.326083  21.106996   -23.68399
  2.91585    1.446309   0.747786 -16.182015 -27.392896 -21.813149  -5.987159   7.702903   7.654132  -32.421837
  3.03405   -7.083122  -1.087303 -20.374676 -30.500323 -24.792347 -11.910045   2.869402   5.446113  -40.886036
 15.09165   -43.25833   -3.33279  -6.300327 -14.755657 -18.107433 -24.857497 -48.526894 -45.417368  -18.264412
   3.1744    1.446309     1.6081 -16.182015 -28.407595  -18.49511  -5.987159   9.235037  16.978276    2.460542
  3.21915   -2.818407     1.6081 -10.675669 -27.392896 -15.906131  -5.987159   9.235037   11.76202  -10.622123
   3.3611    1.446309     1.6081 -10.675669 -24.097727 -15.906131  -5.987159   9.235037  15.240968  -11.677219
  11.9756 -132.779417 -63.127778  -36.01951 -24.671024 -27.249628 -25.184668  -64.26794  -93.15403   -96.92284
 12.01125   -122.3179  -69.77337 -36.631068 -25.826555 -29.140395 -26.966933 -71.214865 -97.176625 -109.628225
  12.2833  -113.66072 -49.250856 -30.718676 -28.791143 -37.920694 -46.774861 -80.487615 -87.683405  -77.795165
  12.5061  -113.66072 -43.842648 -30.357697   -30.6002 -39.427525  -52.30155  -82.81344 -75.029755   -76.34686
  13.9017  -43.560681 -10.534063 -32.340332  -38.40948  -46.62335 -58.152424 -44.319645 -37.829277   -9.229521
   0.6956   20.490032   21.33545  21.362944   8.393126   5.297106  28.241209   34.15801  18.226402   -9.610594
   0.7314   20.490032   21.33545  21.362944   8.393126   0.413109  18.997585   16.12192  18.226402    2.089686
   0.7314   20.490032  20.422018  20.660757   8.393126   5.297106   2.612452    6.94895  15.973034    2.089686
  2.10695  -12.130274 -16.123922  -7.547776   -3.44146 -19.996709 -20.678602  -9.011515  -0.182613   -6.442686
  12.5683  -109.56405 -43.426064 -30.035124   -30.6002 -36.413864 -47.740814 -51.758472  -65.74037  -30.058323
  14.2092   -9.234901  -6.192785 -13.411077 -10.688959 -22.154467 -23.354317  -28.98977 -17.634348    1.178782
  0.78695    6.335287   8.741428  16.276481  16.626737  18.542755   6.571208  -1.084927   1.326879  -11.815567
  2.31835  -12.130274  -13.59339  -7.547776   0.620219  -0.137933   0.143694  -2.221488   3.846466    0.703798
   2.3364  -13.325318  -6.092209   -6.90102   0.578539  -1.797852  -0.737257  -2.022404   5.446113  -19.432261
   2.3722   -10.93523  -2.048919  -6.864679   -0.46217  -7.957874   1.064675   0.056823   5.446113  -19.432261
  11.1906   -97.09352 -46.864597  -40.51644 -37.727875 -47.403467 -38.127364 -47.845812 -57.625977  -69.867115
  11.2089   -97.09352  -40.54921  -43.88027   -45.3067 -50.066856 -43.864758 -52.248177 -55.108536   -70.44171
  14.4322   -0.307498  -6.782448  -8.356796 -16.045237 -30.924997  -33.50239 -51.009827 -28.186879   17.126706
 14.44555  -12.300075  -4.988425  -4.187008  -9.729439 -27.229722 -37.363806  -54.55392 -41.870835    4.190285
  23.3622   49.885036   8.131606  -2.846401 -11.807344  -9.087071  -5.353433   5.879412  21.346827  -23.926445
  23.3625   49.885036  15.775619  -2.846401 -13.970883 -26.732994  -5.353433   5.879412  16.178162  -23.926445
   2.6442  -15.275922  -6.092209 -12.035133  -8.491642   5.281931  12.728044  11.079864   7.748213  -19.432261
   2.6885  -14.493403  -5.782008  -6.864679  -7.462604   6.416118  14.293281  11.401034  11.809061   -6.442686
 11.33315  -120.94386 -48.421013  -39.58598 -27.624046 -30.867249 -30.336977 -62.158732 -87.545985 -103.046565
  11.4625  -120.94386  -69.77337 -37.242626 -16.890353  -3.240308 -20.678835 -62.158732 -87.545985 -103.046565
  13.1168  -44.447811 -43.950332 -35.202135 -25.842943 -23.378504 -37.315975 -51.058514 -49.618702  -47.472533
  23.6347   36.106716  22.290867   0.794528 -11.807344  -30.03382  -47.63713  -42.44662 -18.103004   -67.80275
    23.67   36.106716  31.237888   0.794528 -11.807344  -30.03382  -47.63713 -50.186256 -24.955221  -68.800285
  23.6703    34.67646   8.131606   0.794528 -11.807344 -31.145458 -56.482788 -55.782158 -31.807438   -69.79782
  1.29985  -37.427871   5.172891  13.663132  23.638264  12.124911    2.39044  -1.941156    1.06164    7.166606
  11.7167  -121.63088 -46.532688 -33.549582 -23.615952 -27.249628  -32.38997  -64.26794 -101.19922  -109.17029
  11.7528   -122.3179 -56.482185 -31.079655 -23.615952 -16.994421 -25.184668  -64.26794 -101.19922  -109.17029
  13.3708  -44.447811 -30.199106 -29.819583 -25.842943 -17.864276 -26.559554 -38.171646  -51.82637   -40.25383
  13.5803   -73.62103 -29.075514 -27.298834 -22.282005  -16.83745 -15.035681  -35.21216 -40.123676   -39.35636
 23.80595   33.913711  37.692391  32.362295   4.694875 -30.589639 -61.483929 -68.204625  -71.01024    -96.5268
   1.5697    5.456307   3.220566   1.176607  14.154592   2.563255 -11.365321 -10.764893  -2.435238    0.907208
   1.5961    5.456307   5.117027    2.17074  14.154592   2.281593 -11.365321 -10.764893  -2.193116    7.166606
     1.77   -0.851266   5.789198   8.721662  14.154592   2.281593 -11.365321 -10.764893  -1.950994    8.295411
 13.66055  -61.355532 -30.199106 -29.892421 -21.819277  -12.52531 -13.683562 -35.918889 -55.723179   -38.48522
 13.75875  -49.090034 -23.204747 -33.991796 -25.512184 -20.263593 -17.851534 -38.171646 -50.955179  -33.981266
   1.8681    5.456307   5.789198   1.176607  -1.502879 -14.667506 -21.668695 -18.202349  -1.950994   12.390223
   2.0283   -0.851266   5.117027  -6.828339   0.578539 -14.117897 -20.217087 -13.801753  -2.723138    10.90722
   2.0286   -9.216335   1.951511   1.176607     0.6619  -5.961372 -17.507458  -8.131405  -1.950994   12.390223
 10.79595   -65.27434  -53.96374  -42.93756 -39.615555 -51.894688 -56.280467 -45.247595 -61.353685   -62.66938
  10.9142   -65.27434  -53.96374 -49.805115  -33.92441 -44.740078 -43.864758 -40.249756 -60.143417   -56.04624
  23.0033   96.717449   9.806068   4.793341   5.623391  -4.458004  12.787475  27.877738  16.178162    6.955473
 23.10345   81.826844  11.953613   4.793341  -5.660278  -7.239283  12.787475  27.877738  21.346827   35.828938
  23.1392   49.885036   3.836517  -7.686864 -13.970883  -9.087071   3.828253  26.017792  32.313118    48.68821
    10.95   -80.04829  -53.96374 -51.213055   -45.3067 -50.066856 -43.864758 -43.443447 -55.108536  -55.871696
  11.0614   -94.82224  -53.96374  -48.17456 -39.615555 -47.403467 -38.127364 -47.845812 -57.625977   -62.66938
  12.7781  -109.56405 -27.160732  -28.57313 -26.581085  -35.47228 -46.633957 -51.513535 -51.784073  -30.058323
  23.1394   49.885036   8.043606  -6.647701 -11.807344  -9.087071  -5.353433  12.176825  21.346827   35.828938
  23.1753   49.885036   8.043606  -6.647701 -11.807344  -9.087071  -5.353433   5.879412  16.178162    6.955473
   0.7933    6.335287  10.357641  20.660757   17.27387   20.48899   9.409714   1.104362   4.074274  -10.713081
   0.8983   -3.688143   8.741428  16.276481  17.914958  22.345743  10.019431   2.988684   4.986826   -9.610594
 11.21515   -99.85169 -42.502102  -39.58598 -37.727875 -47.403467 -38.127364 -59.862554 -61.917259  -77.580615
  12.8758  -62.665163 -29.075514 -26.502743 -22.943523  -28.38429  -41.74785 -50.603493  -53.70059  -44.544907