    tempo          80       82.5         85       87.5         90       92.5         95       97.5         100
  10.6597  -65.597248 -44.853006  -33.31077  -9.393692    6.29528  -7.438455 -14.081528  42.082794   42.040855
    10.66   -71.11007 -72.881626 -51.514877 -14.496468  -8.666782  -6.614609    1.98706  42.082794   42.813396
   12.296   48.859734 -35.691635  -30.98304 -27.526176 -17.865521  -8.783222  14.311639  29.137461   39.447164
  12.3139   53.693922 -34.941704 -29.963333 -28.369179 -24.596485 -11.823813  16.324814    32.6395   40.487663
 23.00375    7.954194  20.269123  10.747571 -11.406043 -29.004923 -44.943385  -57.79367 -83.720745  -82.992081
   0.5394  -35.500622 -29.018555 -27.160633 -24.889248 -10.161608   -5.92597   -3.62546   65.68477    66.77027
   0.6397  -43.190506 -36.215809 -31.004897  -25.04665  -4.987683  11.040715  29.320628    69.4781   84.936603
    10.66  -33.608893 -53.358692 -42.412824 -15.235807 -11.657049    -3.7352  17.757802  60.734887   32.847347
  12.5506  -63.546215 -31.950134 -29.963333 -25.352457  -7.393261  -4.629935  28.036016  36.013264   36.905293
  12.5864  -68.959502 -34.941704 -32.002747 -25.352457  -3.803402   5.861267  32.618645  45.421776   38.406666
  23.1219    1.469429  11.954445  10.440474 -17.087778 -14.436718  -40.12955  -57.05065  -83.35876  -76.314156
     0.74  -43.190506 -29.018555 -27.160633 -24.889248   0.186241    28.0074  62.266716   73.27143  103.102936
   9.5867   16.791677  14.953898  11.375854  -20.03068 -21.812346  -2.650891  61.960932  65.315933   62.649973
   9.5867   10.373974   7.440614   8.081055 -21.333456 -27.266752  -9.424022  38.789993  53.867596   58.660946
 12.70475  -120.29188 -26.111333 -23.184333 -16.270671   -2.68048  12.839184  30.327331  39.030638   23.088025
 21.81205  -19.648672 -30.475642 -48.224152 -42.160804 -50.696731 -60.260484  -87.27718 -109.07095 -103.833725
  0.79375  -43.190506 -33.409819 -26.745142 -29.994086 -35.340871  -37.80418 -10.170336  74.099285  113.393502
   9.8233  -47.904022 -17.722107  10.808833 -18.654007 -11.355845  -33.39835  34.451566  52.445503    57.60224
  11.5131  -208.76675 -17.208942 -17.415724 -34.920704 -18.461494  18.917374  42.930885   73.44527    34.91571
 23.68445   -22.92693 -41.466145  18.631716  -2.793685  -5.588964 -38.926109 -30.134377  -2.330407   41.783375
   0.4675  -21.849649 -23.760887 -10.418699 -20.943825   0.186241    28.0074  62.266716   65.68477    66.17833
   9.9771  -11.631977 -19.061394   16.85503  26.579844   2.414563  13.516099   16.81027  52.852007   49.807648
 10.09545    3.892284    -28.374  -0.523159   6.357655   2.414563   3.301981   16.81027  52.852007   49.807648
  11.5289  -63.546215 -24.483944 -19.081043 -34.920704 -18.461494  -3.936831  16.324814  33.254578   25.563581
  23.7025   -50.74166  -49.79261  39.038483   7.992403   8.140806 -37.469215 -34.378597 -24.737839   29.350647
   8.5779   -84.59557 -18.248406  17.901624  -1.702027  16.749245  18.829876  50.458686   8.298509   21.205063
  12.0578    -7.34324 -24.483944 -26.480343 -34.920704 -11.134558   -5.30341   9.945306  15.629589   21.685904
  12.2781    -7.34324 -36.441566  -33.19394 -28.369179 -11.134558   -5.30341  12.298464  25.635422   36.905293
   8.8861  -47.904022 -18.248406  15.442902 -24.846973  16.749245   0.585098   83.79337  23.369862   -17.23851
  9.03985  -18.765024  -1.726246    9.74821 -18.690955   -4.72279  -1.032897  86.075735  38.618729   -5.642992
 23.13985   -21.01453 -11.907544  10.747571 -11.406043  -9.467617 -45.020504  -62.08221 -80.648073  -75.084038
 11.49515  -131.40579 -17.864437 -18.248384 -34.004137 -19.763037  14.381466  37.572873  76.416125   35.646488
  23.3458   -19.10213   2.949148  10.867438  -2.868037 -11.908625 -40.256276  -49.30857 -33.139518   28.141418
   8.2569  -216.56334  -38.98732   2.215107    6.01731  25.934251   27.49203    0.43186  -6.772844   -25.32286
  11.5133  -79.953508 -17.208942 -17.415724 -34.920704 -18.461494  18.917374   32.21486   70.71577   25.563581
  22.8856   14.438959  28.583801  11.054668  -5.724308 -14.436718  -40.12955  -58.53669  -84.08273  -89.670006
  6.97515   -77.02968 -39.836067   1.507887  39.168341  42.975774  44.754761    9.57889  10.819975    3.790504
  7.07795   -87.18738 -39.836067  -5.090708  29.684784  42.975774  46.949633  46.134276  41.872698     6.55806
   6.0892    8.476196 -22.645487  -38.88089 -31.748276 -25.164179 -27.240725 -15.352016  -5.329276    9.310189
  6.10725   11.452006 -20.151288 -21.794926   3.660347  14.916185  -4.962568 -13.889961  -3.605267   -7.428164
   9.5867   10.373974   7.440614   8.081055 -21.333456  -16.35794   5.432604   85.13187  53.867596   58.660946
  6.37945   40.899475 -12.470361   -6.87438  30.810168  29.659264   4.875673 -14.046263 -18.430084  -30.690037
   6.3975    53.66853  -7.283631  -4.708962   39.06897   54.99655   17.31559 -12.740509 -21.150375  -38.441864
   8.1617  -216.56334 -42.279747   0.936694  14.140363  25.934251   27.49203    0.43186  -6.772844    32.47146
 18.34985    0.162282   3.240673  -4.522328 -28.619457 -48.130191 -70.985823 -65.286093 -11.855231   16.321148
   6.6697  134.001612  32.768593   37.64104  55.785316   54.99655  43.245502 -12.740509 -21.150375   -22.93821
  6.67735   66.437584  12.742481  24.848306  63.128613  56.649223  44.754761    9.57889 -18.430084  -10.104252
  18.8233   16.927343 -24.531337 -23.137123 -28.619457 -29.556134 -18.859522  -19.50124   5.134846    27.93185
     8.56   -84.59557 -25.603706   2.215107    6.01731  25.262106   27.49203  17.124002  -6.772844   -17.23851
  5.56055  -50.574711 -39.256961 -54.430956 -50.023416 -54.500559 -61.857507 -48.014007 -26.619798  -14.016278
  5.57845  -49.388611 -39.256961 -48.207124 -50.023416 -54.500559 -61.857507 -48.014007 -26.619798    0.663744
  17.7497   13.134783 -10.536745  -6.391387  -4.394834  -16.18785  -36.04178  -51.21137 -60.699055    -42.2003
  17.7856   13.134783 -11.383711  -9.965226 -10.567648   -19.3199  -36.04178  -46.94126   -51.2119   -40.04187
 17.80365   14.305967  -7.980816 -10.888703 -15.372829 -30.278531 -43.863876 -45.395858 -42.526544   -17.85984
  5.71415  -49.388611 -39.256961 -46.350212 -47.525192 -46.810265 -53.061752  -45.01429 -13.009923    0.663744
  5.85015  -43.605775 -32.272061 -40.753449 -42.356754 -35.304034 -40.556877 -43.300027 -13.009923    0.663744
  18.0219   13.320503  -9.877783 -12.884566 -21.687141 -30.244246 -38.856712 -43.850456 -41.074406   -16.26339
  18.0578   13.134783 -11.383711  -17.99464 -21.687141 -30.244246 -38.856712  -72.02125   -43.4139   -16.26339
 18.07585    7.761077 -12.046073 -20.742091 -26.349911 -36.818831 -45.740177 -82.042433 -55.247239  -14.589265
  18.0939    2.387371 -11.383711  -17.99464 -28.393108 -38.861057 -69.006096  -81.14336   -43.4139   -4.887022
 18.18725    7.761077  -3.146824 -11.424896 -23.773397 -42.068358 -79.075615   -91.4427 -54.291878   11.222105
 18.31235   -5.304284  -0.088667 -11.424896 -23.773397 -48.213798 -79.075615   -91.4427 -54.291878    2.716277
   4.9129  -57.600375 -49.166838 -23.235542   4.634855  20.409601  22.758369  17.770495  17.850531    5.488062
   8.2567  -216.56334  -38.98732   2.215107  22.263416   35.36848  27.533853   8.777931   8.298509      3.5743
  17.2206  -39.402557 -26.843355  -9.055086   4.003272  -16.18785 -47.572487  -81.59732 -98.256386   -94.20725
  20.2564  -30.467806 -16.579916   3.976923  -1.629553  166.13826  149.46368   80.09066   64.88864  -12.159058
  5.04915  -83.586237  -68.59239 -56.301323 -40.671222 -15.617241  -9.941133  -1.485523   4.105272  -11.985652
  5.18525   -63.74536 -49.140391 -56.301323 -41.961674 -26.659306 -27.163276 -22.147484 -12.901204  -14.016278
  17.2746  -18.967835 -18.617999  -8.981706   6.438212  -9.588612 -41.721843   -59.7766 -73.988675  -70.383478
  17.2925   -16.90704 -18.961472 -11.812179  -3.139943  -2.989373  -38.76825 -63.633858  -78.63026  -56.792187
 17.39265  -10.622249  -25.67139  -14.15866  -4.226124  -8.233491 -37.113729   -59.7766 -73.988675  -54.022323
  18.8747    28.72151 -21.401668 -39.369884 -24.526749 -10.983253  -9.872387  -1.548292   -2.60978   -4.801687
   5.3394   -80.77557  -65.76901 -58.814404 -43.335304 -36.485764  -43.08435 -50.699924 -32.549026  -20.049856
  5.44985  -67.604922  -55.88558 -56.944037 -45.833528 -44.176058 -51.880105 -47.700207 -26.619798  -14.016278
   6.9572  -18.065102 -36.126064  -9.039799  22.551367  27.649654  43.245502 -12.740509 -15.709793    2.729706
  17.5292    1.258178 -18.274527  -14.70319 -10.567648  -8.416527 -20.706934  -37.09905 -43.549908  -44.763493
 17.54705    1.822774 -16.907545  -14.15866 -11.188682 -14.434824 -35.481399 -42.947402 -53.250422   -46.74482
  17.5647    2.387371 -12.708435 -11.812179 -11.809717 -16.966274  -36.04178  -51.21137 -55.288944  -46.203316
  19.1833   12.276808   9.605572   2.921522  -8.397046 -19.750578 -20.858738 -30.472586 -12.473716   10.062889
  19.4192   12.276808   14.70646  11.348655   8.310021  -6.462174 -17.651295 -30.472586  -19.25638    5.592262