    tempo          80        82.5          85        87.5          90        92.5          95        97.5         100
   4.9525  -127.15541  -21.860767  -24.920883  -18.393356    9.321713    69.54676   140.91002   158.34428   159.66666
   4.9883  -143.77934  -21.860767  -24.920883  -18.393356    9.321713    69.54676   141.74857   158.34428   159.66666
 17.14265    51.12203    -5.88624    0.662784    8.952071   16.456389   -1.946112   -8.730786  -16.023752     -9.7604
  17.1783    51.12203    -5.88624    0.662784    8.952071   17.857941     -2.5675   -8.730786  -16.023752   -6.775047
 17.19795    51.12203    -5.88624    0.662784    8.952071   17.857941     -2.5675  -14.070956  -20.179633   -2.780384
  18.7967    68.59308   -12.74759    8.885026   31.041125   24.307216  -12.666227  -47.588234   -51.43412  -53.994053
  18.8325    68.59308  -14.183253    2.169323   17.903183   19.201244   -7.696381   -41.98648  -47.313583  -53.676098
 18.83295    68.59308  -16.114465   -0.831989    11.63778    12.45607  -13.001382  -40.959595  -45.116894  -49.133738
  18.8686   40.387253  -18.021944   -2.194362   12.051687   16.251095  -18.306383   -41.98648  -42.920204  -37.369843
  18.9693   49.536031  -16.102598   -0.831989   18.260632   17.726169  -18.320183  -43.983413  -41.399327  -25.171095
  19.0697   30.478981  -14.183253   -2.194362    5.830037    8.945072   -27.08521   -49.19612   -39.87845   -20.18508
   3.9164  -57.341576  -43.926468   -58.76033  -60.260643  -50.099636   -32.10224  -18.747576   -0.873423    7.493174
   3.9164  -64.839705  -34.337908  -52.810805  -46.427386  -33.363095  -11.540049    4.156131     9.85879    8.708859
  15.9644   21.141512  -13.619205     -6.3167    3.078925   -0.055361   -8.779874  -29.420961  -44.290253  -18.197857
 16.07045   22.244473  -11.085577   -2.863349    3.371017   -0.254554  -10.003303  -31.304503  -44.672127  -19.699343
  16.1067   23.347435   -9.823679   -3.405916    3.078925   -0.453747   -4.789248  -26.038673   -42.60107  -23.259914
  19.1056    81.04052   -5.467499    2.169323    4.786888   16.251095   -3.122707   -39.93271   -39.87845  -37.369843
  3.97335 -104.515665  -34.337908  -43.938598  -45.933993  -33.363095  -11.540049    4.156131     9.85879    8.708859
  4.07235   -112.0295  -34.337908  -43.938598  -45.933993  -33.363095  -11.540049    4.156131     9.85879   -7.502666
  16.3433  -15.376657   -10.71107     -6.3167    3.078925     2.36797   -4.302679  -20.034344   -36.27421  -23.259914
  16.3792   -8.840994   -10.71107     -6.3167    2.887936     2.36797   -1.788892  -20.034344  -33.611183  -20.244225
  16.4153    7.253221   -10.71107   -6.891203    0.939791     0.99786   -1.788892  -20.034344  -32.153587  -10.801395
  17.9975   42.584457    7.893482    7.730656   12.786491    32.35527  -10.950576  -56.832238  -67.532557   -51.89459
  18.0333   42.322925   11.251231     8.10228   18.925008   33.251638    -9.47018  -55.201496    -64.9205  -14.284006
 18.05125   42.322925   15.597038    8.599457   13.050699   31.556984    -9.47018   -58.46298   -62.70755  -44.591377
   4.2642 -134.529865  -21.860767  -24.920883   -54.39621   -41.45989   57.958225   95.409424   34.914074    8.708859
  16.4903   11.272334   -9.652969  -15.356967    -2.15113   15.408692    0.216263  -34.200438  -39.508055  -10.102212
  16.6522   -0.802767  -10.182576  -16.966827    2.243654   17.371058    5.859198  -31.955355   -34.90616   -10.55726
  16.6717   -8.840994  -15.528892  -28.659893   -6.545915   15.541719    0.864174  -20.034344  -32.153587   -10.55726
  18.0889   42.061394   14.608981    8.725011   20.016464    32.35527    -5.53665  -43.687704  -65.382945  -59.187469
  18.2885   40.387253  -10.756455    7.164865   22.907933   32.466636   -7.432863  -44.682514    -64.9205  -59.500645
 18.32445   22.861362   -13.44779    1.573142   23.319326   31.668351   -8.583281  -53.063927  -60.237578  -59.187469
   3.0096  -17.819353  -22.799696  -44.040011  -41.777405  -40.503326  -34.370734  -13.090933   18.638676    7.996977
   3.1172  -18.034992   18.695097  -18.521906  -22.981947    -4.92639   57.355923   108.16296   71.855896   56.580666
  6.37125         NaN  167.748365  -86.717726 -285.841455 -344.801465 -318.679935 -168.523225   193.38083  402.899245
  15.2711    20.84546  -14.591917   -16.26072   -1.410273    2.520342   -5.183889  -19.377684     -26.293   -19.57714
  15.3069   21.141512  -13.619205  -12.996028    1.056862    5.097289   -5.054063  -19.081059   -25.93269  -21.002398
  18.5442   26.670172  -10.756455    9.193795   34.257305   32.344456    -9.47018  -50.926357  -55.554657  -53.676098
  18.5797   35.433117   -13.44779    9.452651    35.75985   31.551577  -17.084328    -45.5913  -50.649223  -47.964719
 18.61545   61.683096   -8.743921    9.119418   31.041125   30.085943  -17.084328  -50.061239   -51.43412  -48.521248
   3.3539  -18.034992   18.695097  -18.521906  -31.607342   -7.172298   39.777916    81.32188   71.855896   44.925884
  3.40915  -18.850676    1.042593  -23.819387  -30.364218  -11.899426   24.400029   54.190858   46.223449   36.124456
  15.5442    34.55315  -12.646492   -3.405916     2.88743   -0.453747   -8.707405  -15.824739  -25.992859  -21.365075
    15.58    34.55315  -11.085577   -4.182616     2.88743   -0.950424   -8.394295  -15.824739  -22.956493  -21.365075
  15.6189   21.141512  -11.866035    -1.90962     2.98343   -0.702086   -8.493287    -9.90189  -25.681356  -21.852701
  17.1786   56.582639   -0.815249     2.88565   12.786491   20.173708   -3.031668  -16.381643  -21.941473   -3.902931
   3.6822   -44.18375  -24.749348   -46.86128   -32.59413  -16.626553    9.022143   27.059837   20.591002    9.763211
   3.7378  -50.762663  -43.926468   -58.76033  -60.260643  -50.099636   -32.10224  -18.747576   -0.873423    7.493174
   5.0636  -143.77934  -21.860767  -24.920883   -2.438675   21.593407    78.91798   149.64328   175.27507   112.86102
   5.1725  -143.77934  -30.247099    6.798292   36.816392   55.295198    105.3942  145.695925  166.809675   94.610975
 15.85295   23.347435    -8.97028   -3.794266    2.887683   -0.254554  -15.448092  -19.514769  -26.746547   -12.22758
  15.8725   10.287181  -12.646492   -6.478543    0.939791   -0.950424  -14.191469   -19.32963  -28.431374  -10.656414
  15.9083    -0.56715  -15.056142  -10.818654   -0.643002    -2.83976  -15.069191  -20.034344   -36.27421  -13.010603
  17.2539   63.711334   -0.285528    3.393539    7.580107    9.090818   -2.103333  -11.760268  -24.068382    1.089911
 17.38025   63.711334   -0.285528    3.393539    5.009141    5.603791   -2.103333  -11.760268  -27.729753    -2.39414
  17.4711   62.043247    -3.27694   -1.371475    1.004088    6.458041   -8.023073  -26.601763  -28.182307   -2.780384
   5.3172         NaN   24.072498    58.08913    76.07146    88.99699   131.87042   149.64328   175.27507   112.86102
   5.4357         NaN  -30.247099    6.798292   36.816392   55.295198   109.11711  167.222335  166.809675   94.610975
    17.78   67.580247     4.24371    2.335715    8.267845   15.714255    1.113769  -45.958442  -53.519424  -12.847665
  17.7982    71.44916    6.068596    1.573142    7.588257   23.236476   -7.432863   -50.60842   -62.70755   -51.03724
  17.8161   57.016809     4.24371    2.335715    8.267845   17.633698  -16.874888  -59.822855  -67.532557   -51.89459
   2.5547  -39.751928   -52.67366  -55.593397  -54.339765   -61.55017   -49.68654  -27.868724   -8.883804   13.639091
  2.57265  -28.752771  -43.865884  -44.040011  -36.971314  -40.503326   -49.68654  -27.868724   -6.287475   13.639091
 14.69125    53.27207   -6.647293    -7.28322   -5.768249    3.645659  -18.360945  -30.031727  -25.292518    3.837379
  14.7628   29.424854   -6.284938   -5.240856    1.078809    4.505379   -8.707405  -28.799202  -25.292518    3.837379
  14.8167  -14.700398   -4.522669    -3.12699   -0.165732    4.167751   -5.115884  -20.310604  -25.750843   -6.273847
  18.0694   42.061394   14.608981    8.473904   12.051687   29.413189   -8.583281  -53.063927  -63.814025   -51.89459
   2.6294  -40.033306  -52.590904  -46.188015   -50.96068   -59.01442  -54.254597  -29.851383   -7.694578    7.996977
  2.74655  -40.204947   -52.67366  -54.850178  -54.339765   -62.63638  -56.213958  -31.365071   -8.883804    5.353846
   4.4622    -131.119   -107.6527 -102.446365   -90.28698   -76.78777   -74.96451   -70.63756  -43.401405   -7.502666
  15.0178   20.549408    2.368302    -2.59787    -1.09199     3.88129   -3.797922  -15.824739   -21.89931   -8.219786
  15.0539    2.924505     -2.7604   -6.261715   -0.773706    3.932457   -4.996746  -10.768449  -17.346722   -8.324948
  15.0917    -0.56715   -5.695082    -6.59825   -3.518226     3.88129   -5.054063  -15.824739  -15.707767   -9.567031
  16.6718    -4.82188  -10.336564  -17.349485    2.968593   16.456389    0.216263  -23.036509  -29.724699  -10.679328
  16.6886   -8.840994  -12.635393  -17.732143   -6.545915   15.541719    0.864174  -17.958824  -27.729753  -14.403596
   3.1364  -18.034992  -16.609911   -46.86128   -32.59413  -21.992231   -14.48687   -0.295802   18.638676    6.277489
   4.7729  -127.15541   22.163671    24.55445    19.02451   37.422381   91.286805   145.27665  155.748565   169.49543
  4.87165  -127.15541  -16.887847  -21.555242  -26.566473   -8.179316   72.633715  141.329295  161.056195   169.49543
  15.3268    34.55315  -12.646492   -9.731337   -0.773706   -0.453747   -5.183889  -19.377684  -26.011582   -21.52932
  15.3461   10.287181  -15.056142   -16.26072    -5.62618   -0.453747   -8.394295  -19.687108  -30.257337   -21.52932
 16.85415   29.178337   -4.548873     5.03034   14.370655   20.304685    1.318442   -3.646995  -13.180039     -9.7604
  16.9807   29.178337    -3.27694    2.791346    7.580107   17.857941    1.318442   -3.646995  -13.180039     -9.7604
  17.0167   29.178337   -6.033848   -1.371475    7.305379   15.541719    1.011864   -3.388828  -13.499286   -10.55726
   1.7556   -3.301195   -9.078509   -9.132976  -24.537464  -40.321304  -42.553314  -22.003664    0.690755   46.977009
   1.7556     -2.7182   -6.452491   -5.310168  -19.469023  -31.065335  -39.267323   -9.232211    6.552212   46.977009
  5.00805  -143.77934  -53.213731  -34.706714  -34.543813  -14.315163   67.948105  145.695925   169.71308   150.99991
   5.0278  -143.77934  -21.860767  -24.920883  -18.393356    9.321713    69.54676   149.64328   175.27507   114.90773
  13.9636  -49.333023   -7.785203   -4.790679   -7.489009   -6.359077   -17.70684  -25.815177  -31.555046   -27.73626
  13.9814  -37.879303   -2.546326   -0.991358   -1.967771   -5.608447  -16.303621  -24.657902   -30.86136  -25.011114
 14.01735  -56.262501   -7.785203   -4.790679   -7.489009    -6.60108   -17.70684  -25.815177  -26.912683  -24.373516
  17.2144   62.043247   -6.033848   -7.668532    3.693532   15.465579   -2.103333  -26.109234  -27.729753   -3.166628
  17.2181   63.711334   -0.285528    2.697042    7.854835   15.465579   -2.103333  -16.381643  -24.068382    5.138495
   1.8108   -21.92887  -19.439938  -23.846329  -23.006853  -40.321304  -43.677315  -55.809505   -28.69315   -0.677799
  2.04625  -40.204947  -51.907472  -45.146092  -43.330437  -51.499241  -53.974138  -57.862859  -30.909071   -0.677799
   3.8803  -71.418618  -64.257476  -74.918935  -82.828905  -73.044855   -62.61784  -39.183026  -14.824691   -7.502666
  14.0925  -37.879303   -6.284938   -5.240856   -9.209769   -5.771366  -13.174274   -23.36939  -21.652145  -16.085377
  14.2542  -26.289851   -2.653363   -5.751285   -8.350154   -3.587747   -12.84582  -21.002428  -18.955585   -6.267013
  14.2906  -37.879303   -2.546326   -6.261715   -8.004677   -5.180226  -13.174274  -14.448902  -18.606705    0.764629
  15.8889   21.141512  -13.619205   -6.684873    1.913863   -0.702086    -12.7091   -18.86592  -30.292481  -11.126835
   2.3925  -40.204947  -52.590904   -56.89356   -51.66368  -62.095886  -54.254597  -25.886065   -10.07303    7.996977
   2.4114  -40.376587  -52.756416   -64.99878   -57.71885   -64.08592  -54.254597  -25.886065   -10.07303    7.996977
   3.9164   -85.49566  -43.926468   -58.76033  -60.260643  -50.099636   -32.10224  -18.747576   -0.873423    7.493174
  3.93585   -97.00183   -50.56559    -63.5417  -67.815736  -59.700788  -40.782237  -25.044214   -6.086654    6.277489
  14.4914   20.549408     -2.7604   -5.240856   -5.869185    0.536788   -5.450565  -22.331191  -20.442494     6.58494
  14.5464   20.549408   -4.522669   -5.751285   -6.313693    2.635912   -7.400045  -28.840982   -25.93269    0.764629
 14.57275    2.924505   -8.737553   -6.261715   -5.869185    3.830122  -19.272833  -32.823687   -29.79112   -6.926662
  16.1453    7.253221   -9.310794   -2.863349    3.109947    0.471249   -3.045785  -19.867126  -35.590185  -19.699343
  16.1814   -8.840994   -7.226514   -3.405916    2.887936   -0.055361   -4.592209  -20.034344   -36.27421   -21.20083
   1.0114   -33.17201   -55.64221   -71.88031   -91.03134   -99.06571   -75.04668  -40.835587    9.176567   25.883637
   4.1533   -112.0295  -43.926468   -58.76033  -60.260643  -50.099636   -32.10224  -18.747576   -0.873423   -9.089885
   4.1536  -117.79864  -43.926468   -58.76033  -60.260643  -50.099636   -32.10224  -18.747576   -0.873423   -9.089885
    13.22   -74.78799   -38.43526  -38.772713  -21.411966   -8.024006  -12.253046  -18.974867   -38.22123  -39.631294
  16.4168    7.253221   -9.310794   -9.699421    0.582929    1.682915    -1.11027  -30.398062  -32.882385  -12.602495
 16.43625   -8.840994  -10.028589  -13.668136    1.234861    7.498684    -1.11027  -34.200438  -36.987303  -12.602495
   1.2292  -31.486063  -30.352114  -33.524086   -50.34259   -75.00433  -60.687656   -35.09011   21.595938   53.208631
    1.265  -15.008469  -18.203961  -28.622476  -48.043735  -65.440506  -67.422426  -37.529149   13.040929   46.977009
   13.455  -60.786743  -25.337047  -22.687414  -13.552674   -8.770245  -13.928957  -18.974867  -32.739853  -37.178745
  13.4911  -60.786743  -18.824728  -20.162031  -11.207713    -7.86259  -14.589361   -23.36939  -35.284138  -37.178745
  13.4933  -60.786743  -17.687869    -8.13591  -13.552674   -9.931162  -16.303621  -24.657902  -38.210686  -39.631294
  16.7078    -4.82188  -10.028589  -15.356967    2.968593   16.456389    1.113769  -15.088624   -22.69047  -10.679328
   1.5019  -15.008469  -13.023247  -16.489652  -29.736397  -42.208359  -54.417659  -37.529149    9.176567   46.977009
  1.53795  -23.247266  -18.203961  -28.622476  -37.925662  -45.608607  -54.417659  -35.907852    9.176567   46.977009
  3.17385  -55.866222  -36.677247   -55.18681  -51.235475  -47.824291  -47.997675  -37.812833    3.669395   16.800258
  13.7278   -70.23794  -11.669317   -5.029774   -0.155335   -6.277617  -13.078292  -13.208002  -30.982121  -28.445796
  13.7636   -72.44182  -12.499102   -5.211572   -9.209769   -7.430795  -13.366104  -18.635466  -31.102882  -28.115978
  13.7658   -70.23794  -14.798372  -10.319535  -12.380194   -7.646692  -14.942899  -21.172128  -31.826221   -35.29657
  15.3622   10.287181  -13.619205  -11.939447    -1.09199     0.58621    -8.55085  -19.699907  -34.791977  -23.009774
 15.40015    -1.96145  -13.619205   -8.333061   -0.708354     0.58621  -11.449437  -19.390483  -35.533093  -27.585117
   1.7735   -3.301195   -7.980416   -9.030481  -23.772158  -38.855724  -42.360897   -15.89712    -9.82319   38.273879
   3.5458  -34.698658  -34.337908  -52.810805  -46.427386  -36.045933  -23.294555   -9.521689    8.882627    6.277489
  3.64485   -44.18375  -34.337908  -52.810805  -46.427386  -36.045933  -23.294555   -9.521689    8.882627    6.277489
  14.0197  -79.065682  -12.499102   -6.113473  -13.763192  -10.331825  -14.259159  -24.131366  -22.288393  -24.373516
  15.6556   10.287181  -11.085577   -3.405916    0.939791   -0.453747   -8.394295  -15.824739   -26.65331  -21.365075
  15.6914   10.287181   -9.310794   -4.182616    0.226068   -0.950424   -8.707405   -18.40221    -32.0833  -20.475477
   0.5839  -30.860369  -56.468926 -106.050557  -132.63711 -130.872833  -67.867168  -41.162909    2.817645   23.293789
   0.7028   -21.26936   -55.64221     -91.494  -111.69394 -122.166046  -78.817444   -53.40748  -14.107565    7.194057
   3.8803  -71.418618  -57.204712   -68.32307   -75.37083   -69.30194  -49.462234  -31.340853  -11.299886   -0.612589
  12.6194  -128.02689   -45.75421   -44.19142  -50.167965  -14.987614   -8.612746  -26.219923   -35.28624  -62.425705
  12.6553  -128.02689   -45.75421  -38.871155  -50.167965  -12.288196   -2.449588   -20.82127   -35.28624  -58.358257
  12.6914   -129.4541   -45.82316   -44.19142   -58.78605  -23.642155   -8.612746   -20.82127  -35.284138   -45.21083
  15.9278    -1.96145  -15.229619  -10.818654   -0.643002    -2.83976  -13.396893  -27.608078   -42.60107  -14.403596
 15.94595    -0.56715  -15.056142   -7.735696    0.582929   -1.360813  -12.311813  -28.514519  -43.445661  -19.336667
   0.7383  -31.486063   -55.64221  -65.531265   -82.23492   -95.19534  -78.817444   -53.40748  -14.107565    7.194057
   0.9561   -33.17201  -61.913871  -81.001615 -100.412045 -101.153785  -76.932062  -47.448855     0.85071   17.161739
  2.48305  -41.916992  -56.382607  -65.034092  -67.296825   -65.17213  -56.213958  -27.868724  -12.894358    5.353846
  12.9281  -121.63366  -42.355564   -32.11625  -31.628536   -8.770245    0.861966  -12.163834  -35.284138  -38.405019
  13.0551  -116.77678  -42.355564  -43.294097  -45.504917  -15.537823   -0.897964  -16.782446  -46.555048  -52.566666
 13.15555  -112.27211  -43.296978  -45.953575  -45.504917  -18.453831  -12.617678  -25.153259  -58.006574  -59.368484
  14.5549   22.862319   -6.284938   -1.013124   -5.768249    3.830122   -8.973223  -30.031727  -27.003606    2.752142
     1.03   -33.17201   -55.64221  -65.531265   -82.23492   -95.19534  -73.027534  -36.725594    9.176567   25.883637
   1.0661  -36.811694  -52.568592  -60.716286   -72.54539   -87.26727   -72.02058  -36.725594    9.176567   37.003916
   2.5906  -39.751928   -52.67366  -54.850178  -54.339765   -62.63638  -56.213958  -31.365071   -8.883804    5.353846
   2.5908  -40.204947  -52.756416   -63.51234   -57.71885   -66.25834   -58.17332   -32.87876   -10.07303    2.710714
 13.22875   -70.23794  -36.302896  -39.629784  -16.779698   -7.188791   -0.897964  -18.772695  -38.215958  -38.405019
  13.2468   -70.23794  -33.117251  -31.044488  -12.462239     -7.7274  -12.617678  -18.944278  -38.215958  -41.029467
  13.2743   -70.23794   -32.06397  -35.444482  -14.768341   -8.397125  -14.139374  -23.343569  -40.540355  -43.819235
  14.8372    2.924505   -1.652041   -5.240856    -5.62618    3.645659   -5.047878  -20.684078  -22.427901   -8.055601
  14.8911  -14.700398   -1.652041   -5.240856   -5.869185    1.626166   -5.183889  -19.694292  -18.955585   -4.492094
   2.8457  -47.949764   -52.67366  -54.850178  -63.797835  -69.957345   -58.78693  -31.365071   -8.883804    5.353846
   2.8829  -39.751928  -43.865884  -54.850178  -63.797835  -69.957345   -58.78693  -27.868724   -4.476918    5.353846
  11.8293 -120.336305   -46.45076  -60.917576  -50.315445  -37.054434  -39.087909  -26.943579  -35.269907  -66.146227
 15.12795    -1.96145  -10.829254   -9.731337    -5.62618    3.830122   -5.183889  -19.377684  -25.383441  -10.809114
 15.16405    9.991129  -14.591917  -18.635838   -7.554793    1.626166   -8.394295  -20.684078   -29.79112  -15.620529
  23.9031  -65.790657  -59.096592   -42.47201  -26.524431  -34.119957  -35.650604  -20.891285  -35.683636    2.550393
   23.921  -65.790657  -66.752051  -52.253774   -45.34561  -73.096134  -80.273719  -62.200422  -45.789612  -13.692062
  12.0928   -120.2695   -44.24906  -41.992005  -48.202025  -31.210056  -28.446663  -26.219923  -35.253574  -53.322952
  12.1289  -120.58043   -44.24906  -45.696714   -54.05959  -38.372475  -28.750298  -26.494284   -35.28624  -59.368484
  12.1647  -120.58043   -44.24906  -45.696714  -58.420764  -43.159805  -46.459305  -27.433537   -35.85231  -59.368484
  13.7636   -70.23794  -13.328886   -5.029774    -5.58877   -7.188791  -13.647531  -18.774577     -26.893  -27.926119
  12.4017  -120.58043   -44.24906   -44.19142  -58.055477   -39.40104  -28.446663  -26.494284   -35.28624  -59.368484
  12.4206  -116.77678  -43.515735  -45.140643  -58.420764  -38.724052  -18.198963  -26.494284   -46.18065  -62.546005
  12.4378  -116.77678   -44.55316  -46.089867  -57.803734  -38.724052  -18.198963  -27.392874  -57.447178   -72.54232
  14.0203    -74.6457   -8.923112   -5.211572  -13.552674  -10.732488  -14.589361  -25.764486  -25.750843  -19.921425
 14.05545  -79.065682   -9.158305   -7.149297  -13.763192  -12.574419  -14.259159  -25.211194  -26.912683  -23.901098
  2.12055  -40.204947  -51.907472  -51.540788   -51.31218  -60.555153   -58.78693  -57.862859  -32.814168    0.391186
     2.22  -40.033306  -51.907472  -51.540788   -51.31218  -60.555153   -58.78693  -57.862859  -32.814168    0.391186
   12.701 -128.740495  -51.884823  -44.476367  -56.885739  -31.521597  -13.081481   -17.87723  -38.800604  -51.784543
  14.3286  -49.093031   -1.256616   -5.751285   -7.381439   -0.661008   -9.444244  -23.812423  -23.825077   -2.516547
  14.3644  -49.093031   -2.546326   -6.261715   -6.758201   -1.647263   -8.973223  -24.020016   -21.89931    0.764629
  23.1392  -51.334147   -73.13567   -60.30435  -46.926018  -29.834791  -25.872646   -48.46827   25.386738   21.380712
   2.5547  -40.376587  -52.756416   -64.99878   -57.71885   -64.08592  -54.254597  -25.886065   -10.07303    7.996977
  11.3471 -120.336305  -53.518217  -58.531367  -50.530057  -34.916517  -13.432793    -1.38813  -28.812054  -64.484915
  11.4654 -120.336305  -63.434932   -61.00067  -45.073135  -30.943913  -19.678707    -1.38813  -28.812054  -63.139243
  11.5839 -120.336305   -69.61564   -62.27916  -45.603405  -37.054434  -39.087909  -10.073668  -28.812054  -50.364635
  14.6017   20.549408   -9.783404   -9.505147   -7.381439    2.635912  -20.858041   -32.95775  -29.540651   -6.926662
 14.61945   29.424854   -8.737553  -11.727074   -6.758201    0.325246   -22.44325  -32.953168  -28.204936   -5.144909
  23.1392  -124.02909   -77.64784    -64.9886  -52.560119  -35.874652  -35.352726  -49.239767   -50.32808   16.823853
  23.1394 -106.377647   -74.40751  -62.035538   -58.19422  -41.914513  -44.832806  -50.011265  -51.451169    9.687123
   1.2289   -33.17201  -46.826458  -45.619602   -51.99104  -85.252594  -60.687656   -35.09011   17.074665   46.977009
 11.61985  -120.49177   -69.61564   -62.27916  -50.315445  -37.054434  -46.660099  -10.073668  -30.894836  -50.364635
  11.6378  -120.40311  -63.434932  -65.164795  -56.630222  -38.724052  -46.459305  -16.925837  -35.253574  -53.322952
 11.72875 -120.336305  -57.254223   -62.27916   -55.45671  -38.548264  -39.087909  -21.826695  -35.457112   -59.53902
  13.2561  -65.512341  -31.778926   -32.11625  -14.624115   -8.024006   -12.98231  -18.974867   -38.22123   -42.42764
  13.2919   -72.44182  -31.778926   -32.11625  -14.912566   -9.931162   -12.98231  -24.657902   -42.85948   -45.21083
  13.4189   -72.44182  -31.778926  -29.751581  -14.912566   -9.931162  -13.366104  -24.657902   -38.22123   -48.45201
   1.3028   -9.244811  -16.967985  -23.846329   -45.74488  -55.876682  -62.824272  -55.809505    0.690755   37.003916
  1.32085   -9.244811  -13.023247  -21.722525  -43.330437  -58.986284  -67.422426  -55.926576   -3.930695   32.245514
  11.8389   -120.2695   -46.45076  -60.319878  -45.919745  -35.736393  -46.459305  -27.392874   -35.28624  -62.546005
  11.8747  -113.10907   -45.50019  -53.734337   -54.05959  -38.724052  -46.860893  -27.392874   -35.28624  -62.546005
 11.89275 -116.689285   -45.50019  -46.551098  -50.315445  -38.548264  -46.660099  -26.943579  -35.269907   -59.53902
   13.565  -65.512341  -17.153824   -7.015375  -11.207713   -8.770245  -15.296438   -20.82127  -35.284138  -28.775614
  13.6914  -65.512341  -15.461594   -7.015375  -11.207713    -7.86259  -13.366104  -18.635466  -32.602947  -28.775614
  22.3036  -54.880135  -61.080011  -70.775813  -86.559769   -98.88365  -85.432955   -45.12865   40.617912   61.574295
  1.55695  -29.232933  -24.896026  -33.461355  -43.330437  -51.499241  -54.417659  -33.728896    0.690755   46.977009
   1.5758  -15.008469  -19.439938  -33.398624  -40.915993    -47.1218  -48.547737  -30.732197    5.312204     52.1917
  10.7664  -133.81577   -45.44012   -50.24317   -64.20713  -46.248154  -22.487103  -26.544603  -26.981955   -83.71803
  13.8378   -70.23794  -14.798372    -8.13591  -14.912566  -10.732488  -21.968609   -27.59634  -32.602947  -39.194933
  13.8918  -65.512341  -14.063629   -7.149297  -13.763192   -8.896876  -22.205929  -27.602094  -32.576253  -34.630913
  10.7843 -129.762635  -55.448284   -56.84964   -59.83192  -47.138374  -20.447685   -24.87497  -30.602384   -66.41556
  10.8022  -133.81577  -55.448284  -57.340553   -64.20713  -46.248154   -20.78854  -23.205338  -28.919868   -77.91251
 12.42915 -114.942925  -43.515735  -45.140643  -58.294892  -39.062546  -18.253163  -27.413206  -51.813914  -67.544162
  23.1036  -51.334147   -82.16001   -69.67285   -58.19422  -41.914513  -44.832806  -50.011265  -51.451169    5.461748
  23.1214  -51.334147   -77.64784    -64.9886  -52.560119  -35.874652  -35.352726  -49.239767   -50.32808   16.823853