    tempo          80        82.5          85        87.5          90        92.5          95        97.5         100
  10.2703   59.544846  -11.135618  -12.985939    8.582498   24.930481   17.717719   -8.806311   -32.71861  -45.294535
  10.3086   59.544846  -16.209523  -16.549637    1.649703   21.076982   26.538388    6.016773  -21.955261  -41.334573
 11.90625    52.86295    52.82087   28.582703    2.880927   23.842469   28.985837   24.919625   27.610896   26.851234
  11.9064   45.740938    44.17438   22.127934   29.512833   30.383558   32.773445   26.731255    5.929296  -19.928566
  22.5142    2.632439    2.573388   -2.770767   -1.702541    3.738628    4.972122    2.088871   -2.137283    5.315522
  22.5144   -6.825342    1.055902   -5.621529  -12.832663  -11.766724  -10.303448   -2.483561   -9.608936  -10.302627
  22.5189   -6.825342    2.573388   -5.621529  -12.832663  -11.766724  -10.303448  -11.907554  -15.612908  -15.180419
 10.46305   35.545767  -21.065038  -19.664744    3.834222    9.407294    13.78997     3.43104  -21.955261  -25.932579
  12.1794   245.04062   32.123255   26.335978   29.968739   29.468553    35.58688   38.421437   24.345626   -16.55273
  12.2153   249.63748   30.217485   31.035835   30.424646   30.383558    66.54937    48.37611   27.137716    2.876076
 22.65305   -2.096452    1.814645   -9.090278  -14.689944  -12.216427  -12.207466   -7.195557    -5.87311   -6.154709
  22.7153   -6.825342    1.055902  -12.559028  -16.547226   -12.66613  -14.111485  -11.907554   -9.608936  -10.302627
 22.71555   -8.891124   -1.527349  -13.758194  -24.709488  -27.281828  -15.823221  -17.372386  -12.610922  -14.450544
   9.1806   -96.83538  -30.693922   -33.80487  -25.960495  -15.407349    6.628062   -2.104798  -20.255486  -38.736123
  9.21625  -85.495769  -23.479861  -33.035605  -26.069899  -17.739539    0.906071   -2.615191  -20.255486  -38.736123
 12.33405   249.63748   30.066239   44.706655   43.553373   35.426262   72.896485    30.58647   15.070649   -33.44336
  21.2306   10.041917   35.320038    29.68821   17.759743  -11.358233   -37.14155  -24.880319   -22.64512    0.888421
  21.2661    9.552298   35.314579   28.035619   15.764231  -11.162406  -36.443097  -13.726043  -17.747171   14.992628
  0.69635     -23.688  -37.664795   -50.46526  -44.178281  -15.750824   13.392384   38.945622   29.876376  -13.749444
   9.4714  -59.243515  -23.047045  -14.425923    0.697553   14.795886   15.098535   -7.950737  -32.928844  -44.536656
   9.4894  -57.328952  -20.890591  -11.177257    1.609781   15.637952   17.476051   -5.387483  -31.855292  -41.100113
  11.1278   57.497042    35.37294    25.59631    0.125666   -2.003373    16.77238   10.924103   22.733053  -14.070511
  21.4469   10.252105   29.724323   23.770885   13.715453   -3.969358  -30.359707   26.348249     14.1342    24.52196
 21.46205   17.886864   32.516722   24.467688   13.742086    2.345675  -24.963007   31.736311   24.063923   25.116362
  21.5811    26.92924   32.516722   23.827043   15.764231    5.398178   28.103566    33.16741   27.878893   26.324768
  23.3078    4.736033   -0.701929  -43.799796  -73.714458   -66.13937  -28.761358   19.636761    37.02243   81.136845
    9.745  -53.620492     1.66469    4.405844   12.021497   32.856168   21.500577   -1.805292  -17.049202   -39.61287
   9.7828  -55.535055   -4.062161  -11.177257    4.202359   33.117855    25.29127   -1.594405  -15.153845  -41.100113
  11.3803   21.242794    44.17438   21.407059    0.125666   -2.003373    0.448831    2.600174   -3.678814  -31.395643
  11.3985    52.86295   46.031299   22.157286   -0.784531    0.201598    7.723579    4.005796     9.52712  -22.733077
  21.7178   22.432927   35.222966    8.577507   14.280259   24.240896   34.852062   35.766345   34.110152   26.697799
  21.7919   31.171867   24.476982     7.42062   17.759743   30.079334   34.187912   31.736311   27.878893   25.126163
 21.96265   39.307948   24.070217    8.577507   20.093363   30.651517   28.103566   24.737738   18.422571   23.845604
 23.48015   -9.789355  -14.606815  -52.001846  -48.552076  -57.952773  -31.754018   -1.656444    43.35121   67.293567
  23.5706   -15.83905   -20.75187  -40.198463  -48.298527  -50.112026  -30.524836    13.36562    45.53026   60.816574
 23.58865   -9.789355  -14.606815  -38.632015  -47.880201  -50.014353  -28.761358   19.636761   45.622817   55.888466
 11.65375    52.86295   48.775347   19.910561   -1.658854   -4.245482   -7.173507   10.486987   25.624229   18.320782
  11.6897   89.363787    52.82087   24.374659    -1.45046   -4.245482    5.289818   15.752443   34.349408   23.811542
  23.6246   -32.18567  -27.780762  -52.001846  -48.552076  -57.952773  -31.754018    4.614697   45.622817   55.888466
  23.6425   -48.53229  -34.809654   -63.80523  -48.805626  -50.112026  -30.524836  -16.678509    45.53026   50.960358
  23.7432  -50.557458  -46.074802  -52.001846  -48.552076  -50.014353  -31.754018  -18.461569    11.43852   29.776257
  8.69045 -113.354126  -39.453034  -37.778191  -26.069899  -21.024853    6.981798   10.587577   25.209014    2.949989
  8.71125 -105.094753  -35.397769  -36.738293  -22.138359  -13.950935   12.307402   15.498969    8.306221   -0.218332
  20.7922  -28.208572    9.456145   27.167886   13.742086  -19.839771  -64.938513   -87.04004   -73.67725   -28.26093
  20.8447    -8.37579   12.854843   28.247791   19.250597  -18.595345   -66.30549  -89.824935  -74.423555  -29.796759
  20.8985    -2.87459   17.876245   29.277522   20.857076  -17.162529   -68.45958   -89.05481  -72.155975  -34.800862
  8.94585   -96.83538   -31.22983   -32.14954  -13.591277  -11.618745     7.25465    4.489368  -20.255486  -38.736123
   8.9642 -104.291702  -38.867203   -33.80487  -18.316223   -8.632164    7.173768    2.827853   -19.80763  -38.125626
  10.5614    4.275155   -21.87216  -17.723482    3.466085   -0.634655   10.636549    0.558575  -19.484976  -23.625095
 21.11765  -12.978034    19.28339   29.610748    18.50517  -15.012593  -62.095002    -77.5422  -48.910946  -18.386263
  21.1536   -2.586892   20.856576   30.529139    21.17662  -12.984856  -58.088668   -65.11205  -40.916447  -11.266407
  21.1897    6.552407   29.249582   29.610748    21.17662  -11.992852  -41.461308   -60.73014  -35.925922   -5.295639
  22.7158   -6.825342     -4.1106  -14.957359   -32.87175  -41.897526  -15.766752  -11.907554   -9.608936  -15.180419
  22.7514   -6.825342     -4.1106  -14.957359   -32.87175  -41.897526  -14.111485   -2.483561   -2.137283  -10.302627
  9.22655 -111.748024    -25.1898  -33.035605  -26.069899  -12.019756     0.38425   -2.615191  -20.255486  -38.736123
 10.85485   57.080082   -3.101664    0.342374    0.639383    0.885957   18.269195    8.613804   -6.515926  -32.722083
  10.8908   62.131134    8.601649    0.342374   -0.644476   -6.755826   15.885354   11.548202   12.533272  -21.787128
  21.3703    6.649397    35.30912    25.16449   13.715453   -10.96658   -35.67668   -9.107204  -10.000082   17.548815
  21.4061    6.649397   29.724323    25.16449   13.715453   -10.96658   -35.67668    6.571478   -2.555141   21.934326
 22.79765   -5.282501   -0.768606  -27.528697  -50.112778   -66.13937   -30.92609    9.647044   18.818688   35.938355
  22.8257    -0.55361    2.640064   -28.76491  -48.133751   -66.13937  -32.689568    4.556773    9.062233    6.227123
 22.94415   -5.282501   -0.768606  -32.337347  -46.415836  -52.666275  -28.761358    2.270557    9.062233    6.227123
  7.87375 -110.790385  -14.066563  -10.530698    -7.28235  -20.078051   19.418378   44.988584   26.336506   55.435262
   7.8914  -120.88988  -36.414345  -43.252754    2.904772  -18.929295    26.84187    84.68539   84.746666    80.71433
  11.1281    52.86295   41.630579   31.816672    0.639383    6.954379   18.269195   11.272768   27.772994    0.899602
  11.1639   57.497042    44.17438   26.621384    0.394931    2.406569    16.77238   10.924103   22.733053  -23.625095
  20.0814  -27.133691  -11.280451    -8.63206   16.009555   -8.653774  -54.517404  -71.308868  -64.860782   -34.45966
  20.1019  -28.348839  -11.013529   -6.420326   17.132847  -13.171528  -57.842228   -79.45227   -67.80382   -37.64281
  23.3181    3.522978     -4.1106   -39.04014  -48.805626   -55.41587  -26.997879   25.907902    41.17216    88.50313
  23.3539    3.522978     -4.1106   -39.04014  -48.805626   -68.59921  -30.524836    13.36562    41.17216    88.50313
  23.3718   -0.108341    -6.28618  -51.422685  -56.146019  -67.196365  -31.754018   19.636761    43.35121   81.136845
   7.9317 -110.790385  -31.928335  -43.252754    2.904772  -18.929295    26.84187   63.393986   37.206757    2.268303
   8.1289 -124.133913  -58.708935  -49.801914  -10.881688   -16.41926   20.348358   12.433966   20.303964   -0.218332
   9.7828  -42.865316  -20.257915  -16.549637     2.90607   30.585102   21.357634   -4.878015  -16.101523  -38.453409
  20.1478  -37.005774   -6.210405    6.466982   12.497605   -22.81184   -70.31301  -83.660675   -71.43735  -36.210972
  20.1942  -36.047417   -6.007355     1.66209   -0.292536  -30.950241   -75.24809   -99.52826  -80.317347  -36.248184
 20.35455  -31.941975   -1.997486   17.359103    5.930339  -30.860066   -75.33275 -109.855588   -94.40278  -44.974818
  21.9164    47.44403    45.96895     7.42062   10.800774   30.079334   34.187912   31.736311   27.878893   25.126163
  8.47555  -120.88988  -39.672616  -34.822258   -8.953707  -14.878884   18.813815   10.587577   25.209014    2.949989
   8.6544  -120.88988  -47.416897  -40.367203  -16.300865   -20.07173    7.335533    8.741187   13.211271    2.268303
  10.0558   25.809469    5.522717   11.021513    13.00096   33.117855   24.570702   -9.661884  -33.908924   -58.88452
 10.17205   35.545767  -12.482225   -9.548192    9.892173   24.930481   17.717719   -8.806311   -32.71861  -45.294535
 20.44905  -22.965553    3.769611   20.541967    5.930339  -22.396591  -66.169905    -93.4181   -89.59491  -43.973791
 20.62765  -29.095298    5.527241   24.510739   18.239053  -27.143601   -65.31163  -88.925345  -81.223114  -39.164838
  20.6636  -37.617393    7.086669   28.190151   22.463556   -31.23032   -67.10347   -87.04004   -79.41158   -31.57515
  22.3178   17.121563   23.267235     7.42062   13.799889   30.079334  -10.303448    2.088871    4.204478   20.274701
  22.4425    9.275291   18.444534    6.620323   13.799889   30.079334    4.972122    2.088871    3.911949   14.008923
  22.4783    3.157465    2.706741     5.96907   10.800774   18.402458    4.972122    2.088871    4.204478   14.008923
   7.1128  -147.44156     78.5335   68.156364  -23.917385  -114.49397  -161.94788  -143.41078  -109.01103  -58.369385
  10.3289   57.080082  -20.257915  -19.801266   -2.686868   19.449242    16.94339    0.558575  -19.484976  -40.053276
   10.365   59.605608  -20.257915  -19.528221    4.202359   20.868725    25.29127    6.303505  -19.484976  -40.053276
  19.2669    9.165139   -21.85448   -9.562683   -9.884524  -24.143047   -62.10525  -96.111275   -92.12845  -60.334522
   22.555   -6.825342    2.573388   -5.621529  -12.832663  -11.766724  -10.303448   -2.483561  -15.612908  -15.180419
  22.5908    2.632439    2.573388   -5.621529  -12.832663  -11.766724  -10.303448   -2.483561   -9.608936  -10.302627
   7.4417   15.912884    81.33375     77.3087     4.59918  -21.226807    26.84187   43.312529   26.336506   30.156193
   7.7147  -100.69089    12.10598   22.191359    2.904772  -18.929295    26.84187    84.68539   84.746666    66.31753
   7.8557  -100.69089  -12.154182  -10.530698    -7.28235  -20.078051   19.418378   44.988584   26.336506   48.236862
  19.8644  -20.201217  -19.989214   -9.748346   12.841995  -13.226906  -54.800915   -82.28581   -68.49257  -43.973791
  19.8689  -22.491735  -11.547374   -9.707954   15.424917  -13.226906  -54.800915   -79.45227   -65.95323  -36.908285
  19.9406  -25.918543  -11.280451   -9.591083   14.133456  -13.199217  -52.358326  -63.401335    -56.4867  -35.742672
  21.4061    9.552298   32.516722   25.773759   13.742086   -7.467969  -33.776995   20.960186    3.911949   23.763649
  21.4261    9.762487   29.724323    25.16449   13.768719   -3.969358  -30.359707    32.45186   25.971408    24.52196
   7.8917 -110.790385  -36.414345  -45.059204  -17.469471  -21.226807   11.994887    5.291778  -32.073654   30.156193
   9.4897  -57.328952  -23.047045  -12.065459    1.726767     16.2819    17.38346   -7.950737  -32.928844  -44.536656
   9.5479   -55.41439  -18.734137  -12.065459    3.754062   19.102744   17.810309   -2.824229   -30.78174  -45.294535
  20.1175  -35.225044   -8.261188   -1.784553   17.132847  -18.825924  -60.909225   -80.06572   -77.54183  -42.280315
 21.66155    26.92924   40.639035   23.827043    21.24103   18.773649   34.852062    38.36528    32.80904   27.070831
  21.6797    26.92924    45.96895   14.485926   17.759743   30.079334   35.516212    38.36528    32.80904   27.070831
   6.5308    -164.295   -181.6815  -213.73808  -209.87196  -214.64828  -206.43127  -184.48578  -170.33485  -166.39792
   6.5667    -164.295   -181.6815  -213.73808  -209.87196  -208.93622  -188.63597  -184.48578  -170.33485  -166.39792
   9.8186   -51.44846   -16.37007  -13.571053    8.422684   32.594482   18.144567   -7.950737  -19.484976   -42.61587
  18.7208    9.165139    6.769313    3.680679  -14.082199   -33.22664   -62.10525  -78.765755  -59.426918  -34.976585
  18.7568  -11.232185    1.127326    2.433553  -14.178845  -40.342512  -75.213335   -89.89576  -70.514134  -37.569077
 18.79265  -17.584955   -0.370657    0.709162  -16.088574  -41.723163  -80.543132   -89.89576  -70.514134  -45.983385
  21.9986   31.886449   24.070217    7.020472   12.300332   30.651517   23.703664   22.084741    9.158485   23.763649
  22.0089   31.171867   23.663452    6.620323   10.800774   30.079334      22.321   23.209297    12.78122   23.845604
   6.9482  -155.86828 -164.182995  -160.18795   -161.4873 -158.765015   -182.3338 -192.982695 -178.111825  -171.90056
   7.0567  -147.44156  -155.76762  -159.52066  -141.43816  -138.44225  -179.75075  -201.47961   -185.8888   -177.4032
   8.6553 -117.122003  -47.416897  -40.367203  -34.090782  -28.350382  -21.598202    4.489368    3.401171   -2.704966
  19.0297  -11.232185   -1.922445   -2.224014   -14.27549   -33.22664  -81.071884   -99.57469   -92.12845  -52.522762
  19.0656    -0.20448  -12.742445   -2.224014   -14.27549   -33.22664    -85.6425 -112.567345  -102.10286  -60.334522
  19.0658    9.165139  -19.131622   -3.404027  -16.088574  -37.518681   -87.08147  -118.64862 -105.758695   -67.87624
  20.6281  -35.225044    6.251722   27.880785   22.366558  -21.275871   -66.03432   -87.25563  -83.325522  -36.248184
   7.1228 -138.143755   79.933625   80.549192   30.256078  -44.654933 -107.531351   -141.1316   -99.81138  -35.485816
   7.1328  -128.84595     78.5335   68.156364  -23.917385  -114.49397  -152.11322  -138.85242   -90.61173  -12.602246
   8.8472 -104.291702  -35.397769  -36.738293  -22.138359  -21.024853    6.981798    6.615277  -25.518613  -43.797408
   8.9281  -76.124885  -31.928335   -33.80487  -16.300865  -15.407349    7.173768    2.827853  -25.518613   -39.34662
 19.30265   10.191487  -20.921847   -8.359718   -9.868888  -19.567411  -56.921785    -91.4761  -87.220948  -59.898441
  19.3228   -7.162541  -35.693867  -10.769123     -2.6329   -7.441778  -48.471445   -83.01326  -77.028705  -59.898441
  19.3386   -4.631066    -38.5695  -10.787682    5.880444   -7.441778  -45.176029   -83.01326  -72.504075  -57.480966
  20.9186   -7.569686    19.28339   29.610748   16.509658  -19.839771   -68.45958   -87.04004  -70.996254  -32.467228
  20.9928   -9.159953   18.593159    29.68821   17.759743  -18.595345   -66.03432    -83.2518  -59.955916  -20.110572
   5.7418 -148.149955 -161.229475 -185.332055 -196.445655 -192.998385 -158.605995  -99.426278    -55.2018  -45.663269
   9.0397 -104.291702  -38.867203   -37.07051  -25.960495  -15.407349    6.628062   -2.104798  -25.518613   -39.34662
   9.1803 -104.291702  -38.867203   -37.07051  -25.960495  -15.407349    6.628062   -2.104798  -25.518613   -39.34662
  17.9217  -43.862769  -13.147102  -16.782223   -7.986505   -19.39825  -27.360764  -36.104095  -17.416883    2.352708
  21.1942    9.455308   32.516722   30.529139    21.17662   -9.487697  -38.682473  -50.297424  -29.927893   -5.295639
    21.23   10.041917   35.320038   31.370068   17.759743  -11.358233  -38.083946   -32.96992  -24.766584   -2.206306
  5.89625 -143.226395  -171.94141 -189.632125 -192.106735 -187.466235  -167.62947  -119.27157  -78.364749  -75.207333
  6.02275 -140.305225  -158.77288  -184.64594 -186.133225  -189.97551 -186.122375  -168.20561  -128.20845 -114.119353
 18.19485  -22.279638    3.430038  -12.942737  -13.542983  -29.134864  -31.181535  -34.668785  -22.525571    0.656551
  18.2307  -16.952604    6.233805   -7.351617  -10.686107  -29.134864  -31.181535  -35.507374  -28.391193   -3.315788
  18.2667  -12.890272    7.896174   -4.355815  -10.686107  -29.792905  -33.271935  -47.429588  -29.262427   -8.883815
  19.9047  -23.308645  -11.280451   -9.591083   16.009555  -13.199217  -54.419956  -73.431287  -64.860782   -36.17376
   6.2778  -144.69836  -163.14925  -188.94601  -188.76599  -208.93622  -188.63597  -181.57904  -144.80107 -117.457886
   6.3139  -151.60155  -180.73357  -201.08974  -209.87196  -214.64828  -215.92567  -183.28241  -147.29594  -127.00876
   7.9022  -100.69089  -36.936516   -54.49319  -30.281664  -23.198507     7.60624    3.615723  -33.492497    9.736876
  18.5039   -4.445313   14.138062    1.023601  -12.810476  -26.359169  -39.490532  -63.328697   -41.88753  -18.499882
  18.5236   -1.991617   14.138062    1.186427   -14.27549   -33.22664  -49.544968    -71.2801  -52.730595  -24.554157
  18.5397   -4.445313    9.950657    5.646146   -14.27549   -35.11085  -50.534843   -71.72061   -66.86808  -24.554157
  20.1175   -35.63623   -9.186792   -2.062697    16.86352  -18.984545  -62.749083  -81.903215  -78.476705  -42.649965
  20.1222  -48.322273   -7.337322   -0.209295   14.987421   -21.69112  -68.866528  -87.213605  -80.317347  -43.973791
    8.205  -120.88988  -58.708935  -45.059204  -17.469471   -16.41926   11.994887    5.291778    3.401171   -2.704966
   8.2408  -120.88988  -58.708935  -45.059204  -17.469471  -18.929295   11.994887    5.291778    3.401171   -2.704966
  18.7928  -22.279638   -1.922445   -2.224014  -16.822166  -41.810722  -81.071884   -88.01074   -76.51558   -49.44352
  20.3906  -28.658905    2.275867   21.703339   12.153214  -23.517311   -70.87615 -107.405136  -96.612393   -45.02167
  20.3953  -28.658905   -1.861405   13.014868   -0.292536  -21.275871  -67.917366  -102.02962   -95.30927  -44.927967
  5.22365 -167.712195 -170.669745 -184.501205 -197.817065  -184.43391 -136.063017  -80.704415  -49.511414  -28.463859
   5.4786  -173.11641  -182.02979  -190.31824   -198.1903   -195.8599  -167.98553 -110.604126   -56.49444  -33.000782
   8.6728 -117.122003   -43.72788  -39.758755  -30.025638  -25.164179    -7.48507    6.615277    8.306221   -0.218332
  17.4496  -60.434132  -30.831627  -22.427319    1.067818  -26.591058  -37.961066  -37.372838  -37.340028  -15.067366
  17.5682  -60.434132  -28.360115  -24.985155   -9.790184  -31.282927  -45.949337   -47.47725   -29.55151  -11.567017
  17.6686  -60.434132  -28.682642   -31.11578  -13.866715  -31.910559  -40.471718   -45.82485   -23.03393    2.352708
  20.7039  -36.421218    7.263268   27.880785   13.715453   -31.23032   -66.30549   -80.06572   -73.67725   -28.26093
 20.72195  -35.225044    8.390266   27.167886   13.742086  -27.143601  -64.938513   -79.76464  -72.916612  -29.796759
   5.5144  -162.30798  -182.02979  -190.31824  -197.44383  -190.13687  -149.22646   -88.24843   -53.90916  -32.858227
  5.62315  -153.50317  -172.58952  -194.15729 -197.817065 -192.998385 -158.605995  -99.426278    -55.2018  -32.929505
   7.1507  -56.466533   79.933625   72.732532   -9.659102  -87.977625 -138.085985 -128.524975  -76.591655   -0.781025
  17.7044  -60.434132  -27.873217  -27.107246  -11.593863   -27.16791  -29.366217  -33.965515  -14.516784    5.718983
  17.7406  -59.839516  -26.182419  -23.447916  -12.730289  -28.911603  -30.570957  -35.034805  -15.966833    4.035845
  17.7408  -54.834643  -23.177296  -19.368149  -13.866715   -19.39825  -29.252989  -36.104095   -20.65458    1.684438
  19.3231   -4.750983  -41.441223   -16.09759    4.194923   -8.078402  -52.050274    -87.0602   -76.51558   -59.46236
  19.3389   -4.511149  -35.689957   -9.711228    7.565964    -2.23473  -39.397568   -77.73596  -67.704665   -59.46236
  19.3592   -4.511149  -27.748127   -9.748346    7.565964   -8.078402   -45.70994  -57.781567    -56.4867  -47.485535
   5.7517  -144.69836  -163.14925  -190.31824  -195.44748  -190.13687  -149.22646   -88.24843   -53.90916  -58.325756
  5.76975 -143.226395 -172.415375  -194.15729 -196.445655  -189.97551  -150.43831  -85.979695  -49.511414  -48.979801
  7.62085  -42.389003   21.059578   12.451805   -6.435145  -18.823034     7.60624    3.615723  -33.492497   20.598194
   7.6589  -100.69089  -12.154182   -9.142669   -7.000487  -20.078051     7.60624    3.615723  -33.492497   20.598194
  17.9418  -37.895767  -11.348444  -16.202577    -6.27509   -15.73353  -27.242132  -33.137924  -13.137082    2.018573
  17.9781  -37.895767  -11.348444  -18.490946  -13.338595   -15.73353   -28.36349  -28.433816  -10.001872    2.018573
  18.0136  -27.424186   -7.408806  -17.781548  -12.810476   -19.39825  -29.366217  -32.310333  -11.757381    1.684438
  19.7303  -23.989098  -31.719042   -9.845228   16.009555  -16.157347  -56.921785  -78.685575   -66.91676  -39.078948
 19.82875   -24.95382  -31.612394  -10.884564   10.066436  -18.984545  -69.363848   -80.86904   -67.80382  -44.882925
 19.84915  -23.648871  -24.005426   -9.845228   10.066436  -20.209519  -63.191119   -80.86904  -68.148195  -50.260437
   4.6794  -25.005064   -85.77002 -126.477356  -136.54538 -123.408264 -103.972664   -50.98654   -34.64874    5.839764
  7.85595 -110.790385  -36.936516  -44.155979  -20.693428  -23.198507     7.60624    3.615723  -33.492497   20.598194
   7.8561 -110.790385  -36.414345  -43.252754  -17.469471  -21.226807   11.994887    5.291778  -32.073654   30.156193
  16.8694 -111.822235    -46.3444  -23.964558    2.611943  -10.493559  -51.426956   -53.73328  -52.734123     -55.151
  20.0456  -28.503872  -17.337482   -9.711228   12.153214  -18.825924  -50.677654   -59.15307    -59.3372  -30.253358
  20.0635  -28.348839  -14.442428   -9.591083   14.133456  -13.199217  -54.136446  -68.296648  -63.546299  -31.943302
  4.67955  -25.251454    -88.1584 -130.190148  -136.71273 -130.679952 -122.854242  -59.798345  -36.831685  -18.900063
 16.88765 -105.318788  -40.555275  -24.985155    0.844494  -12.927105  -54.954018  -57.630278  -50.521516  -44.364964
  16.9056   -98.81534  -37.692677  -23.964558   -0.922955  -15.360651  -51.426956   -53.73328   -48.30891  -33.937588
  18.5318    2.359913   17.856489    4.663413  -14.815236  -37.080135  -52.040216  -74.266485   -68.11274  -27.288365