    tempo          80       82.5          85        87.5          90       92.5          95        97.5         100
  10.9268   53.509125  -21.41535  -37.789867  -39.606174  -55.226782  -55.54307  -56.618984  -55.211983   -42.41825
  10.9269   55.575755 -19.153699  -37.471159  -38.460155  -56.075485 -55.358593   -59.84305  -57.551245   -40.82737
  10.9628   57.642384 -16.843806  -36.265346   -37.76419  -56.075485 -55.727547  -62.056515  -55.211983   -37.06431
 12.54515  -10.166556  -29.21632  -11.196976    0.906686   -1.282576 -18.047401  -44.034101  -46.631857  -64.909223
  12.5453  -10.166556 -29.482418  -12.464304    0.615984   -2.985983  -18.06779  -53.286137   -47.42392   -70.31028
 12.58095  -10.166556 -32.193829  -19.991104   -0.869404    1.988867 -12.861063  -40.406635  -46.183867  -70.606903
  11.0567   55.575755 -16.892048   -34.13483  -28.911058  -37.845264 -39.159286  -44.590576   -44.20485  -20.610207
  11.0569   53.509125 -18.914516  -34.929253  -37.968018  -42.370299 -37.012193  -42.391386   -45.95261  -25.018865
  12.6172   19.611307 -23.227983   -8.174911    1.197389   -3.221458  -7.595149   -24.42575   -47.42392   -70.90155
 12.81985   20.678844 -13.113905   -6.408902    5.142193   -4.170541   0.377872    -20.1908  -46.183867  -66.732093
  12.8203   24.507385 -11.033897   -6.216931    7.122346   -7.221255   8.350893   -24.42575   -47.42392   -73.95602
  21.5156   46.279681   91.24505   117.88623  114.993996  117.280235  120.50824   62.262955   134.44804  168.656855
  0.92165         NaN        NaN   33.294767  -41.167279  -91.339805 -65.414338    26.25958  102.322917  147.571307
  9.90475  -28.341982  -12.04308   -4.560728   -0.595918  -17.507365  -30.01303   -42.55898   -68.96415  -75.857425
   9.9158  -29.857674 -17.283273   -5.624703   -3.239586  -17.966991 -30.928282  -46.286888   -71.40717   -75.34956
  9.92235  -29.857674 -17.283273   -7.159674   -4.668353  -21.359279 -31.993502   -54.33768   -73.85019  -73.537087
  12.8922   23.439848  -0.499903    8.523827    8.586402   28.494819  24.509006   -1.003202  -34.026705  -34.430036
  10.0964  -28.341982 -20.027544  -13.200491  -11.084806   -28.01794  -47.09372  -59.765694   -80.65535  -72.345997
 10.13205  -29.857674 -20.265594  -14.874823  -11.955343  -25.636121 -45.552353  -58.350132  -82.989705   -73.01346
  10.1681  -29.857674 -21.335285  -16.349102  -10.591832   -24.53002 -48.763355   -56.93457   -85.32406  -72.345997
  11.7864   31.113489   7.055341    4.924597    5.983464   -6.473305  -20.54797   -32.73769  -45.839794  -35.453453
 11.78655   30.495396   8.606853    5.333506    8.307473   -3.898157 -20.283695  -30.628045  -43.741517  -30.405073
  10.2264   -6.806108  -18.82981  -13.440205  -11.084806  -34.971813 -53.259495   -66.27874    -85.3512  -65.560326
  10.2622   -6.806108 -20.265594  -16.166814   -14.15402  -37.845264 -55.727547   -66.67604    -79.8808   -66.46852
 10.40705   -4.705744 -21.335285  -16.991817  -23.374394  -39.543553 -57.490577   -68.30716  -76.681335   -68.61589
 12.02515    0.179749 -10.709217   -3.829743   -1.054462   -0.451089 -19.043605  -39.766399  -54.297804  -39.529981
 12.06095    0.179749 -10.389993   -5.394861   -5.919037   -3.103721 -21.429987  -55.756013   -66.71186  -61.074168
  12.0969    0.179749 -11.482737   -4.196821    0.615984   -3.221458 -22.312004   -63.68476   -71.92505  -70.312256
   9.0267   12.122078   1.376008    6.263893    3.370578  -13.421883  -10.11086  -23.484374  -41.678488    -68.7797
  12.3003   12.066037 -14.820317   -7.383906   -5.919037   -7.057276 -30.503407  -68.814745  -70.626435  -70.311268
  12.3361  -16.734787 -26.089102   -9.614558   -3.893881   -6.599938 -30.503407  -65.909148   -66.71186  -55.673111
  12.3719  -16.734787 -29.482418  -12.464304   -2.354791   -5.119624 -27.494635   -65.41132  -61.942772  -51.426414
   9.3022    8.682661  -1.625455   -3.330888   -3.239586  -14.969133 -14.352161  -31.965727   -52.63956   -75.34956
   9.3381    3.975315  -1.625455   -3.330888    -1.85544   -13.47596 -10.674622  -28.928808   -52.63956   -75.34956
   9.3736    3.975315  -2.244141   -3.528994    -1.85544  -11.883389 -10.158254  -24.808931  -50.412384   -74.43265
  21.3853   46.279681  20.930176    96.58478    95.10524    90.00459  57.332867   37.804985   134.44804  168.656855
 21.40335   46.279681   53.37075  107.235505  105.049618  103.642413  88.920553    50.03397   138.90505   170.93854
   9.6411  -25.484602  -1.550638   -0.996401    2.208917   -6.354909 -10.370719  -31.193018  -57.719345   -75.74919
   9.6483  -27.671138  -4.919146   -3.330888     2.12448   -6.803554 -11.093826   -34.70634  -57.719345   -75.74919
   9.8217  -28.341982  -9.763691   -3.767237    1.579152   -9.343472  -13.16856   -34.70634  -59.779907  -75.457795
 11.20155   45.683965 -18.914516  -34.929253  -37.968018  -35.607754 -34.134875  -38.487476  -48.154126   -35.72459
 11.23085    32.97294 -18.914516  -34.929253  -37.968018  -30.815852 -32.429012  -35.385801  -46.824312  -41.623876
   9.9375  -32.302956 -18.715286   -8.874931   -6.189909  -22.982695 -36.648682   -54.07487   -73.85019  -73.537087
  11.3028   41.280578 -11.668673  -26.607773  -21.539951  -23.946281 -26.003407    -28.5184  -40.065903   -32.21269
  11.5053   31.423694  -9.870103   -3.462665  -15.530015  -22.323807 -26.003407    -28.5184  -40.065903  -25.356693
  11.5411   31.113489  -7.965981   -1.638367  -12.852403  -20.147003 -23.710646  -21.229284  -39.300255  -10.338684
  20.1642  -27.917152 -18.245282  -22.169677  -27.534056  -32.052666 -15.918305    7.683398   31.179039   33.005657
     20.2   -0.225419 -13.545957  -17.662176  -21.622438  -31.007572 -13.208375   10.199847   34.070297   36.122702
  8.59025   -26.87088   6.634179   16.474093   13.609338   -7.031629 -30.464748  -39.045612   -33.14974   -50.37921
   8.6546  -13.343506    2.88412    14.29928    6.387937  -14.069365 -29.382048   -32.60104  -32.615532  -55.383614
   8.7814    6.152973   9.172182   15.738461    3.370578  -14.969133 -30.464748  -35.607956  -32.510315  -46.865433
  11.8156   12.066037   5.093411    3.057367    5.723588   -1.323009  -20.01942   -32.73769  -45.839794   -34.90278
 11.83375    6.122893  -5.730213   -2.550516   -4.565006   -0.451089 -19.043605  -33.759878  -46.404888  -36.841957
   8.8175   36.483982  11.362452   12.860098    0.571682  -14.969133 -28.731647   -32.60104  -30.841444  -46.865433
   8.8175   12.122078   4.096176    9.543333     2.12448  -14.662771 -27.484592  -22.595417  -32.510315   -59.66867
   8.8533    20.87207   3.548123   11.852511    2.831966  -14.654555 -10.588819  -23.484374  -33.312043  -65.049519
 10.43595    0.063359  -26.65105  -21.147593  -24.569778  -41.641574 -57.490577   -66.14375   -74.43754   -65.74489
  20.8835  118.654755  -9.168565  -17.662176  -16.478471   -1.492901   -0.89258   25.443347   37.942893   39.289623
  20.9014    89.39841 -11.061507  -18.863075  -21.622438    5.972607   0.255094   24.570522   37.942893   39.289623
  9.02695   14.777366    0.72826    1.959772    2.831966   -8.703204  -8.806794  -22.442467  -41.678488   -70.33728
    9.074    20.87207  -0.597659     0.47628   -1.041525  -13.448922 -10.370719  -24.514679   -44.37081   -69.55768
  9.11015   14.777366  -1.074148   -1.331112    -3.17823  -14.807736 -10.674622  -24.732479  -45.532116   -69.55768
  10.7464    32.97294 -19.153699  -41.192285  -31.384026  -56.075485 -63.577766  -75.654831   -75.47255   -52.38695
  10.7822   36.935885  -23.57141    -40.2169  -38.112172   -56.70718 -57.490577   -66.14375   -71.33505  -46.470394
  10.8908   55.575755  -21.41535  -37.789867  -39.606174   -56.70718  -56.49538  -62.056515   -65.81619   -42.41825
  22.8121         NaN        NaN  194.537415   177.08953   152.05219  127.55627  116.359375  125.267202   242.46048
   7.7481   -30.66902  -0.222923    9.469003   40.098663   13.545117  -0.502497  -47.119686   -33.14974   -67.90037
   7.7482   -30.66902    8.46305   18.971963   40.291475   13.852485   -0.13704  -25.013628  -60.483012  -70.566495
 10.98485   53.509125 -16.795565  -35.378242  -33.193469   -53.84106   -53.4275  -57.124285    -50.9359  -29.331449
   10.985   53.509125 -14.916659  -34.929253  -28.911058  -47.348984  -44.42482  -49.997543   -49.62961  -23.587524
  11.0211   55.575755 -20.936985  -34.480263   -37.47588  -47.348984 -42.255974  -46.717678  -45.226578  -23.587524
 19.65125  -48.364602 -21.986189  -24.435383  -27.139827  -37.347933  -42.60777   -3.993211    25.97005   23.680601
  19.7961   -42.66559 -23.662867  -25.658306  -27.147602  -38.221123  -43.75046   -6.109076   27.049045   29.464855
  7.93235   -30.66902  -9.425608    6.437876   21.857157   13.852485   -0.13704  -17.754305  -44.740447   -57.78082
   8.0228   -26.87088  11.362452   17.209724    22.11511   13.545117  -7.983019  -37.856266  -45.169854   -57.78082
     8.16  -15.472462  14.255738   20.761959   21.857157    9.225161 -18.388385  -43.111492  -45.169854  -56.238264
  19.9257  -36.879769 -18.640196   -23.21246  -24.377246   -33.47473 -33.940071   10.272635   34.070297    30.50283
  20.0708  -35.291371 -13.933159  -16.113378  -17.070242    -33.4247 -30.976822   10.199847   33.586435   29.464855
  21.5735    3.160952   53.37075  107.235505  105.049618  103.642413  88.920553   46.154545   88.131765   166.37517
  21.6314  -13.674405  20.930176    96.58478    95.10524    90.00459  57.332867   30.046135   134.44804   184.48652
  8.50735   -26.87088    2.88412   19.238112   19.103845    9.225161 -18.388385  -35.823326  -30.841444  -34.793518
   8.5431   -30.66902   4.096176   17.209724   15.934829    0.599514 -27.627108  -35.823326  -26.782052  -35.797641
   8.5436   -26.87088  10.267317   19.085616    14.67219  -15.659402 -29.382048  -35.823326   -22.72266  -36.801765
   9.9875  -29.970728 -20.142069  -12.649123  -10.098857  -25.417324 -42.655518   -54.07487   -73.85019  -73.537087
   9.9881  -29.857674  -20.38912  -13.482805  -12.825879  -28.308779 -44.010986   -56.93457   -74.43754  -73.140927
  10.1681  -28.341982 -20.862202  -14.832223  -10.098857  -25.291494  -47.41031  -55.636125  -77.546445   -70.08986
  10.1906   -26.82629 -20.142069  -13.200491   -9.897956  -26.654717 -48.763355   -56.93457   -73.85019  -67.825337
  7.53485 -349.987072  -0.222923    6.437876    9.363105  -43.625659   -65.3677   -58.98229  -39.951599   24.520395
   7.7122   -4.074043   18.92739   28.474922   21.599203   13.545117  -0.502497   -52.95848  -108.82732   -78.80814
  10.4717   11.123869 -26.941133  -37.471159   -29.24963   -49.26268 -63.577766  -67.757745   -74.35217  -66.106705
 19.34055  -43.077214 -18.077675     -24.234  -24.599632  -46.740537 -47.147885   -9.521464   16.107075   19.751986
  19.3692  -59.635457 -20.309511  -25.088865  -27.132053  -50.334564 -55.885914   -16.88885   11.025756   11.837242
  20.9306    25.03432 -11.510399  -18.863075  -11.334503   12.149704   0.255094   24.570522    41.81549   41.771913
 20.94865    25.03432 -14.633065   -19.59907  -22.558946   10.603776   -0.89258   10.293412   41.867307   44.254204
  19.5506   -42.66559 -20.309511  -25.088865  -27.132053  -39.513626  -47.08975   -16.88885    2.886692     10.4553
  19.5506  -50.258748 -27.079048  -25.658306  -27.147602    -42.0764  -47.08975   -16.88885    2.886692     10.4553
 21.10015   46.279681 -11.285953    -0.39903    8.015154   18.903687  19.274914   26.586263   41.867307    53.53131
  21.2408   46.279681 -11.061507    3.659866   11.122368   22.572428   32.15369   30.046135   58.904213  113.676461
   9.4314   -0.732031  -1.625455   -3.330888    -1.85544  -11.883389 -10.063466  -24.656027  -48.443497  -71.678535
  9.57655   -3.181466  -1.336102   -3.429941   -0.595918  -13.448922 -10.479769  -24.010465  -44.951463   -69.55768
   9.6122  -15.557752  -1.550638   -3.429941   -0.595918  -13.448922 -10.631721   -25.35041  -49.427941  -71.678535
  18.2356  -16.474491  -21.85387  -25.638298   -8.976671   -8.522534   3.682457   21.019602   14.287947   13.436791
  21.4503   46.279681 -11.510399   50.122323   53.113804   56.288509  44.743279    33.92556   96.676126   166.37517
  18.3356  -15.118792  -18.51247  -10.210211  -12.799612   -2.371202   7.193521   10.629522   15.197511   17.469456
  18.4814  -16.550255 -23.935886  -25.638298  -19.605656   -2.808494   6.978323    1.832828     7.59485   14.015466
 18.63665  -28.573618 -26.247139  -10.210211  -20.934252  -36.486808 -32.834793  -11.653328   -4.860272   13.323094
 18.77375  -28.573618 -28.595149     -24.234  -28.601696  -36.667094 -32.834793  -14.938648   -0.953684    13.54089
  20.3164  -27.144516 -18.640196  -25.476278  -33.196337  -32.266166   -9.41281   10.272635   37.994711    30.50283
  20.3522   -0.225419 -18.245282  -22.905672   -33.78339  -18.886232  -5.617245   10.345423     42.6185   36.122702
   8.7817   12.122078  11.362452   15.738461    0.571682  -14.969133 -29.923398  -34.104498   -31.67588  -46.016022
   8.7825    24.30303  11.362452   12.860098   -0.392971  -15.606596 -29.923398   -32.60104  -30.841444   -45.16661
 20.68455    0.308091 -11.061507  -20.335066   -19.34634   -6.126788   2.843086   32.180954   45.625447    36.73692
  20.7206   10.922532 -10.151526  -22.905672  -21.622438     2.64139   1.952966   26.856354    44.03615   36.122702
   8.8753   16.497074   3.548123   11.852511    3.370578   -13.47596 -10.479769  -24.373331  -45.532116   -69.55768
   8.8932   16.497074    3.00007   10.844923    4.674722  -13.448922 -10.370719  -23.484374  -39.770335    -68.7797
   8.9111   16.497074   2.336067   10.194128    3.370578  -13.421883 -10.264487  -24.373331   -37.82486   -68.00172
  17.6867  -16.474491 -29.178398  -40.969078  -23.526669   -26.08759 -51.301247   -60.77742   -71.60499  -35.670246
  17.7225  -16.474491 -23.016691  -24.348034  -11.819878   -4.230112 -12.628609   -24.09676  -28.949528   10.666083
  20.9667    89.39841 -11.510399  -18.863075  -11.334503   15.234946   0.255094   26.316172   41.919125   48.892757
   9.3018    3.975315  -1.550638      -2.331   -8.711291  -16.875918 -14.980592  -31.965727  -51.525972  -74.891105
  17.9969  -13.134505 -11.733732   -6.936698   -8.228512   -4.230112  -5.460528   -0.407787   -16.54365   13.436791
  18.2069   -15.08091 -23.935886  -30.625132  -11.819878  -11.314089  -5.460528   -0.407787   -0.315023   13.436791
 19.58655  -48.364602 -29.529626  -27.128804  -28.880899  -37.347933 -43.177755  -13.825997    8.306387   11.900864
 19.60085   -42.66559 -26.866526  -27.128804  -28.880899  -34.999752 -40.994478   -12.95732   13.745125   11.900864
  18.2714   -15.08091   -13.4524   -10.01509   -8.305329   -2.808616   6.238982    24.17293   20.966844    13.79767
  18.2714  -16.474491 -15.171069   -7.326941   -8.382146   -1.222121   6.978323   25.358162    25.47781   14.015466
 19.86095   -42.66559 -26.654003  -26.711151  -27.340829  -37.347933 -40.994478    2.903026   28.215483    28.42688
 19.88985  -36.879769 -23.662867  -25.658306  -27.340829  -37.347933 -39.786445    2.903026   28.215483    28.42688
  6.48015         NaN        NaN   143.75496   74.556692    22.60307  17.797337   18.197229    23.21019   31.694933
  16.7864  -28.099949 -34.419578  -39.749941   -32.02375  -30.955168 -45.608609  -37.118517  -49.351214   -6.655555
  20.1069  -35.291371 -18.640196   -23.21246  -24.578247  -32.738683 -23.447564    8.941623   27.049045    26.05374
  20.1642  -35.291371  -20.81979  -24.344369  -27.534056    -33.4247 -30.976822    7.683398    25.97005    26.05374
   4.6336   16.260902  12.924854    3.008392   40.756416    75.45285   47.45166   12.486396   21.549461    1.917522
   5.0822   22.162601  15.980485   -1.590178    48.08459    75.45285   52.59202   14.999456    22.67104    44.30169
   5.1181         NaN        NaN  -12.146332    77.35883  110.979645  63.387833    5.680317    22.67104   60.743507
 17.18415  -28.099949  -37.48788  -41.317368  -29.326076  -16.379054 -41.069634  -58.385795  -71.801093  -39.803243
 17.32125  -34.133093  -44.41848  -51.035412  -36.909036  -37.219673 -55.783096  -70.360388   -77.41063  -58.963485
 18.80595  -16.550255 -28.595149  -25.971676  -35.574581  -36.667094  -4.996917   -4.604812   12.206731   11.837242
  17.4585  -28.099949 -48.773199  -53.466925  -36.909036  -47.065368 -55.783096  -70.284822   -74.74188   -50.24133
  17.4764     -25.989 -40.864838   -50.03907   -32.59754  -35.402073 -51.301247   -60.77742   -71.60499  -36.686367
 19.27625   -40.59698 -24.433951  -25.696959  -29.858157  -29.793187 -43.069383   -9.521464   11.025756   15.826425
  19.3119   -47.82873 -20.309511  -25.088865  -27.132053  -32.201874  -47.08975  -12.806784     14.9261   19.784718
   19.405   -42.66559  -31.54886   -25.98168  -27.340829  -46.637357 -48.069077  -18.102342    8.306387    6.590965
  19.5506  -36.879769 -20.309511  -25.088865  -27.132053  -43.321274  -47.20602   -16.88885    5.809909    8.405301
   4.5797   10.359203  10.379098   24.233639   40.451878   64.184201   40.21807   12.486396  -18.444774  -54.554263
  16.5261   23.574717   8.683784   -7.709399  -11.471622  -23.114424 -30.933349  -28.986814  -11.400415   10.126192
  16.6453   -14.09235 -14.972695  -26.303469   -27.79821   -32.02085 -53.018417   -33.38453  -16.351208     8.70974
   4.5975   10.359203  10.379098    23.09224   40.756416    71.72751  40.427505    12.45982   -9.922045  -43.830006
  4.59765   10.359203  10.379098   18.523502   44.420503    73.59018  41.021812   12.433244   -2.997742   -28.99161
  16.6635  -29.946077 -25.559286  -32.002905  -29.624085  -29.264557 -45.608609   -31.51464  -31.716969     7.93059
 18.29955   -15.08091   -13.4524   -7.131819   -8.679409     0.13066   7.660924   22.165399   17.302945   15.378825
  18.2997  -16.474491 -11.733732   -6.936698   -9.135883    -1.93391   6.978323   21.019602   16.455877   18.196728