    tempo         80       82.5         85       87.5         90       92.5         95        97.5         100
  4.17775        NaN        NaN        NaN   56.10988  38.412527   3.285591 -35.104444  -26.084311     2.12186
   4.2372        NaN        NaN        NaN   69.90744  38.500164   7.306473 -31.099606  -24.007366    6.081927
  16.3228 -18.219467  -5.688395  -2.303145  -12.78244 -10.836067 -18.078068 -20.620434  -10.126177  -19.691685
  16.3586 -18.219467  -6.546699  -5.915581 -12.812415 -13.484372 -18.901416 -22.682733   -8.119988   -11.42634
 17.99515 -36.211733   -7.41908   9.387716  10.878608  18.903151 -11.988591  -21.44558  -38.274152  -27.475392
  18.0131  -28.71777  -1.267436  12.735723  13.870448  19.842002 -10.583299 -16.879102  -38.274152  -27.475392
   4.2733        NaN        NaN        NaN  29.472511   38.32489 -11.272153 -31.099606  -24.007366   16.407536
  4.39385        NaN        NaN        NaN  13.107925  19.243046 -17.079045 -23.212063  -15.317194   24.059517
  4.53275        NaN        NaN        NaN  -3.975644 -13.269213 -31.987265   2.862387    3.645183   24.059517
 16.47985   -31.9221 -18.481786  -22.39066 -18.176176 -17.585847 -21.421036 -25.385749   -26.23993  -23.238945
  18.2539 -32.976999 -12.979813   2.443323  11.114071   19.15783 -14.965475  -38.29035  -44.551437   -35.88781
  18.2539 -22.248302   -7.41908   6.971302  14.324912  21.323087  -11.90603 -36.967608  -44.701717  -45.301243
  4.58655        NaN        NaN        NaN  13.107925  19.243046 -17.079045  45.945816  105.120923  139.859645
  15.3006   9.694752   4.743829   8.439075   7.664218  -0.330016  -9.595505   -19.6834  -38.136696   -44.13604
    18.29 -22.248302   0.091891   8.074455  32.145103  25.832546 -13.311321  -45.33298  -62.078888   -73.79501
  18.4103   -7.01869  -6.443961   5.258889  24.504255  29.180017 -18.561448 -54.811295  -81.152485  -81.288397
   3.4858        NaN        NaN        NaN    -18.248  -7.981911   -0.73529  12.486924   21.099447   15.209764
   3.5217        NaN        NaN        NaN -17.015999  -6.622862   1.706842  12.486924    9.008186    9.546932
  3.52875        NaN        NaN        NaN -10.819202  -4.745159   0.485776   7.768942    6.006325    6.081927
   15.535  19.209472   8.403719   5.055625    7.36487  -0.330016  -3.550114 -11.576426   -12.03064  -21.140251
 15.55305   9.694752    6.94232   2.237932   4.366068  -3.622294  -2.945215  -8.973377   -9.376543  -11.578798
    3.565        NaN        NaN        NaN   4.126971   4.108948   4.912774 -10.621658   -4.478262  -21.324069
  3.58865        NaN        NaN        NaN -10.819202  -4.745159   0.485776 -11.162824   -3.377044    6.081927
   3.6246        NaN        NaN        NaN -17.015999  -7.302386  -1.435915 -11.162824   -3.377044    6.081927
  15.7519  32.237896  13.613453   9.037745   7.514544  -5.269668  -8.486505 -15.477612  -12.003907  -10.623112
 15.82985  28.724192  15.475866  12.379334   7.514544   -3.31476  -5.118716  -8.973377   -8.034182   -7.779099
  17.4661 -43.329094 -17.248362  -5.538452   3.911215  -4.326165 -29.779526 -38.956764   -33.35319  -12.803656
  17.5022  -45.95034 -15.551413   1.015975   9.036817  -1.348599 -24.929029 -37.541675  -28.578391   -8.283746
   3.7446        NaN        NaN        NaN  -7.060514  -5.424684   3.285591 -23.212063   -4.451423    6.081927
   3.9011        NaN        NaN        NaN    -18.248  -7.814137   3.285591 -35.104444  -15.317194     2.12186
   4.0575        NaN        NaN        NaN  15.123406   7.791718   8.520725 -23.212063   -4.451423   16.407536
  17.7611 -44.828018 -15.551413  -4.316695   9.036817  -1.161362 -18.509813  -28.95925  -28.777735  -23.096181
 17.87805 -44.828018 -13.946397   1.015975   9.720032   2.841352  -14.81009 -24.459017  -37.622803  -27.513578
   2.6833        NaN        NaN        NaN   3.379409  -5.657739  -0.530476  18.257691   32.300596    36.34046
  14.7472  13.408607  -1.033704  -0.931698  -3.053853  -9.980869 -14.588798 -23.368996  -47.688793  -55.705605
  14.7831   4.679725  -3.031569  -4.179439  -3.053853  -7.032939 -13.875591 -23.368996  -47.688793   -61.02579
  18.0558 -36.211733 -12.211397   8.074455  11.786418  20.526175  -10.66586  -25.89197   -43.14873    -29.5196
   2.7768        NaN        NaN        NaN  12.546318  15.383476   6.512798  18.257691   27.377094   22.543661
  2.93905        NaN        NaN        NaN   3.379409  15.383476   6.512798  17.324118   30.528801   23.999527
    2.975        NaN        NaN        NaN  -8.502823  13.264847   3.309808  14.542372   27.377094   22.543661
  15.0242   3.772375  -2.032637  -1.526231  -1.556746  -6.226516 -11.735548  -28.06472  -49.344276  -61.517541
 15.06015   6.082273   0.658722  -4.200373  -4.671372  -8.506904  -14.29751 -23.993106  -43.534624  -56.317555
  16.5994 -36.103428 -20.361006 -23.436123 -19.609058 -20.060661 -20.282227 -21.218786  -25.311172  -19.691685
 16.59955   -31.9221  -23.84475 -27.700579  -21.76433 -20.229363 -19.471466  -20.91961  -24.644626  -15.984517
   3.2872        NaN        NaN        NaN -18.562986  -6.622862   1.706842  18.050417   32.334373   25.455393
   3.3896        NaN        NaN        NaN -22.157055  -8.328797   3.309808  18.983989    30.86287   22.608798
  3.44985        NaN        NaN        NaN -22.157055 -10.338565  -4.755558  14.542372   22.662416   17.407593
  15.3008  19.209472   5.795875    8.96598  10.001533   1.440242   -4.56879 -17.389069   -34.86549  -36.128873
  15.3369   9.694752   4.743829   3.830287   7.664218  -0.330016  -9.595505   -19.6834   -34.03449  -30.532558
  16.7144 -40.162838 -20.361006  -22.46823 -19.609058 -20.060661 -26.088467 -32.609962  -27.168688   -3.763835
   16.955 -43.329094 -22.343922 -22.313091  -0.809652  -4.326165  -24.21465  -37.23429   -33.35319  -26.786205
   3.5292        NaN        NaN        NaN  -5.854404  -2.867456   1.706842    3.05096    3.004465     2.12186
  13.9592   6.530419   2.024312  -4.989671 -15.636664 -23.179882 -21.465806 -22.290486  -12.467968     1.93451
   13.995   10.84096   2.331637  -3.513253 -16.604748 -24.020277 -20.938602 -21.656635   -10.58887    3.845703
 17.24985  -55.94767 -21.352464 -14.424284   0.623237  -4.534403 -29.802575 -36.765217   -26.23993   -3.139944
  17.2681 -43.329094 -20.361006  -9.257738   3.911215  -3.384115 -26.088467 -36.126587  -27.168688   -3.763835
  2.16905        NaN        NaN        NaN   7.399882 -13.382929  -3.784142  10.048379    9.026073   -12.66073
   2.1869        NaN        NaN        NaN  12.640017  -2.639796   0.456066   9.161438    6.172235  -13.922373
   2.2228        NaN        NaN        NaN  12.640017  -2.639796   0.456066   10.93532   10.341549  -13.922373
  14.2358  12.641714   2.331637  -2.429275 -16.604748  -22.85242  -25.77499 -32.760445   -33.72881  -19.005781
  14.2719   2.435081   0.356457  -3.513253 -16.604748  -22.85242 -26.959545  -34.82117  -36.552124  -25.820726
  15.8692  -4.527551  12.082507   2.850601   -0.15509  -9.068089  -8.486505 -13.812917  -11.051675  -10.864524
  2.44555        NaN        NaN        NaN  15.971336  17.052443   6.117242  12.077686   17.459951   24.115917
   2.4636        NaN        NaN        NaN   12.45262  14.340364   0.456066  11.910191   18.861988   25.455393
   2.4994        NaN        NaN        NaN  11.844008  -6.189901  -4.445797  12.265463   24.225386   30.897927
   4.0822        NaN        NaN        NaN  29.472511  18.450893   7.306473 -31.099606   -6.627021   11.244732
  14.5489  13.025161   4.106658  -0.629679 -13.361078 -23.250048 -26.367267 -46.725757  -36.682068  -27.267829
  14.5908  13.408607    3.37281  -0.931698  -14.66858 -23.507345 -26.959545 -48.314404  -49.146606    -36.8249
 16.18515   -24.7207  -8.339074  -3.780282 -12.812415  -12.72215 -18.901416 -17.801398   -9.709315   -9.607506
  16.2031   -24.7207  -7.405003  -5.257418 -15.544464 -15.111033 -19.142126 -20.620434  -10.126177  -10.575332
   2.7225        NaN        NaN        NaN   12.45262   5.850284   1.768512  22.514509   32.300596   30.897927
   2.7406        NaN        NaN        NaN  12.640017  16.426588   8.112822  28.105474    34.07239   25.498355
   2.7408        NaN        NaN        NaN  19.302654  17.761652   8.112822  19.917562   30.528801   25.498355
  16.4439 -24.867065 -12.711813 -11.168239  -6.653618 -10.004302 -18.369387 -22.682733   -9.709315  -15.984517
  16.4797 -27.740772  -16.11421 -17.510203 -16.143879 -13.484372 -19.471466 -22.682733  -24.644626  -23.238945
      1.2        NaN        NaN        NaN   2.955757  12.805323 -10.618749    7.25972   12.660683    37.30385
  13.4481  -5.485967  -8.872648  -4.466197  -8.474715  -14.71042 -11.086969  -17.96177  -26.442484   -7.999405
  13.4844   4.209728  -1.944643  -3.683828 -10.663771  -17.18853 -12.908085 -21.656635  -26.442484   -7.999405
  1.65765        NaN        NaN        NaN   7.399882  15.241811   0.316775  -2.100765   -9.083171  -16.021938
   1.8139        NaN        NaN        NaN -13.188292  -2.110265 -24.683564  -2.100765   -8.660635  -14.341334
   1.9525        NaN        NaN        NaN -13.188292 -17.025852 -26.040058  -8.579563   -7.447935  -14.341334
 13.74265   2.219877  -0.832104  -8.800442 -12.989701  -19.95888 -20.477773 -26.509918  -26.314259   -9.142137
  13.8017   10.84096   2.024312  -4.989671 -14.302588 -22.588533 -22.187934  -30.45689  -18.841329   -7.256794
  15.3789   8.589787   5.647817   3.830287    7.36487    0.02551  -3.997669 -14.247373  -30.123133  -30.532558
   15.415   8.589787   8.236824   0.645577   6.530165  -0.330016  -2.340316 -12.509484  -17.304754  -30.532558
   2.0703        NaN        NaN        NaN -29.332342 -22.434917  -8.024351  -0.822517     7.48771  -11.040131
   2.1064        NaN        NaN        NaN -29.332342 -22.434917  -8.024351  -0.822517    1.069835  -14.341334
   2.1508        NaN        NaN        NaN -13.188292 -19.730384 -17.032204   3.936412    1.069835  -14.341334
   3.5644        NaN        NaN        NaN   4.126971   4.108948   4.912774 -10.621658   -2.275825     2.12186
   3.5647        NaN        NaN        NaN  12.847597   8.149138   6.109623  -3.785349   -3.377044   -1.838207
  13.9953  12.489339   2.638963  -8.800442 -17.628529 -25.525857 -22.838337 -23.077321  -13.715796     1.93451
  15.5711  19.209472   8.403719   3.830287   0.196436  -5.959148  -3.997669 -11.576426  -11.977174  -12.099439
  15.6558   8.589787   8.863462   0.645577   -6.28889  -6.493885  -9.595505  -17.07443   -12.03064  -12.099439
  2.24375        NaN        NaN        NaN  12.546318  15.383476  -0.530476  10.048379    12.07005   -12.66073
 12.73665    8.00987   6.996715  14.926614  23.128433  17.771102  12.760231  -6.425579    -7.18327  -17.141461
  12.7775   8.931229   6.846365  14.075783  19.869553    19.3858  12.971672  -3.255322   -0.907565   -2.655413
  15.8906  -6.054465   8.403719   0.462695  -5.377233 -10.836067 -12.001348  -16.80974   -12.03064  -19.691685
 15.91165  -7.581379   8.633591   2.556327   -0.15509   -9.81406 -15.565822 -16.942085  -11.051675  -10.816744
  0.86945        NaN        NaN        NaN   9.497872  31.928047  26.038983  53.748164   28.012087    23.39178
   0.8878        NaN        NaN        NaN   6.954882  22.661793  24.191113  52.814217   21.780529    37.30385
   0.9233        NaN        NaN        NaN   6.954882  22.661793  24.191113  52.814217   21.780529    37.30385
 12.95445   4.964357  -1.388373   8.200356   6.664304      5.155   7.544239  -7.833267  -26.238925  -21.216269
  13.0132   6.029119   1.641579   9.895277   3.399006      5.155   7.544239 -11.168318  -36.450306   -46.16353
  14.6267  20.740566   4.218289   0.141244 -10.303522  -18.55035 -25.576473 -47.115753  -47.688793     -50.763
  14.6268  17.074587    3.37281  -2.062702 -14.124649 -23.250048 -25.675731 -47.715079  -48.417699  -53.280867
  0.98725        NaN        NaN        NaN   25.13109  45.115022  26.038983  36.365385   49.381628   57.132935
   1.0232        NaN        NaN        NaN  22.588099  31.928047   6.786182  17.916529   26.160663   47.639164
   1.1281        NaN        NaN        NaN  38.221317    41.1943 -19.220268    7.25972   12.660683    37.30385
   13.231  -1.871127  -1.388373   3.523875  -1.018438  -3.215079  -7.030891 -13.690055  -28.526422  -21.216269
  13.2492  -1.095976  -8.872648   0.565268  -1.337773  -4.562861  -4.928882  -9.513817  -26.442484  -10.284869
  14.8675   6.082273  -3.031569  -4.901987  -9.427957  -9.980869   -21.6216 -48.314404  -51.378284   -63.15754
 14.90335   4.679725   -3.44401  -4.561647  -7.858423  -9.037743 -18.105199 -47.325082  -50.906046   -62.45544
   1.3628        NaN        NaN        NaN  -39.45028 -23.169437 -19.220268    7.25972   12.660683   52.386049
   1.3628        NaN        NaN        NaN -44.332294 -48.662178  -23.32707  -3.379013   -0.280556    37.30385
   1.4044        NaN        NaN        NaN -44.332294 -48.662178  -23.32707  -3.379013   -1.178726    8.797442
  11.8714  -1.721888   1.834521 -10.095792 -12.220612 -15.563638 -14.290954 -12.753089  -22.441298  -25.359398
  15.1803   9.694752  -1.033704  -4.221308   -6.28889  -7.032939 -12.001348 -17.567139  -38.201187  -48.748375
  15.2578   7.484821   4.106658   3.830287   0.196436  -2.656785  -9.595505   -19.6834  -39.041557  -48.989834
     3.45        NaN        NaN        NaN -18.562986  -8.675683   -2.13654  12.486924   21.099447   15.209764
  12.1481   6.972607  12.464372   7.124551   0.543402  -8.113006  -5.915117  -3.255322   -0.907565   -4.799278
  12.1842   6.197613   7.147065   8.032429   1.968844  -5.959202  -1.876249  -3.255322   -0.907565   -4.964056
    0.634        NaN        NaN        NaN -77.720316 -37.022358  26.038983  55.302036   28.012087   12.236578
  0.66985        NaN        NaN        NaN   2.834265  17.658758  -7.089828   28.66247   14.072279    4.247583
  0.69015        NaN        NaN        NaN   9.497872  35.848768  26.038983   28.66247   12.220855  -11.951959
  12.5011   5.860624   4.115263   8.368282  13.143677   1.673618  -1.308506  -5.222295   -0.907565   -2.655413
  12.5804   7.144508   6.996715  16.851305  17.729364   3.376071   6.945491  -8.576159  -18.875366   -46.16353
 14.03735  12.336964   2.024312   -4.20762 -17.628529 -23.763811 -22.838337 -26.640732  -18.841329   -2.980499
 14.07875  11.588962   2.024312   -2.81149 -16.686107 -20.701385 -22.838337 -31.472586  -27.909746  -16.809859
     0.79        NaN        NaN        NaN   9.497872  31.928047  26.038983  36.365385   19.929105    4.247583
   0.8514        NaN        NaN        NaN  12.040863    41.1943  27.886852  52.814217   21.780529    4.658131
  0.85155        NaN        NaN        NaN   9.497872  31.928047  26.038983  36.365385   19.929105   12.236578
  14.3553   2.435081   0.356457  -3.513253 -16.767467  -22.99275 -26.959545 -36.103615  -37.590656  -28.714931
  14.3914  12.336964    3.37281  -2.429275 -16.195723  -22.99275 -26.959545 -46.435375   -47.56398    -36.8249
  11.3589  -4.026405 -10.623832 -19.330425  -17.24296  -21.42863 -26.765135 -18.863554  -16.402294   -4.799278
   11.395  -2.568969  -8.509117 -19.330425  -17.24296  -21.42863 -22.048557 -18.294859   -10.67215  -18.992641
  14.6678  13.408607   2.638963  -3.193706 -10.303522  -18.55035 -24.736712  -46.33576  -47.688793   -50.85613
  23.5503        NaN        NaN        NaN   61.98839  33.392124   0.231983   7.144305    0.231729    -0.98595
  23.5514        NaN        NaN        NaN   61.98839  33.392124  -8.567223 -11.603317  -12.398637  -13.886958
  23.5864        NaN        NaN        NaN   59.23937  -10.22435 -15.148044 -19.883549  -33.454109  -30.125397
  11.6357  -0.231347  -7.611563 -18.149208 -19.913687 -22.268847 -17.514139 -10.281996   -7.550121  -12.173226
  11.6719  -0.231347  -6.398474 -15.684435 -16.693193 -18.711157 -14.290954 -10.900254  -17.268858  -19.971842
    13.29   3.321846  -0.832104   0.939626  -2.242718  -7.468235  -10.45346 -12.965452  -26.035366   -7.999405
 13.30805  -0.320825    1.17465   0.752447  -2.582873  -8.216268 -10.583585 -16.188214  -26.517817   -9.142137
  23.5869        NaN        NaN        NaN  30.197382 -26.918816  -23.57206 -27.658249   -45.71477   -35.18256
  23.6047        NaN        NaN        NaN -11.559394 -27.774065 -33.005472 -28.842685   -45.71477   -35.18256
  11.9119  -3.017634   0.928604 -12.361716 -16.554035  -21.42863  -16.50978 -14.007398  -27.044682  -30.545551
    11.93  -0.231347   2.871416  -6.951992 -12.220612 -12.053345 -10.344953 -10.880521  -22.441298  -25.359398
  13.5846  -0.320825  -1.990911  -8.800442 -11.353289 -17.713611 -17.043837 -22.382002  -28.526422  -13.624894
 13.66375  -1.871127  -1.538492 -11.478637 -14.292964  -19.95888 -19.803697  -30.45689  -32.094252  -17.985349
  10.7086 -23.876123 -31.716444 -31.299537 -26.883287 -26.169945 -29.700366 -20.245577   -9.073223    6.687056
  13.8789  11.588962   2.602858  -3.683828 -16.604748 -23.507345 -23.683662 -31.001312   -23.39827   -7.999405
  13.8792   10.84096   2.602858  -3.683828 -16.604748 -23.507345 -23.683662 -29.912468   -23.39827   -7.999405
 22.79805        NaN        NaN        NaN   52.69288  49.410557  43.528477  58.968102    52.29211   47.253327
 22.91835        NaN        NaN        NaN   52.69288  49.410557  43.528477  59.865043   62.004992    55.22358
   2.1514        NaN        NaN        NaN   2.955757 -17.025852  -8.024351   9.161438    6.172235  -13.291552
  10.8828 -39.141255 -38.185974 -45.862404 -31.731682 -35.223457 -29.704142 -17.018072    3.307843   15.487743
 11.00305  -30.98459  -30.61374 -36.246443 -30.315994 -30.619461 -28.230862 -16.335732   -3.682153    5.548365
    12.66   6.197613   6.846365  15.777445  19.869553   3.930245   9.250589  -9.371184  -33.668983  -52.789726
 23.07445        NaN        NaN        NaN   59.23937  56.388577   66.69325   70.44305   63.057396    55.22358
 23.09235        NaN        NaN        NaN   61.98839  47.363991  53.341072  63.478482   60.952587   39.283073
  23.1104        NaN        NaN        NaN   59.23937  39.688976  43.528477  59.865043   43.631634    33.39756
   0.8517        NaN        NaN        NaN   6.954882  22.661793  24.191113  52.814217   21.780529   19.815025
 11.14135  -22.52233 -23.420122  -29.33951 -24.187879 -18.717574 -22.667753 -13.093503    6.165672   16.125269
  11.1594  -15.76988  -19.97099  -27.12681  -31.56365 -28.364143 -26.765135 -15.653391    3.307843    5.947348
  12.8136   6.197613   4.115263  12.522388  15.589176  13.628708  10.937572  -7.781135  -26.442484  -27.985435
   12.875   6.029119   1.641579   9.895277  11.699077   6.747803  10.094081  -7.704999  -17.581062  -21.216269
 23.33305        NaN        NaN        NaN   60.61388   33.98937  39.907675  47.058718   12.234071   22.934282
 23.36915        NaN        NaN        NaN   60.61388   33.98937  39.907675  32.902442   12.234071   12.491825
  23.3872        NaN        NaN        NaN   61.98839  33.392124  30.187405   23.85325    8.150677    6.612804
  0.94625        NaN        NaN        NaN   9.497872  31.928047  26.038983  53.748164   28.012087   47.639164
   0.9692        NaN        NaN        NaN  12.040863    41.1943  27.886852  52.814217   34.243645   52.386049
 13.07195   1.994749  -1.388373   6.824108   0.880824  -0.737318  -2.723665 -13.077845  -40.067737  -46.198001
    13.09   5.860624  -0.832104   6.411591  -0.435648  -0.921871  -3.220965 -13.190237   -39.23163   -41.15118
 10.07595 -41.292053 -38.960758 -34.935357 -29.281526 -23.918562  -25.90393 -28.451853  -27.908641  -14.691251
  10.0939 -36.827496 -37.951897 -34.265415 -29.068338  -26.72653 -29.678148 -27.102247  -31.546942  -24.529203
  22.2853        NaN        NaN        NaN  71.948798  67.652996   39.36728  -4.924486  -21.546875  -53.739535
 22.30335        NaN        NaN        NaN  59.710973  54.637512   37.40629  10.960852   -6.690187  -26.594063
  22.3214        NaN        NaN        NaN   52.69288  54.637512   37.40629  34.160317   22.829765   18.579262