    tempo         80        82.5          85        87.5          90        92.5          95        97.5         100
   0.0289        NaN   14.798752   -0.943806  -10.684513  -17.523994   -8.299652   -9.477386  -18.676064  -13.905174
  10.3578 -32.017456  -20.619427   -25.88989  -20.734196   -2.977395    0.256471   -9.027596   -1.067516   -7.602306
  10.3614 -39.871983  -21.695436  -25.984231  -20.875626   -3.271308   -3.066999   -12.82382   -1.886157   -5.947279
   10.365 -32.017456  -21.695436  -24.720816  -19.344807   -2.977395   -6.390469  -16.620045   -2.704799   -4.292253
  13.6372  63.076257     30.0564    99.33264    16.30214   -33.37601    2.076697     2.55146  -10.143915  -34.017086
 22.42585  -60.15622 -148.794985 -141.661805  -136.92165 -116.544625  -106.25158   -92.56111  -74.668125  -70.073912
  22.4582  -60.15622  -178.25786 -141.661805  -136.92165 -116.544625  -106.25158   -92.56111  -74.668125  -70.073912
 10.56485  -47.72651  -28.988813  -28.121285   -22.17998   -5.524982    0.392898   -1.984493   -2.448412   -8.274938
 10.60095  -47.72651  -31.049321  -28.459679  -23.342905   -5.222451    1.436703    3.517382    1.174004   -5.947279
 10.62985 -41.390633  -31.657904  -30.632039   -22.17998   -4.345565     2.58617    6.945102    2.624867   -5.947279
  12.2553 -29.311613  -12.538682  -22.284765    1.613232   24.624456   29.286613      43.044   36.218716  -11.452967
  12.2553 -12.076437   -9.110427  -20.103955    3.263365   25.120587   31.222411   41.752589   35.317878  -11.566233
  12.2911 -12.076437   -7.053494  -21.583027    1.613232   24.624456   29.158518   18.347065   31.164272  -18.965628
 22.56195 -95.658767 -145.341805 -174.459195 -204.720625  -199.04783  -147.03741   -102.7546   -95.10441   -79.43529
  22.6478 -95.658767  -139.20451  -147.08615   -153.3847  -140.64229  -122.33271  -101.61459   -78.94192   -74.53259
  10.7022 -63.951354  -35.142488  -27.782892  -19.885048   -1.131163    3.762748   12.017273     9.93375    1.265728
  10.8732 -62.613567  -33.354393  -27.080545  -18.465596   -2.209548    4.358094   12.868141    7.843203   -0.359494
  12.3983 -43.052566   -18.58255  -25.213478  -10.996731   22.284033   24.131903   15.173475   -2.504787  -25.682146
  12.4914 -12.076437  -20.009388  -24.201967    -9.25092   24.624456   26.252031   14.104095  -22.277193   -31.11914
 12.50915  -6.854264  -20.569704  -26.174945   -3.818844   25.120587   27.705275   13.735017   -23.64829   -33.14472
 21.12635 -35.526268    21.83216    24.09827     0.82408   23.360934   59.121169   73.626825    69.84433   38.433228
   0.5915 -89.266762  -57.145879  -25.247692   -5.273684   -4.523432  -15.481281  -34.266405  -48.930397  -34.349497
  9.53445 -52.934805   -16.07478  -16.868641   -9.545906  -23.297317  -26.666267  -22.704133  -24.362442   -27.41831
  9.54235 -57.596832  -18.600163  -19.039948   -9.496721  -23.554061  -27.908354  -22.704133  -20.327318  -25.439096
   9.5564  -67.83177  -13.549398  -14.697334   -8.719264  -22.508271  -25.140474  -21.912556  -19.687935  -24.141455
 12.54545  -6.854264  -21.560335  -21.933896    4.731011   22.780164   18.691328   -2.618517  -28.865555  -46.840126
  12.5633 -12.076437  -22.707946  -21.583027    4.913498   25.616718    15.37088   -8.393398   -41.12114   -50.36329
 12.66345 -43.052566  -27.575102  -22.892497    4.731011   26.649746   14.522786  -19.589866   -51.09729   -50.50456
  21.3343 -35.526268    14.26931    15.38758   -4.537477    13.51823    44.44866   51.708222   36.433916    7.868767
 21.46305  29.337841    14.26931    15.38758  -10.366179    8.055086   59.121169   73.626825   51.752014    7.868767
   9.5919  -55.11777  -12.239549  -14.025673   -4.285907  -16.455641   -28.24276  -25.706089  -25.547718   -24.04997
   9.6278 -51.932305  -12.903348  -16.868641    -4.87874  -16.293026  -25.659104  -22.166695  -20.327318  -16.724758
   9.7814  -48.46272  -14.122898   -21.07782  -12.111774  -13.364711  -21.774149  -21.175154  -20.007627  -15.413621
  11.4354 -85.198775  -49.894734  -29.125866   -6.555478   11.953508   29.904164   30.732531   16.513828   -8.778794
  11.4533  -77.17959  -44.524174  -26.183708   -3.888437   14.763632   30.825874   30.911598   13.250544  -11.452967
   21.864        NaN   -0.484616  -27.556643  -14.142306   -7.559393     3.96388    9.642983  -12.873843   -8.034142
   21.889        NaN   -1.244884  -27.556643  -14.142306   -7.559393     3.96388    9.642983  -12.873843   -8.034142
     23.5  -179.7301  -141.11285  -212.13358   -270.0904  -266.68286  -242.49811  -199.47897  -169.91931  -174.14252
  23.5179 -182.53579 -162.051895 -217.797705 -250.259265 -255.458915 -245.262195 -204.327145  -173.80815 -175.070465
  10.0711 -48.094615  -19.436473  -20.058884  -19.344807    -5.55403  -17.261861  -16.620045  -13.544225   -11.16005
  10.1072 -45.693323  -19.148418   -21.07782  -19.344807   -1.823067   -15.81999  -15.242377  -12.980367  -12.324447
  10.1217  -47.72651   -20.15805  -23.688332  -19.344807   -1.823067    -12.0096  -12.005348    -5.76422    -8.94757
  11.5039 -93.420825  -20.060251  -25.297298   -9.222519   28.167347   21.936802   37.557594   29.328983   -4.992617
    11.69 -69.882375  -13.883556  -26.224989  -11.769827   28.167347   21.936802   40.461178   29.780159   -4.992617
  11.7258   -69.4304  -11.791646  -26.224989  -11.769827   28.167347   25.567387   45.475372   34.127308  -10.783364
  23.5358  -179.7301  -141.11285  -195.08653  -230.42813  -244.23497  -248.02628  -199.47897  -169.91931  -174.14252
 23.65385        NaN  -95.854063 -126.930273 -149.833327 -165.795205 -180.839275 -155.379942 -128.130785  -109.82416
  11.9975  13.321756   -4.585696   -40.58272  -20.385712   24.624456   29.286613    45.94136   36.218716   -10.11376
  12.0333  -2.960197   -9.110427  -32.068024  -20.385712   24.624456    33.15821    45.94136   37.149635    4.257035
  12.2192 -25.417546  -13.642374  -26.224989  -16.438734   19.943611   29.286613    45.94136   37.149635  -11.452967
  20.5783  -28.47734   12.556961    19.78087    17.20998   19.075386   -7.286183  -35.179863    -74.3122  -81.447322
  20.7719 -22.861908   14.378004   26.723156    3.743654     18.6059  -10.408812  -30.273743   -74.72193  -81.088905
   8.9975 -36.605324  -19.551228  -36.898247   -32.46702  -31.916533  -28.693512  -33.552372  -48.879489   -48.84755
  9.02955 -46.015415  -25.080957  -36.898247  -30.822896  -28.662278  -28.468136  -33.552372  -45.249959  -43.300467
   9.0978 -53.012529  -25.080957   -35.15618  -29.178772  -31.916533   -28.24276  -33.552372  -42.401679   -40.48051
 12.29835 -29.311613  -13.642374  -22.494506   -3.818844   22.284033   21.974289   17.205981   18.902546   -22.76166
  20.8082  17.950514   13.740233   28.482214   19.492406   18.840643    1.508498  -15.912055  -69.329262  -76.756007
 20.95805  58.762936   14.907082   28.482214   18.331843   23.595677   24.893659   43.155571   36.433916    7.868767
  22.6657 -95.658767   -133.3355 -141.661805  -136.92165 -116.544625  -106.25158   -92.56111  -74.668125  -70.073912
  9.30545 -48.383628  -10.968227   -21.07782  -13.560501  -23.297317  -28.693512  -31.420419  -31.724365  -36.725555
   9.3697  -48.46272  -12.239549  -16.868641  -10.889168   -23.19928  -27.287311  -28.170609  -29.483593  -35.237373
   9.4914  -48.46272  -12.239549  -14.361503   -9.447535   -23.19928  -26.406588   -23.24157  -27.428675   -34.74129
  10.8733 -63.951354  -33.722611  -26.005201  -17.010578   -1.441702     4.95344   13.719009    6.977072   -1.984717
  10.8878 -63.951354  -32.506149  -23.688332  -10.624665   -1.441702   15.997766   17.458416     4.70084   -7.443829
 21.22315 -59.984848    14.26931    15.38758   -0.367886   23.360934   59.121169   73.626825   51.752014   23.896164
 21.30205 -47.755558    14.26931    15.38758   -0.367886   23.360934   59.121169   73.626825   51.752014   23.896164
  22.7339   -98.1772  -139.20451  -201.83224  -256.05655  -257.45337  -171.74211  -103.89461   -111.2669   -84.33799
    22.97   -98.1772  -127.46649  -147.08615   -153.3847  -140.64229  -122.33271  -103.89461   -86.34226   -74.53259
   9.5564 -63.953832   -16.07478  -16.868641   -9.447535   -21.62119  -24.275165  -21.658417  -19.294064   -24.04997
   9.5631  -61.47477  -13.549398  -14.697334   -8.719264   -21.62119  -28.075557   -23.24157   -22.34488   -24.04997
  11.1597 -71.234365  -31.657904  -26.005201   -9.222519   -1.131163   17.911556   18.717825    6.067615  -12.181731
  11.1956 -71.234365  -34.090828  -26.183708  -10.624665    2.960561   20.130905   20.962627    6.977072   -15.23688
  11.2314 -85.198775  -44.524174  -32.068024  -11.428528    6.875042   20.130905   22.024902    8.709333  -12.181731
  20.0342  -24.98618   -1.348806   17.136321   43.920417   46.387542    6.857303   -38.00747  -39.982225  -51.407288
 20.07045  -24.98618    2.095883   23.594327   50.134625   46.387542   18.970661  -15.552578  -38.588394  -45.921883
 23.26015 -138.95365  -119.20971  -206.98291 -270.756365 -262.691085  -177.23678 -116.372972 -112.986875  -89.786667
  23.2781 -138.95365  -127.46649  -212.13358   -270.0904  -266.68286  -182.73145  -121.46503  -114.70685  -95.235344
   8.2311   9.774927    3.368849   -5.042018   -36.57702   -36.95763  -20.959888  -14.570051  -52.491072  -52.508213
  8.23125   6.251777    1.226062   -6.089568  -34.597915  -34.628378  -19.865181   -14.05572   -41.84248  -50.216385
  8.23155   1.368781   -1.111982   -7.764932  -34.597915  -34.628378  -19.865181   -14.05572   -41.84248  -50.216385
 11.46765  -77.17959   -27.07554  -19.437877     8.42311   28.936811   27.274921   30.337246   16.513828  -10.783364
  11.4681 -85.198775  -20.060251  -21.670551    3.916281   28.167347   25.567387   30.553463   22.481215   -7.443829
  20.2781 -23.924044    6.001437   27.407785   35.580616   38.652527    1.291081  -24.612227   -54.62451  -72.776045
  20.2781 -20.917341   12.556961   27.407785   35.580616   38.652527    4.422012  -18.094984  -53.496002   -72.42311
   8.4314   2.728626   -0.916725   -8.810398   -36.57702  -31.916533  -20.959888  -14.570051  -18.047755  -45.200928
   8.4675   2.728626   -1.788933  -14.373725   -39.69954  -31.916533  -20.959888  -27.994995  -39.270552  -52.508213
   8.4818  -1.388272   -1.788933   -15.38135   -39.69954  -30.802222  -26.146908  -29.074166  -47.749058   -51.86227
  10.1072  -47.72651  -19.148418   -21.07782  -13.678296   -1.756502  -15.345203  -13.864708  -12.942228   -11.16005
  20.3422 -23.924044    6.001437    19.78087   23.255573   38.652527    6.628725   -16.37263  -66.276474  -81.088905
    20.55  -24.98618   12.556961   26.694002   22.244816   34.825058    4.422012  -24.612227  -69.329262   -75.37501
  22.2899  -84.30714 -175.573745 -134.058736 -160.970342 -136.554002 -107.834073  -80.421976  -73.982202  -54.996694
  22.3935  -60.15622  -142.65769  -81.908256  -70.406277  -50.145632  -43.359293  -42.811863  -42.552121  -42.866859
   8.6357  -4.345217   -8.055032  -32.302732  -43.847554  -27.547967  -26.406588  -29.074166  -37.650055   -51.86227
   8.7756 -25.187722  -11.447102  -34.008026  -44.873047  -25.408022  -26.146908  -31.588209  -42.699556  -55.249882
   8.8036 -29.083185  -11.447102  -34.008026   -42.82206  -31.916533  -30.146244  -36.012888   -50.00992  -52.508213
  10.3936  -47.72651  -22.674114   -25.88989  -17.046144   -5.125909   -3.350541   -8.442964    -5.76422   -7.602306
  10.4297  -51.39647  -25.624972  -26.378197  -20.734196   -5.125909    0.256471    -2.74921   -2.192026   -4.292253
  22.4761 -93.140335   -151.4791  -147.08615   -153.3847  -140.64229  -122.33271  -101.61459   -78.94192   -74.53259
   7.2964 -31.303902    52.56611   19.244686  -76.348896 -123.263368 -111.252655  -96.407965  -79.793418  -37.111875
    10.63 -46.393552  -31.049321  -28.459679  -20.734196   -2.977395     2.82826     8.73864     4.70084   -4.292253
  10.6369  -51.39647  -31.657904  -28.121285  -20.039502   -2.209548    3.916061    9.039297    6.658637   -3.138485
 19.24585 -46.193986   -8.711343    1.562039   31.588275   27.318637  -13.763875  -72.153022   -71.85814  -60.838532
  19.2749  -39.55914    -8.62818     2.35021   34.476771   29.970061  -17.914811  -75.193535  -75.430897  -62.182675
  7.47555  49.336964    75.27284   29.908321  -76.348896 -128.263693  -116.68537 -110.615965  -89.624255  -51.096567
   7.6656  20.552208    48.41576   16.452374  -44.265053 -111.778366  -103.22148  -84.409005   -87.96407  -36.696533
   7.9196  19.521432   33.061492   14.889937  -40.421036  -86.563373  -103.22148  -84.409005  -75.551867  -51.046403
   8.0017  20.552208   19.855303     13.3275   -36.57702   -61.34838  -28.205642    1.988964  -35.438187  -45.200928
   8.1594  23.409638   13.594953    9.193824  -34.597915   -56.86386  -19.865181  -14.501722  -35.438187  -46.562742
   8.1956  26.267067   11.525547    6.878033   -32.61881   -52.37934   -29.30035  -20.768192  -35.438187  -47.924557
   9.5633  -67.34549  -12.248424  -14.361503   -7.990994  -21.179447  -27.908354  -22.704133  -25.547718  -23.594057
   9.5917  -61.23163  -12.248424  -13.415917   -7.990994  -20.737705  -28.075557  -28.170609  -26.256042   -24.04997
  19.0097 -24.739697   -8.664146   -3.330436    23.82506   24.818296   -7.974566  -37.469055  -62.379295  -50.088955
  19.1822 -33.045934   -8.711343   -4.908737   19.061872   23.839289   -8.913148  -40.554505  -58.433425   -45.06978
   7.1717 -47.309975   -56.84992  -60.017094  -108.43274  -134.74837  -119.28383  -103.17116  -71.622765  -36.696533
   7.1992 -41.913445    46.26768   25.161871  -44.265053 -111.778366  -103.22148   -89.64477  -71.622765  -36.696533
   7.2353  -39.31277    48.41576   25.161871  -44.265053 -111.778366  -103.22148   -89.64477  -71.622765  -36.696533
  19.2183 -33.045934    -8.62818   -2.413928   24.641001   23.839289   -9.689011  -51.155749  -65.057685  -54.475738
 19.23235 -53.411102   -8.711343    1.562039   31.588275   27.318637  -13.763875  -64.763425  -69.455292  -60.838532
 20.77205 -22.861908   13.740233   28.926217   19.492406   18.840643   -5.906914  -24.612227    -74.3122  -78.231957
  20.8078  17.950514   14.378004   30.241272    3.743654     18.6059   -1.405015  -18.950712   -72.38205   -75.37501
   7.3646 -31.303902    47.34172    6.008934  -110.15981 -139.748695 -124.716545  -117.37916  -89.624255  -51.511909
   7.4075  -2.402189    48.41576     13.3275  -111.88688  -148.49367  -160.24493  -154.71182  -103.38563   -85.73666
   9.0336 -48.461351  -26.340395  -37.066105   -32.46702   -24.27829   -28.24276  -33.552372  -45.249959   -42.84886
   9.2342 -53.012529  -11.846284  -25.066685  -21.394184  -23.395353  -27.454514  -33.287726  -38.859177  -36.725555
  9.30155 -50.829564  -11.846284    -24.7704  -21.484352  -23.836821  -28.693512   -32.85529  -37.650055  -31.730839
   21.094  58.762936    21.83216    24.09827     0.82408   23.360934   59.121169   73.626825    69.84433   55.533654
   6.0325 -80.231195  -99.181713  -116.01491 -144.754395 -148.009335  -134.31554 -116.661732   -85.53562  -49.149094
   9.4908  -48.46272  -12.239549  -14.361503   -9.545906   -23.19928  -26.406588   -23.24157  -29.483593  -35.237373
   9.5272  -50.75184  -13.772531  -16.868641   -9.545906   -23.19928  -26.406588   -23.24157  -27.428675   -34.74129
  18.1081  15.691349   -8.304403    2.254641    8.758347    5.551107  -14.467379  -31.725414  -29.558098  -33.180946
  18.1261  29.145691   -5.352101    7.131219    9.898507    6.810455   -9.253163  -35.335387   -29.55143  -34.127811
   6.2046 -75.686943 -108.600186 -123.688765  -148.28883 -160.098925   -139.7891 -127.236445 -104.720738   -67.52965
   6.2978 -72.057526 -103.973526  -127.54331  -151.78735  -161.30678   -145.3377  -130.15459  -108.87951   -68.65084
   6.3157 -70.507078  -99.181713 -123.688765 -151.153965  -162.78657  -148.71405 -130.343935 -109.205375   -74.44411
   8.1594  26.267067   15.127319   11.509615   -32.61881   -52.37934  -19.570555    -1.00845  -18.047755  -45.200928
  18.3803  43.704967    -9.78735  -11.176332    -23.0467  -10.696342   -4.038946  -10.687387  -25.504198   -4.568918
  18.4161  54.685288   -5.352101    6.755257    3.852126    6.810455   -3.449673   -9.076807  -26.886359   -8.776366
  20.0706  -24.98618    3.459667   27.407785   45.753174    45.88594    17.53444  -16.395917  -38.645336  -48.664586
  20.2419  -24.98618    3.459667   27.407785    31.20731    45.88594    17.53444  -16.395917  -38.645336  -44.061391
   6.5875 -74.548928   -85.21848  -106.17773 -129.965518  -146.81972 -126.762165  -113.74473  -86.092365  -51.967839
   6.6235  -72.99848  -89.354345  -114.09881 -141.255875 -160.098925   -139.7891 -127.236445 -104.720738   -67.52965
  6.76655 -67.833555  -89.354345  -114.09881 -151.153965  -162.78657  -148.71405 -130.343935 -109.205375   -74.44411
   8.2457   1.368781   -1.111982   -8.601572  -34.849935  -34.628378  -22.054596  -21.282523   -41.84248  -50.216385
  8.27775   1.368781   -1.788933  -14.373725   -39.69954  -34.628378  -31.116608  -40.594983   -41.84248  -50.216385
 18.73795  46.729588    -5.39696   10.422424   29.407597   23.839289   -5.786041  -12.797079  -33.638363  -35.711833
  20.3061 -18.972773   13.285207    27.06547   33.393963   30.300921    5.525369  -17.239256  -47.407558   -72.42311
  7.11765  -72.99848  -80.746152  -99.138972 -146.363585  -154.50769  -141.11983  -138.17405 -100.081975  -53.089029
   8.4675   1.368781   -2.270628  -19.937052   -36.57702  -30.802222  -19.865181  -21.282523  -36.698624  -50.216385
   8.4958  -2.785479   -2.270628  -19.937052   -36.57702  -29.687912  -24.100752  -27.994995  -44.795769  -51.216328
   8.5036 -13.152995   -4.360195  -24.525755   -36.57702  -29.687912  -26.406588  -30.153337  -44.795769  -51.216328
   17.324  -8.295464    0.424698    0.576784    -2.51757    4.346852   -9.360885  -28.747673  -36.911398  -27.479504
  17.3422  -5.483189    0.469561    2.254641   -1.403697    5.086959   -7.151742   -27.67533  -35.670162  -26.054415
  20.5644  -24.98618   12.556961   26.694002   22.244816   34.825058    1.291081  -24.612227  -69.329262  -74.251995
  20.5783  -25.14574   12.556961   26.694002   22.244816   28.115967    1.291081  -24.612227  -69.329262  -74.251995
   5.4956  -81.14603  -97.637695  -108.18966 -109.266426 -121.350555  -112.82216   -80.77737   -36.81468  -11.495293
   5.5314  -81.14603  -124.79681   -112.1956  -117.02398  -130.71552  -130.07674   -104.2066    -65.0766  -41.342728
   5.5675  -81.14603  -124.79681   -112.1956  -117.02398  -130.71552  -130.07674   -104.2066    -65.0766  -41.342728
   8.8397 -30.259369  -13.239704   -35.15618   -33.12285  -25.408022  -26.666267  -36.012888   -50.00992  -52.508213
   8.9619 -32.328985  -13.239704   -35.15618   -32.61881  -25.408022  -28.693512  -36.012888   -50.00992  -51.216328
 17.46695  -8.295464    0.424698   -1.265654   -3.651561   -3.316876  -15.725333  -32.619513  -45.880116  -43.159987
  17.5961 -12.526375    0.424698   -1.265654   -3.651561    4.346852  -34.589926  -41.675027  -45.880116   -42.06192
 19.23905 -46.193986    -8.62818    2.508636   32.722118   29.525768  -13.763875  -72.153022   -71.85814  -62.182675
   5.7854 -82.720345 -111.217253  -110.19263 -113.145203 -126.033038  -121.44945  -97.211055  -58.153486   -26.41901
  5.82135 -82.720345 -111.217253  -110.19263  -127.37271  -133.92156  -132.23366 -106.605883   -71.00272  -42.112633
   5.9325 -82.720345 -109.593355  -116.01491 -144.754395 -148.009335  -134.31554 -116.661732   -85.53562  -45.365498
   7.3717 -23.295033    48.41576     13.3275  -108.43274  -144.74902  -130.14926  -131.58716   -91.28444    -65.4966
   7.4146 -12.848611    47.34172    6.008934  -110.15981 -146.621345 -145.197095  -143.14949  -97.335035   -75.61663
   7.4436  18.490656    48.41576     13.3275  -111.88688  -148.49367  -160.24493  -154.71182  -103.38563   -85.73666
    17.85 -16.323446   -6.316707   -3.208744   -3.671679  -32.184498    -53.7528   -65.78606   -31.02457  -11.830206
  17.8861 -16.323446    -9.78735   -1.101073   -1.403697  -32.184498   -39.59594  -44.404694  -46.789997  -26.054415
 19.43985  -38.97687   -8.009933    2.907149   31.726779   29.970061  -13.763875  -56.187111   -65.76525  -60.217716
   6.0394  -79.31636    -94.3899   -112.1956  -137.72144   -137.1276   -134.2405 -109.005165   -76.92884  -42.882538
   6.0756  -79.31636    -94.3899   -112.1956  -137.72144   -137.1276   -134.2405 -109.005165   -76.92884  -42.882538
   6.0935 -75.686943  -99.181713  -116.01491 -144.754395 -148.009335  -134.31554 -116.661732  -88.745403  -54.645499
  16.7758 -12.327519  -18.995682  -31.381927  -12.438285    10.29233  -20.504879  -55.918533  -54.385254   -8.799615
   4.9656 -42.030373   -49.99985  -60.132877  -66.670616  -69.205124  -57.640995   -40.56926  -18.887749    13.96978
  8.15985  26.735956   13.594953    9.193824  -34.597915   -56.86386  -19.865181  -14.501722  -35.438187  -46.562742
   8.1956  26.267067    10.45116   -1.309631   -36.57702   -52.37934   -29.30035  -20.768192   -41.84248  -52.508213
   8.2239  20.552208    6.416567   -3.485883   -36.57702  -43.207394  -26.585602  -14.570051  -52.491072   -57.99155
  16.8119  -9.842956   -5.578255  -11.940409   -6.446303   -4.386224   -15.77089  -24.579788  -30.902101   -9.865654
  17.0481  -8.658467   -4.858046    9.093067   10.458313    10.29233   -7.644145  -17.673853  -28.299677  -28.904593
   5.0193 -43.569791  -55.529737  -65.944008  -65.468938  -68.762554  -52.840992  -37.338118   -3.170438   15.146362
   5.0372  -45.10921  -61.059624   -71.75514  -66.670616  -69.205124  -53.507603   -39.71394   -8.455158   14.770407
   5.1372 -51.674185  -66.225207   -75.29216  -69.018358  -78.417987  -55.574299    -40.1416  -13.671454   14.370093
  17.0839  -1.661528    3.662678   15.486012   10.458313   17.615528   -6.265112  -17.673853  -28.299677  -11.372585
   17.195  -8.295464    0.424698   12.289539    8.014768   13.868284   -7.397944  -21.277337  -33.347366  -27.479504
  18.9285 -20.200172    -8.62818    4.224765   29.407597   27.838038   -5.786041  -23.847698  -33.638363  -35.711833
   5.2731  -58.23916   -71.39079   -78.82918   -96.06795  -94.930435  -57.640995   -39.71394   -8.455158   14.770407
  5.29115 -59.888655   -79.51731  -87.067035  -99.395242  -97.310473  -67.915482    -40.1416  -27.395901   -9.118116
   5.3092  -61.53815   -87.64383   -95.30489 -102.722534   -99.69051   -78.18997   -40.56926  -46.336643  -33.006638
   7.0997  -68.95663  -77.173515   -91.26798  -144.79031  -144.74902  -130.14926  -131.58716   -91.28444  -37.527218
   7.1356  -68.95663  -77.173515   -91.26798  -144.79031  -144.74902  -130.14926  -131.58716   -91.28444  -37.527218
   7.1633 -49.659695   -60.02032  -87.578125 -122.209595  -144.74902  -130.14926  -131.58716   -87.96407  -37.527218
   17.349  -5.483189     1.77712    0.576784    -2.51757    4.346852   -7.397944  -30.029508  -36.911398  -31.989635
  19.2182 -33.045934    -8.62818   -2.413928    19.35063   25.224601   -8.913148  -45.611651  -63.364708  -49.804218
  7.21725 -40.613107    47.34172   29.908321  -23.310007   -56.70381  -51.075981  -49.773312   -37.33523  -16.282248
  15.9918 -60.833056  -32.661868  -40.826835   -51.11581  -55.984842  -40.240268  -65.914598  -41.340454   -3.970421
 16.00985 -10.518433  -24.669849   -37.21172  -37.466743  -39.021912  -46.411384  -68.237038  -57.845245  -16.403308