    tempo         80       82.5         85       87.5         90       92.5         95       97.5        100
  11.1325 -58.987776 -25.937011 -14.153161  -8.289244  -0.658174  15.942661   6.067722  -2.998012 -12.372757
  11.1378 -57.506493 -17.756306  -7.468966  -7.434173   4.225229  18.214958   6.625031  -4.464214 -12.880134
  11.1506 -58.987776 -12.635586  -6.778382  -8.289244   6.076633  19.442171  11.241358  -6.258595  -22.60598
  12.8175  -74.16942 -30.946709  -9.260878   4.732613  34.978216  31.090922 -17.689163  -47.13731 -29.383036
   9.7908 -33.964592   7.597687    8.47183  10.686826    2.91381   2.483572   -1.47023 -29.876772 -49.235016
  9.79095 -34.249561   9.685566   8.447757   9.260435  10.647576   5.076569   0.742638 -25.754069   -39.9079
  13.0167 -54.426522 -15.772312     -1.594   5.696457   23.39343  16.829842 -19.278482 -38.402287 -14.236631
  10.0519  -34.53453  -2.018437   1.547481  -2.348536  -1.014971   2.143966   4.298271  -3.263495 -23.420859
 10.06235  -42.22554   -7.48206  -4.259983  -2.460219  -1.014971   2.143966  11.072264    2.66766 -15.794417
  10.0878  -34.53453   -9.25733  -4.338909  -2.486233  -1.228027   1.804359   9.796368   2.276585 -12.387634
    11.67  -4.692501   2.414324  -2.519258 -10.851885  -9.855063  -8.527693  15.810122   9.235383   0.527193
  10.2875 -42.407059 -12.083649  -7.364477  -5.630674  -5.452618  -3.015691     2.5049   2.699812  -1.869775
 10.30545 -33.964592 -15.356031 -12.978092  -6.305986  -5.452618  -0.098424     2.5049   2.308737  -4.125654
 10.32345  -32.25821 -15.553432 -14.076748  -6.579102  -6.889252  -0.098424    1.01589   -1.12027  -6.265783
  11.7164   -4.10157  -1.077271  -24.80885  -4.773452 -13.168074  -28.34696 -14.835025   3.303238   7.392002
 11.73405   -3.79422   4.078573 -17.369519  -7.812668 -17.000213  -33.45984 -25.960082  -0.073387  -1.866426
  11.7522   -4.10157    6.38796  -6.790228 -16.725235 -27.503073  -34.60759 -28.041756  -7.098911   7.392002
  9.23015  -0.329545  14.624579   27.20803  16.507105   2.154459    4.39409 -10.730448 -32.348988 -60.641884
  9.26585  -19.49972   9.685566  18.124134  13.309159   2.154459    4.39409 -10.103147 -29.626078  -53.94423
   9.3121  -19.49972   7.580688  12.003314  11.159967   2.629363  10.320597  -7.461246 -28.530311  -53.94423
  12.7814 -91.234075   -39.6074 -12.743442   5.696457  55.571697  34.313965 -24.083572 -50.999344  -46.71871
   9.5194  -34.53453   16.85503  13.762999   7.834043   2.344916   1.804359   -1.47023 -15.620302 -48.461964
    9.555  -49.91655  11.773445  13.762999  12.088269   2.344916  -2.196104  -6.780112 -26.833015 -48.413479
   9.7447  -34.53453  14.314238  13.953667  15.979471   6.730159   -3.59262 -10.670723 -32.348988 -50.008068
  11.1631 -57.506493  -7.514867  -6.087798   0.347884   4.225229  17.523247   6.625031  -4.464214  -21.17202
  11.1736  -48.09162   0.202761  -4.837212   0.433928   2.373825  17.523247   6.625031  -8.052976 -24.782772
   9.8268 -34.249561   7.563688   3.501011   2.339439   2.629363   2.143966   0.742638  -11.44084 -31.270542
   9.8269 -33.964592   7.056047   3.395538   1.869482   2.344916  -0.918736   2.481504  -7.261378 -29.297825
 11.21455 -37.929291    6.38796   6.713219   3.059285   4.225229  12.101544   3.814025  -5.781563 -24.411356
 11.31415 -37.929291   4.464523   5.650761   1.548088   0.857826  12.101544   6.067722  -5.781563 -22.410806
  11.4272 -37.929291  -0.730503   -2.15432  -9.570564  -2.569304   8.116431  11.217576   -0.56703 -11.332473
   8.4444  -8.855613   14.72426  19.257455  24.337455   9.567356   4.360498  -8.487667 -29.210114 -60.107864
   8.4622  -9.213545  16.157555  21.264545  26.681236  11.985015   2.306839  -8.487667 -29.210114 -60.107864
  8.48015  -9.213545  16.375115  21.354614   27.20532  17.548032  10.474055  -8.487667 -29.210114  -60.93674
 11.67545 -16.229731  -0.730503  -6.790228  -2.169762 -11.511568   -9.31866  -2.886751   8.918904   1.517876
  11.6806  -4.692501  -0.730503  -7.468966   0.433928  -9.855063  -21.84705  -5.193044   9.235383   7.392002
 11.69835  -4.397035   1.307676  -8.699577  -2.169762 -11.511568 -25.097005  -7.185624  18.192303  11.289821
   8.6797  -9.213545  16.157555  21.264545  18.484161   9.567356  12.024173   0.078964  -22.16205  -53.94423
   8.7156 -10.236754  16.375115  21.354614  18.702457   5.387719   6.642218  -8.487667  -23.69603 -51.154612
  8.75155  -8.855613   14.72426  21.774308  18.702457   0.447591   0.174496  -11.30554 -25.853313 -60.107864
  10.3233  -32.25821 -15.454732  -13.52742  -6.442544  -6.170935   0.721888   2.481504   0.417034  -6.939602
  8.98705  -9.213545   15.38334  19.677149  16.507105   0.447591    4.39409   -9.32527 -25.264522 -53.564758
   9.0232  -0.329545  12.532205  19.677149  16.507105   2.154459    4.39409 -10.103147  -29.90676 -60.374874
   9.0331   4.840316  13.290966  22.103933  18.484161   2.344916   4.427683 -11.500217 -34.808987  -60.93674
  10.5103 -30.551828 -16.415308 -15.754744 -14.467992 -13.355999  -0.504731   0.833957  -1.898443  -5.040797
  10.6408 -30.551828 -16.578834 -15.310203 -13.523703  -7.296245   0.721888  -0.449724  -9.649593 -11.865379
  10.6769 -38.919478 -17.756306 -15.754744 -17.897171  -5.452618   3.758998   0.542759 -12.479785 -23.358037
  11.0914 -57.506493  -7.514867  -6.087798 -15.708723  -5.494992   9.841015   1.535242 -12.038563  -24.03994
  11.0914 -58.987776  -7.514867  -6.087798  -14.54154  -5.494992   9.841015   1.535242  -9.649593 -19.201199
  11.1272  -60.46906 -24.039942  -7.468966  -14.54154  -4.509149  14.362074   2.117638  -8.052976 -11.865379
  8.21875  -8.497681   3.788418  10.632318   2.864637  -0.457544   3.776741    8.03346 -16.029338 -40.395635
   8.2192  -9.878822   8.036065  15.948431  10.892695     8.8936   0.003638   2.278707 -29.210114 -59.927575
 11.19165 -26.096595    6.38796   3.285013   1.548088   0.857826  15.942661   6.067722  -7.575944  -25.69726
   8.4442  -8.497681  13.290966  17.250364  27.729403  11.648138   3.776741   0.078964 -32.009551 -60.522302
    9.855 -34.249561    5.05416   3.363065   5.086741   6.730159   0.442811    1.01589 -16.455927 -31.270542
  10.0161 -34.249561  -0.532243   2.659752   1.869482   2.344916   1.804359   2.528296  -7.261378  -30.60629
  10.0881 -42.692027 -11.887487  -9.997466  -2.756641  -3.274293  -0.098424   7.323281    2.66766  -9.863705
  10.1083  -34.53453 -12.083649 -12.630456  -3.027049  -3.557914   0.721888   4.850194   2.276585  -6.939602
   7.1436        NaN        NaN        NaN  -2.347492  -0.717155  16.695732  10.805508        NaN        NaN
  10.3336 -30.149583 -15.454732 -14.471205 -13.523703  -8.042142  -0.918736  -0.449724  -8.052976  -7.339775
 10.34655 -30.551828 -15.356031 -14.865662 -12.579415  -8.381046  -2.377008  -1.869184  -8.851284 -12.633884
  19.2086  -20.71582  -2.393584   3.578265  -0.277514   6.527281   3.380949  -1.971491  -0.865864  -1.809346
 19.20875 -23.622952  -4.335245   0.852659  -0.739842  -1.206278   2.491409  -2.045844  -1.110693  -1.502796
   19.425 -44.270256  -6.976337  -0.867026  -7.117798   6.598664   2.491409  -2.045844  -0.621035  -1.043784
  9.50165 -27.822205  14.314238  13.953667  11.159967   2.154459   1.074857   -3.22401 -14.234123 -48.461964
   9.5556  -42.22554   16.85503  14.144335  18.996117    2.91381  -2.713729   -8.14238 -29.876772 -49.235016
  18.3494  -2.322739  -8.072118   8.502462  12.209141  26.731903  25.915598  39.281963  28.011873   1.166725
  18.3675 -38.607277  -15.35697   8.229374  15.484875  27.112158  29.658561  38.002945  27.667292  13.122915
    18.44   3.440457 -10.692803   6.204202  11.958619  10.350068  21.947788  23.706055  20.023902   4.358482
  18.6208  52.356745  -4.034508   8.502462  12.077825  12.154901  20.826876  21.979849    6.40231  -1.043784
  20.0307 -24.151823   2.211925   1.817384 -15.062713 -53.870658   1.797445   5.484677  -45.38035  -81.60804
  18.9281   -3.79644 -15.108701   2.252762 -10.566697   -1.25081   5.417276  11.541903    6.40231  -1.043784
  18.9372  10.513012  -1.792112   8.502462  11.839413   8.305735   6.630551   5.480896  -0.621035  -3.876764
  20.5458 -24.151823 -10.412584    13.1319 -11.555444 -55.639664 -34.764427  -35.03685 -54.855354   -79.8244
  20.5819 -24.151823 -10.412584    13.1319 -11.555444   -46.5458 -14.694542  -4.959984  -65.93686 -109.26865
  17.5632  22.391326   1.342852   4.807042   8.224516  20.816131  20.958115  22.703681  25.149969 -14.574784
  17.5811    33.9618   1.555487   6.101979   7.062163  14.900359   19.80305  29.705915  26.835243 -14.005624
 20.69955        NaN -25.011241   0.549194 -35.823834 -55.891068 -24.729484 -37.745787  -75.37808 -94.546525
   5.5442 -32.625285 -38.112569   -62.8399  -69.46894 -60.714874 -50.724293 -18.051695  13.138249  26.617678
  17.8167  10.820852  -0.846446   3.512104   7.062163  14.375345  23.156342  34.703247  28.257637  -6.023871
  17.8522  10.820852   1.555487   6.101979   7.062163  14.375345  23.156342  32.172523  28.011873  -6.023871
 19.47045 -23.622952  -5.034677   0.762227   1.443439     7.1011   2.491409  -2.750866  -1.110693   6.616314
  18.1328 -13.893213  -6.157612   2.415791    6.17175  11.736063  23.156342  36.723927   29.50286   9.283943
  18.1686 -13.893213  -8.072118   7.956285  12.209141  14.900359  23.993713  41.215393    30.7206  10.191774
  19.5156  -20.71582  -2.354636   0.762227 -10.156366  -1.395893  -1.695278  -2.750866  -4.242805 -15.045935
  19.5156  -20.71582  -2.315687   1.385559  -8.035461   6.670047   2.994424  -2.398355  -5.126274 -18.812177
  19.7775 -24.151823  -2.354636  -0.867026  -8.890748  10.142744   3.357078   6.589236 -16.879491  -28.06483
  20.0128 -24.151823   2.869531   2.440716 -11.095484   -8.30264  17.251469  16.405413 -27.026207 -42.943901
   4.7218  12.156612   -3.29339  10.798145  13.175638   -2.25884   5.958527  30.571047   35.72638  56.921158
  17.0119 -58.755775 -14.347103   5.458698   9.386869  27.262102   35.19229   7.404309  12.827345  -7.577696
  17.0481 -58.755775 -14.347103   1.290685   9.386869   26.79514   28.06902   7.404309   9.382083 -14.595704
   4.9297 -15.699196 -24.849684 -27.060757 -18.472618 -29.718752 -26.578619  -2.748432  13.138249  26.617678
 17.30125  -6.326351    0.48038   5.780339   6.297819  16.850734  23.531498  11.024636  12.917375 -16.524677
  17.4322 -23.967461   1.342852   5.780339   7.905378  24.380273  24.468303  18.233501  18.542519 -14.300664
 18.95515  -3.647837  -4.034508   8.689098    5.78095   7.416508   7.993755  10.277996   2.059166  -5.351701
  5.52625 -30.469793 -24.849684 -17.210062  -27.12691 -34.379461 -39.016609 -21.171453  12.502809   21.32248
  17.5857  22.391326   0.141886   4.807042   9.635652  20.816131  23.053446  29.916034  26.528774 -14.279744
  19.2444 -23.622952  -2.393584   1.385559  -8.035461   6.527281   3.380949  -1.971491  -0.348865   -1.27329
 16.36125   6.270547  15.267502   7.876597   4.584831  22.789577  27.310443  42.822385  46.526547  34.987787
  19.4706 -23.622952  -5.034677  -0.867026  -7.117798     7.1011   3.497438  -2.045844  -0.076695   6.616314
  19.4794 -23.622952  -2.393584  -1.872948 -10.566697   6.527281   4.457357   0.734077  -1.659322   -2.99633
  4.45055  13.577107   -3.29339  -7.868146  -2.318578   -2.25884   9.614581  38.744895  50.112381  52.352942
   4.6678  -2.290509  -3.899567  -5.756116   4.842814   3.260199   8.317052   37.26303  50.112381  57.604287
  16.4968  30.846092   4.571905  -4.957529  -5.679671   6.133504  25.813784  42.822385  46.526547  27.756905
  16.5147  18.558319   8.993682  -1.146293  -1.824072   6.170823  26.677753  38.384895  45.171665   26.03991
 18.25915  10.820852  -7.435379   8.229374  12.143483  20.816131  24.954656  40.248678   30.11173    5.67925
  4.68585  12.156612   -3.29339  -2.076697   8.837852   -2.25884   7.972307  35.012645  50.103043  56.921158
  16.7679   6.270547   12.06675  10.804598   4.584831  13.517391  28.006076  38.443102  42.823453    7.44563
  16.7861   5.596531  -0.169457   5.458698   5.419921  21.965405   28.06902  38.384895   33.92582    2.33868
  18.3856   4.390766  -8.072118   8.502462  16.308071  26.940441  25.915598  36.723927  25.831724   1.166725
  18.4039 -38.607277  -8.072118   3.578265  12.077825  12.154901  23.269302  32.172523  24.512676  -1.043784