    tempo          80       82.5         85       87.5         90        92.5          95       97.5        100
  10.3671    -79.3875  -3.688769  -5.085137 -13.425641 -10.505876    -6.49015    -4.68948  -4.914381 -17.609713
   10.385  -83.307965  -1.490665  -2.561994 -11.751128   -7.83562   -6.666891   -5.571451  -8.874373 -20.861566
  10.4211   -87.22843  -1.456244  -3.284303 -11.223606  -5.061571   -4.280728   -4.889831 -10.109655 -26.391007
 13.69345         NaN -61.350159 -26.868293   3.958515  56.588596  104.768365  118.266157  99.393665  40.740865
  10.6228   -87.22843  -1.268528   -2.25197 -10.048953  -1.644822   -1.794284    2.235511  -0.558697 -11.263913
  10.6589   -87.22843   0.235038   -2.25197 -11.223606  -3.031225   -2.691065   -0.901463   2.617595  -7.883214
  10.6819    -158.502   0.235038    1.74359 -10.048953  -3.031225    -6.31341    3.314812  -0.558697 -14.141539
  12.2772  -45.977356  -39.48614  -33.69001 -19.127384   0.536273   19.192297    36.46643  50.983673  10.060498
  12.2953  -36.544446 -39.288128 -35.096657 -22.221197  -1.129705   19.336133   37.250075  56.833227   9.821469
  12.3131  -45.977356 -39.090115 -33.811398 -19.127384  -2.547052   19.479969    38.03372   54.28215   7.158467
  10.7769 -116.708695  -0.441235   5.070425    3.37329  -0.335793   -0.807983    1.134429  -3.700506 -19.085425
 10.93235  -154.02989  -1.421823   5.282576   3.595965  -0.180786    1.473125    6.533179  -0.976383 -20.561136
  12.4499  -36.544446 -30.275076 -32.110029  -7.876783  -1.519465   17.696759   37.250075  52.632912    2.52222
  12.5508  -45.977356 -29.320057  -19.05101   -2.19815  -0.491878   17.079258    48.06253  50.983673  -9.585995
 12.56875  -79.410943  -27.54101  -1.812679  -0.054917  -0.102118   13.217615   45.303127  41.314736  -9.768846
  9.60555  -27.445257 -15.052938 -12.119644 -15.525615 -16.481516  -12.516656    2.904896  14.408495  16.786125
   9.6236  -32.183884 -12.048413  -8.066143 -11.742681 -15.376767  -10.813051    3.240413  14.318646  16.742433
   9.6468  -33.493935 -17.757917 -17.897983 -13.257025 -14.956634   -9.963649    4.751725  14.677275  15.690666
  12.6225  -27.111536   3.806969   8.898702  15.728604  28.010532   47.773575   70.921875  60.432125 -11.790791
   9.8608  -34.803986 -13.971368 -13.922399 -11.742681 -13.254532   -9.602521    2.727276   7.997659  13.993651
   9.8972  -33.493935 -18.751268 -22.393682 -16.599365 -14.536501  -10.324777    2.727276   8.210998  12.296635
  9.90205  -34.803986 -19.309275   -22.5016 -17.213625 -14.956634  -10.400358    2.481393  13.430461  13.993651
 11.49765  -79.152063 -15.622061   9.150197   8.694161   5.994498    6.549078   -2.039949  -2.489021 -10.502718
  11.5156  -79.152063 -13.763085   9.621161  10.397079   6.624781    4.647465   -5.272858 -14.906604 -12.159478
  10.1347   -40.31921 -11.856941 -22.393682 -17.220577 -15.942718  -12.375717   -2.123216   8.210998  16.723677
 10.15795  -62.610968 -15.219889  -22.00479 -16.903019 -14.956634  -10.926164   -2.811379   7.428377  11.088642
  10.1708  -83.307965 -18.908617 -22.393682 -17.206673 -14.536501  -10.600048   -4.889831   2.617595   1.423505
  11.6639  -45.174442 -22.312253  -4.827373  -4.427459    2.46985   10.948562    5.825062  13.664828  -5.357698
  11.7711  -45.174442  -29.23978 -16.006968 -11.485683  -1.500459    7.224248    9.432814  11.751054  -9.403868
 11.80695  -79.152063 -44.497819 -28.567099 -16.919384  -2.141811   13.255663    17.73652  12.746252  -9.221741
   8.7542  -17.112059   9.655572  10.148146  -13.79965 -22.324932  -10.313486    3.074133   4.385002  -9.171261
  12.0267   -73.17023 -45.384087  -33.69001 -19.127384  -3.832247   10.924213    28.29903  13.080055   2.832406
  12.0625  -27.111536  -43.61155 -32.990658 -17.238668   0.287642   17.079258   30.144398  29.399029   2.832406
  12.0986  -112.84453  -43.61155  -33.69001 -19.127384   0.536273   18.314259    35.46181  38.762703   8.609483
  9.04555  -11.517489   1.194765   4.559785   0.022603  -8.784551   -3.734355    6.082245   8.626806   1.537159
  9.08165  -17.112059  -1.463903    1.37812  -9.932292 -11.879372   -9.653049    5.809243   7.028428  -0.495609
  9.10445   -22.70663  -3.135875  -7.554312 -11.641195 -15.924978   -6.996841    6.569625   10.92219   2.957334
  10.6819    -158.502   3.127022   2.702907  -9.655148  -1.291242    -2.56509     4.76724   1.475376 -14.141539
   9.3486  -27.445257   -6.46792  -8.084018 -11.641195 -18.689491  -10.394713    5.542003  14.318646  10.330478
  9.37265  -32.183884 -13.009891 -12.119644 -12.771165 -16.884899  -10.661552    4.751725  10.056615    3.83012
   9.5514  -32.183884 -16.757614 -19.157156 -17.547007 -16.481516  -11.594384    3.406693  12.620418  -0.495609
  10.9325 -119.581893  -1.456244   5.070425    3.37329  -0.335793    0.927976    6.245227  -3.700506 -26.391007
  10.9558 -127.293517  -2.766121   5.070425    3.37329  -0.025779    2.249762    6.245227  -3.700506 -28.384839
   9.6469  -33.493935 -18.751268 -21.873566 -14.771369 -14.536501   -9.602521    4.207321  14.318646  -1.398595
 11.12835   -73.17023   -0.78482    6.75656   4.042653  -0.180786    4.924089    6.354705   1.978845 -20.561136
  11.2471   -73.17023   -0.78482   7.865401   4.042653   2.878592    4.924089    3.689828   1.978845 -14.938769
  11.2829  -85.133896  -6.701434   9.150197   6.188324   6.662894    6.549078    6.354705   4.807038  -9.221741
  8.40275  -34.558365  15.865248  22.360973  16.706176    3.48719    3.862553   -3.716947 -12.706103 -31.429507
   8.5397  -34.558365  11.207418  21.667645   1.886524   1.216327   -0.985417    5.974432  -9.296095 -23.096119
  11.5389   -73.17023  -17.51134   6.461551   9.160872   6.624781    9.081932   -5.272858 -14.906604 -12.159478
 11.55665  -42.579287 -18.860408   2.771241   5.079648   5.514104   10.003073   -2.039949  -2.489021  -9.221741
   8.5578  -23.037927  16.925631  24.301631   9.066893  -3.769112    3.239012    6.193795  -9.296095 -21.672638
   8.5756  -23.037927  11.207418  21.667645  -0.987627   -9.08352    5.888841   10.519839  -6.325264 -23.674112
   8.6649  -11.517489    9.17507  13.366352  -12.66968 -13.948203   -3.244693    6.193795   9.492381 -21.672638
  10.1706    -79.3875 -18.908617 -22.393682 -17.206673 -15.376767  -11.342273   -3.499542   7.072435  11.088642
  10.1936  -83.307965 -17.949951   -22.5016 -17.213625 -14.956634   -10.97116   -5.895929  -0.772876  -7.380141
    10.23  -83.307965 -12.361527 -18.925198 -16.279861 -13.254532  -10.324777   -6.220408  -4.215478 -14.448182
   8.8786  -11.517489   4.815383   7.215323  -12.66968 -15.501793   -7.603773    6.193795   8.626806  -0.495609
   9.0275  -17.112059  -0.024805   3.778111  -0.628982 -11.568045   -4.391162    4.800244   8.626806  -0.495609
  10.4672   -87.22843  -0.996027  -2.923148  -10.63628  -3.353197   -2.116699   -1.932513  -4.914381   -24.9362
  10.5033   -87.22843  -1.268528  -6.885972 -12.896685  -3.031225   -0.807983   -0.901463  -0.987054 -20.861566
   7.4683         NaN   26.97712  25.127113  14.141809    2.11594   -4.147672         NaN        NaN        NaN
  10.6947 -154.581535   0.235038    1.74359 -11.223606  -0.937661   -2.439115    6.219669   -0.67523 -10.502718
  10.7406  -154.02989  -0.996027    1.74359  -9.261344  -0.025779   -0.807983    3.314812   -0.67523 -10.502718
   9.3733  -33.493935 -16.134508 -13.922399 -14.771369 -17.441437  -12.375717    3.240413   9.191039    2.23734
 19.82955  -28.391869  11.447005   8.875684  16.809423  25.707959   21.986683   -9.729636 -27.143988 -50.768944
  9.68735  -33.493935 -15.992227 -13.409814   -10.2871 -11.632115    -4.18079    4.751725  11.754842    4.97029
   9.7653  -34.803986 -15.992227 -17.897983 -13.257025  -9.968056   -3.523983    3.662917   8.701018   7.425469
  20.1208  -16.981348   6.161116   4.072993  14.041453   26.30145   19.279549    0.410067 -33.050804  -39.81043
   9.9431  -34.803986 -18.350609 -21.873566 -16.599365 -15.376767  -10.510054    2.727276  14.318646  16.723677
 10.03905   -40.31921 -17.949951 -22.133624 -16.903019 -15.449181  -11.077662    1.713387  10.376637  16.207172
  18.7181   30.914344 -10.675185  -6.505552   5.106552   10.32568   32.202827   27.857567   3.631441 -17.719305
 10.24125   -87.22843 -13.790708 -15.911213 -15.522253 -12.361878   -9.870303   -5.895929   -7.86147 -17.609713
  18.9914   33.332252  11.477218   4.183996  11.009322  12.503932   32.478815   16.138347  -6.795281 -24.166921
   9.0278  -11.517489  -0.024805   3.778111   0.674187  -8.485582   -3.077547    6.082245   8.626806   1.537159
  19.1864   35.570648  13.854747   4.183996    9.92757  14.361765   30.513813    0.940705 -20.296969 -29.326763
 17.93125   12.863524  15.104764  21.230374  13.836135  25.202745   16.548609    9.717737  -1.172406  -6.466278
  20.7043  -16.758865  -4.821287 -14.939441 -15.871358  -7.624771   36.470364   58.508477    38.1569 -27.612576
  18.1933   -0.156647  -2.416693  -6.661188  -1.885602  22.228924   21.152122   34.161213   25.87008  -2.330111
  18.2294   -0.156647  -2.416693  -6.661188   7.987365  22.228924   27.636278   38.005566   25.87008  -5.910521
 18.50265   13.157872 -16.443592  -5.246759   7.195474  18.307884   23.773257   27.401291   9.189644 -15.781779
   18.525   18.654485   -3.12167   2.483693  16.248486  22.015602   29.919553   23.837831   0.512179 -19.330849
  20.1211  -16.981348   6.428308   4.603239  17.150152   26.30145   39.463802    2.514404 -38.971592 -46.847219
  20.2758  -26.412896   1.182553   2.609166   6.592093  14.747267   36.470364    5.504946 -38.985565 -52.416128
  20.3947  -26.412896  -4.069717  -3.906579    2.55355    5.38951   36.197144    2.514404 -29.433951 -27.612576
  17.3956   28.917585   21.51683  28.313377  11.641611   5.645772    8.208712  -10.293995 -11.321936  -8.277163
  17.4317   28.917585   21.51683   27.20143   19.92275  22.247387   11.746544    2.845904  -4.598485  -7.787773
  20.4311   -6.602454  -3.932863  -0.129442   7.414377   26.32994   43.413883   42.813766 -16.046699 -57.025913
  17.6868    9.040088  15.028909  18.883258   9.920562  15.759721   10.172441   14.881425  -1.172406  -5.531567
  17.8125   12.863524  16.859623  23.901022  17.131456  30.348122   13.450247    1.503235 -10.456236   -7.52339
  19.2647    9.476527  13.854747   5.380664    9.92757  14.361765   30.513813    0.940705 -20.296969 -24.166921
  19.2939    9.476527  13.854747   5.380664  16.700418   19.71901   30.923306    4.016796 -18.580646 -19.745398
  17.9425    9.040088  14.675054  17.669552   19.92275   32.53814   20.934816   28.325455  10.885231  -7.259006
  17.9604    4.441721   1.229563    9.86094  17.131456  30.348122   21.043469   24.768189   8.630872 -11.783099
  19.4779  -16.981348  15.920353  25.685733  31.762887  26.513644   26.944199    3.599116 -22.898017 -38.954667
  19.6146  -25.910517  11.447005  19.055256   25.93011  26.513644   26.759308   -9.166401  -25.32465 -42.925495
  16.7343   15.258704    14.6657  19.876837  14.743189  11.908961   20.942233    6.054253  -4.483635 -25.256965
  19.8879  -25.910517   -2.34748   1.511469    2.87426  11.181001   16.979559    4.452777  -20.65431  -30.22196
  19.9058  -21.445932   6.161116   3.143306   9.989216  23.793863   19.279549    4.452777 -25.141724  -34.98384
  16.9069   18.192757   21.51683  24.628466  13.574287   9.239315   18.591978   16.082155   5.509401  -8.277163
 17.02565   23.555171  23.027797  25.277383  15.921357  11.908961   20.942233   14.989441   2.757342 -10.977871
  17.1625   23.555171  22.260162  28.225552  13.776851   7.442543    4.217486   -2.584431 -10.456236 -10.977871
  17.1806   18.192757   21.51683  28.137728  15.912092   9.239315    8.270576   -5.329428 -11.321936  -13.67858
  18.7986   33.332252  -9.434461  -6.505552   6.403583   8.557774   32.202827   26.464739   6.328205 -17.719305
  18.8343   31.457611    -5.8366  -5.246759   7.949323  10.297696   32.478815   23.292434   0.512179 -19.330849
  19.0718   35.570648  20.353996  12.663007  21.939582  20.389694   33.276771    6.254756 -17.153196 -32.342517
  19.1078   35.206894  18.023731   4.691749  11.943859  18.977108   33.021812    9.330847 -19.939629 -28.431566
   3.9894    4.227133  -4.121519 -13.987766  -11.76524   -5.25511    5.417305   19.581558   45.11412  58.961927
   16.091    5.858437 -17.019897  -9.098914  12.365685  36.968092   39.982849    33.74673  -4.483635 -29.650828
  16.1089    6.076592     -1.676   4.156243  13.574287   35.45145     33.6863   23.855713   0.839587 -22.662817