    tempo          80        82.5          85       87.5         90       92.5         95        97.5         100
   4.6572  -48.040058  -41.796883  -49.361244  -47.94214   -64.9047   -57.9786 -51.171024  -44.028277   -8.248929
   4.7103  -49.335052  -43.713299   -49.63937 -44.720903 -47.336653 -56.788322 -51.932557  -44.028277   -7.044366
  4.72905  -53.358173  -32.258761   -49.63937 -41.166634 -40.864783 -52.452354 -50.544611  -44.326786  -12.910533
   6.3117    12.33355    52.10936   43.750355    39.2221    19.2001  19.977734  31.536781    62.42707   83.122925
  16.7403   -1.305439  -30.195767  -39.229177  -8.882617   2.355957  29.720591  37.092718   11.887702  -29.687385
  16.7761    3.215522  -28.816765  -24.271853  -0.612523  13.188997  28.819847  25.948637    9.278005   -30.57414
  18.3942  -65.183958  -13.797003   -21.79077   5.178236  42.387547  62.985306  20.840511    11.75612  -12.539272
  18.3944   -70.67081  -12.610217  -15.890533  10.000221  42.387547   55.30223  15.527596     5.89624  -12.714105
   4.7815  -54.714146  -47.073629  -54.994877 -51.948595 -56.124763 -56.788322 -50.544611  -44.270863   -7.487004
   4.9297  -50.051619  -45.629715   -54.82355 -47.336803 -47.344826 -55.397354 -49.918198  -44.028277   -0.100222
     4.93   29.228216  -32.258761  -52.004255 -43.782533 -47.336653 -52.452354 -49.501734   -43.78569     7.28656
  6.49225    12.33355   50.740982   35.541404  23.021524  27.272676  28.586067  46.102517    72.67474   85.488313
   6.5839   27.155191    52.10936     38.7851   25.94459  35.345253  29.394608  50.441833    69.66398   83.122925
   6.6018   41.976833   50.740982   35.541404  26.729397  41.654434  28.586067  46.102517   66.045525   80.668487
  16.8467   -10.81683  -19.980652  -19.200867  -5.954939   9.495826  32.670326  29.794786   13.682966   -27.56447
  18.6669  -74.475385  -21.898561  -30.723589 -11.724605  31.040525  26.290088   3.234195  -21.469926  -28.880413
 18.68485   -78.27996  -26.039707   -33.14432 -11.724605   40.39635  45.451747  10.495055  -29.914577   -35.09483
   6.6556   80.894027    52.10936   32.297707  20.098457  20.605446  19.977734    41.7632    62.42707    78.21405
  6.75615    94.04505   53.737662    25.23717  19.077029  19.902773  12.577282  46.102517   63.990403   76.323418
   6.8567   107.19608   55.365963     38.7851  20.098457  20.605446  19.977734  50.441833    69.66398   74.432785
  15.5925   10.132751   -7.174877  -18.749083 -16.055445  -6.229984  11.164165  17.222755   -8.078551   -28.00957
  15.6672     3.29097  -14.173208  -23.655706 -16.738157  -9.689467  10.924894  16.595804   -8.026938  -29.721287
  18.9394     -90.507  -26.195087  -35.927574  -15.82205   0.434242  16.978912  12.185326   -2.771879  -23.769371
   3.9097  -21.888673  -20.430945  -24.600043 -33.472924  -46.34347 -51.463116  -41.38882  -17.540272   28.955277
   3.9286  -13.021308  -18.157532  -24.148537 -33.377647  -41.07713 -50.862656  -35.75658   -8.649853    37.73649
   4.1294   -6.330662   -8.232815  -10.121799 -18.035307  -34.86358 -47.160576  -35.75658  -16.900871   20.992554
   6.9104   258.90485   58.637806    39.28969  26.729397  41.868577   73.50207   95.93282  101.323987    95.26876
  15.9397     3.29097  -23.550941  -33.052856 -20.251715 -12.889765  14.724409  19.278347   -2.427738  -30.380651
  15.9758     3.29097  -24.036701  -34.166042 -19.307735   -3.73871   14.14257  24.466852    5.731289  -24.266466
  17.6118  -56.502182    -16.0503  -32.106148 -22.746315  -9.229556  28.578384  28.611705    8.259147  -31.672346
  17.6297   -44.17245  -11.248844  -32.106148 -22.746315   -6.80903  33.959249  30.689734    9.674663  -29.257792
   4.1994  -26.077879  -13.957314  -25.051548 -42.105003  -47.32848 -52.063576  -44.11972  -31.523727   -2.972174
   4.2014  -32.385113  -13.957314  -25.051548 -42.105003  -47.32848 -52.063576 -51.171024  -33.643875   -6.601727
   4.2014  -37.074005  -13.957314  -25.051548 -42.105003  -47.32848 -52.063576 -51.171024  -33.829426   -9.010853
  5.83765  113.519649   71.759555    74.40451  75.938332   78.62057    89.1568  89.604435  104.299483  103.980907
   5.8556  111.678154    87.37869    77.34119  83.800064   75.74804   83.00896  87.347885    97.75369    96.43959
   5.8642   76.827494   71.759555    74.40451  75.938332  72.952625  65.161539  75.247753    86.77316   94.356765
  16.2125     6.71186  -26.075384  -43.660395 -31.246119 -13.551937  18.617674  44.109288    8.485416  -30.050969
  16.2483    8.971559  -23.793821  -39.229177 -16.614369  -7.026671  19.900765  33.952662    4.373569  -29.357703
 17.75665  -56.502182   -9.764077  -23.519728   -8.91125  24.661146  36.886425  19.352766    9.674663  -21.621423
  17.8667  -56.502182  -10.377739  -23.071224  -5.535509  38.845585   51.83743  16.046024     5.89624  -31.065325
  4.40205  -34.729559  -20.439086   -43.09363 -52.251264  -73.87754 -53.604598 -47.645372   -33.73665    -7.80629
   4.4381  -34.729559  -36.817017  -48.907547  -47.94214  -73.67567  -55.14562 -51.171024  -44.056238  -22.394383
   4.4739  -48.040058  -41.796883   -50.09378 -56.560387   -72.2541  -58.17929  -52.69409  -44.326786  -17.329666
   6.0561    12.33355   49.372604   60.427734   63.96028   66.66457  45.826355  57.162018     75.6855     87.8537
   6.0922    12.33355    56.14042   60.427734  61.982494  63.051346  29.394608    41.7632    62.42707     87.8537
   6.1281    12.33355    52.10936    54.71782   51.34971  47.963615  27.777527    41.7632    69.66398     87.8537
  14.8669  -24.531528  -18.486475  -21.794914 -18.788692 -22.198467  -6.075545  -9.301798  -17.188915  -18.674284
  18.1389  -58.567911   -13.20361  -27.049309  -5.632799  38.865744  45.615505  14.573337    8.595422  -21.886595
   18.175  -59.697105     -14.733  -27.527171   2.194398  41.908155   70.03379  22.829783   14.467484  -21.886595
   2.9422  -31.974216  -16.592644   -23.91539 -23.845295  -18.69756 -28.712955  -39.05776  -17.799032   19.961502
   3.0561  -34.929333  -22.152577   -24.74027 -24.735964 -18.080254 -26.784876  -25.84076   -9.526657   19.961502
  6.32015    3.590316   50.740982   38.024031  32.583345  17.635177  12.577282  29.329544   60.371948   80.238168
  6.34665   -5.152918   35.551849   21.993473  22.000096  17.635177  12.577282  29.329544   60.371948   80.238168
  6.38265    3.590316   35.551849   21.993473  19.077029  17.635177  23.877631  36.649991   66.045525   85.488313
  15.1394  -14.098444  -12.061157  -17.164005 -18.788692 -15.266346   3.704505   9.385911    -18.0265  -21.054935
  15.1753   -3.424846   -8.981825  -14.563269 -17.008215 -11.210974   2.508484  -5.197773   -26.39288  -21.054935
   3.1622  -27.230469  -16.592644   -23.91539 -24.098122  -18.69756 -27.540127 -30.582544  -13.533465   25.699388
   3.3289  -27.230469  -21.600796  -24.148537 -25.373806 -24.746763 -42.036556  -39.05776  -13.533465   31.027681
  3.36485   -37.88445  -23.937622  -31.183163 -28.903726 -31.097638 -35.374755 -22.319062  -17.540272   29.463037
     4.93   -8.758424  -41.796883   -54.82355 -42.105003  -47.32848 -49.507355  -49.08527  -40.337895    7.754707
  15.4478     3.85298   -6.581576  -13.842459 -23.356812 -11.210974  10.924894  15.899003  -16.021576  -21.101128
  15.4647   10.132751   -4.412607   -9.258692 -16.873186  -3.567581  12.773003  16.313984   -12.04005  -24.826605
 17.04875  -24.849182  -20.363751  -16.772403  -0.612523  13.188997  33.452303  28.309231    8.259147  -32.474686
 17.33845  -31.842718  -21.275875  -21.631788 -11.344625  -9.229556  24.407241  21.799855    8.259147  -32.474686
  17.3744  -31.842718  -20.628263  -27.782413 -19.215072  -7.138993  28.578384  21.799855    9.879088  -29.431814
   5.6003  118.482895  102.324326  113.505806   139.1318  101.77021   95.30464  87.347885    97.75369    96.43959
   5.7836  118.482895   99.579544    92.99234   98.73541    81.4931   95.30464  87.347885    97.75369    96.43959
   5.8197  115.361145    87.37869    77.34119  83.800064    81.4931   95.30464  87.347885    97.75369    96.43959
 14.26375    2.143352  -19.510436  -22.271856  -24.51408  -15.72534  -4.679916  -8.856096  -13.687496  -22.480932
 14.35695   -5.977546  -21.130449  -22.271856  -24.51408 -19.632632  -5.361736 -10.911296  -14.925552  -21.481733
  17.6469  -56.502182  -10.377739   -25.43444  -16.88657   8.104441  38.327946  30.399733    8.054722  -27.450258
   2.5642  -11.851833   -7.493065   -0.338309   4.038948    3.12019    9.17276  -4.631145    -5.91765   12.298948
   2.5647  -18.286903  -12.789804    -3.94392  -0.487585    2.69691   8.075318  -0.504616   -3.404107   12.298948
   2.6003  -19.834726  -14.172769   -4.450135  -3.039947  -1.319932   7.405699   1.399462   -5.017738    4.475487
   5.8728   41.976833    56.14042    71.46783    68.0766   70.15721  47.314117   63.14762    75.79263    92.27394
  14.6114  -17.581343  -20.385897  -20.896008    -29.495 -23.276833 -14.503044 -13.615319   -20.86792  -21.054935
 14.66415  -19.314986   -18.41854  -14.579812 -16.975637 -18.112194 -10.062096 -12.637833  -17.765385  -17.246029
  16.2653   14.652149  -19.232374  -34.166042  -4.980517  -1.408365  22.510939   36.89012    5.070231   -27.56447
   2.8008  -25.705944  -14.297443   -8.771195 -12.772632  -9.092887   0.785439  -4.631145    -5.91765   13.669989
  2.81875  -19.060814  -14.001651   -4.450135 -10.715768  -9.210303 -22.109465  -7.177833   -9.526657   19.530373
   2.8536  -21.146802  -14.172769    -6.33161 -10.715768 -14.296401 -26.784876  -25.84076   -17.97343   13.287704
  4.47405  -46.745064  -40.680263  -49.727512 -52.251264 -70.495015 -58.078945 -51.932557  -44.056238   -13.17026
   4.5272  -48.040058  -41.796883   -50.09378 -56.560387  -68.73593   -57.9786 -51.171024  -44.028277   -8.248929
  14.8839  -24.531528   -20.28022  -23.202641  -23.86497 -22.865576  -5.533842  -6.969688  -16.871869  -16.610528
    14.92  -19.314986  -16.788739  -21.345461 -19.310256 -20.553382  -3.481659  -6.969688  -14.781218  -13.301269
  16.4281    7.959259   -25.76991  -35.180387  -5.467728   2.934668  29.720591  43.401823   11.887702  -28.279295
  16.5739    7.959259  -27.503119  -36.194733  -5.954939    9.40108  32.670326   45.49585   13.682966   -27.56447
   3.0919  -29.602342  -16.037262  -20.961183 -23.593269 -14.296401 -25.538134 -11.258338   -7.272198   19.568449
   3.0919  -27.230469   -15.48188  -18.006977 -23.845295 -14.648117 -26.029625 -21.098976   -9.526657   18.765804
   4.7292  -54.036159  -41.796883   -50.09378 -42.105003  -47.32848 -55.397354 -49.918198  -44.298824  -10.198769
   4.7464  -54.714146  -43.713299  -52.458665 -44.720903 -47.336653 -56.788322 -50.544611  -44.326786  -12.910533
  13.5386    7.496936  -20.413092  -19.687672 -17.367506  -9.378487    15.6609   9.425167   -4.435358    0.645426
  16.7932    3.215522  -24.389497  -20.416328   0.493501  18.270679  32.505791  28.309231   11.073269  -29.880874
 16.82835   -10.81683  -20.363751  -20.416328   0.493501  18.270679  30.662914  25.948637    7.027718  -29.880874
   1.7278   15.110862    6.323917   13.174192    22.3787  11.400608   7.278221  -4.556716   -4.453009   22.194178
  1.72795    13.54034    5.899971   11.798775  17.005689  10.391285    8.93385  -2.954072   -4.994426   22.194178
   1.7636   15.739571    7.282704   11.798775   7.339001  10.391285  13.770925  12.990615   -4.723717   15.706755
   4.9479   53.017357  -32.258761  -52.004255 -43.782533 -40.872956 -52.452354 -49.501734   -43.78569     7.28656
   4.9658   78.983273  -32.258761  -52.004255 -43.782533 -40.872956 -52.452354 -44.539624    -36.8901    8.222855
  13.8107     5.82523  -20.385897  -20.941316 -27.276582 -11.874294   6.913232   6.621392   -2.685873  -12.494055
  13.8467    6.661083  -18.350605  -15.508627 -26.706085 -10.080104   6.913232   2.913728   -5.506673  -16.328656
   1.8689   11.969818    5.476025    3.134175   1.044079   8.162149  13.280154   8.294356   -3.121742   11.686028
   2.0358   15.739571    6.323917    6.786215   6.672253   9.381962  16.149673   4.726852   -3.121742    5.331943
   2.0719   15.784975    8.241491   22.089325    8.00575    8.42215  10.589478  -4.556716   -8.808892    5.199733
   3.4706  -24.006702   -15.48188   -23.91539 -26.105677 -41.028236 -42.036556  -20.19753   -8.649853   39.825356
   3.6903  -21.888673   -15.48188  -24.148537 -33.377647  -41.07713 -50.862656  -37.66085  -17.540272   28.660392
  14.1014     5.82523  -19.510436  -15.067766 -27.276582 -12.797968  -1.221251  -1.148779    -6.46897  -16.879412
  14.1358     7.25989  -18.566572  -16.935452 -29.196339 -17.571943  -2.187308  -1.487337  -11.716463  -20.930614
  15.7033   10.132751  -13.435763  -13.842459 -15.102102  -1.743832   14.14257  16.595804   -9.245489  -26.297853
  15.7375     6.71186  -14.173208  -23.655706 -15.372732   -3.73871  22.510939  24.466852   -2.427738  -25.386744
   2.3089    7.839112   -1.971238   -2.564109  -3.434951   5.448929    9.17276  -4.631145  -14.500425   19.530373
  2.35305   -0.419197   -4.025363    0.256369   6.022349  10.352569  16.948695   4.015196   -6.817562   12.298948
   2.3957   -0.419197   -0.610379    7.436799  14.701905   6.935539   9.881119   -4.59393  -10.800222    4.475487
   4.1653  -10.080021  -11.907555  -10.121799   -33.5682  -41.07713 -52.063576  -37.66085  -17.540272    -1.40222
   4.1656  -19.770645  -18.157532  -37.279713  -47.94214  -73.27791  -55.14562  -44.11972  -31.523727   -2.972174
 15.99275     6.71186  -24.342175  -38.214831 -19.779725 -10.805512  12.788751  27.741028    8.485416   -24.15789
  16.0275     3.29097  -24.342175  -35.180387 -17.204919 -10.805512  11.419183  33.952662    8.485416  -26.630293
   0.9797   -46.89361   -7.708687    2.189925   6.251377  -1.874167 -12.284171 -20.319996  -27.217001  -29.521776
   4.2356  -37.074005  -18.157532  -37.279713  -47.94214  -73.67567  -55.14562 -51.171024  -33.829426   -9.010853
   4.2714  -37.074005   -22.72064  -48.907547  -47.94214  -73.67567  -55.14562 -51.171024  -33.829426   -9.010853
 13.04595   34.587511  -13.003744  -16.174327 -11.793067   3.218636    23.9389  19.836975    1.375954    1.887554
  13.0792   23.621819  -11.877727  -16.174327 -18.523602  -0.190438  19.399462  18.502751   -1.745031   -6.967674
  16.2653   13.677572  -20.746851  -34.166042  -4.980517   3.776883  24.438654  43.401823    8.485416  -26.175225
   1.2356   -17.86861   -4.986434    5.610577   6.251377   7.043396  -5.098962 -11.162388   -9.736581   11.538677
   1.2686  -15.564507   -4.777178    8.436075   7.191948   9.252243   2.322858  -1.351427   -4.723717   11.686028
  1.27155  -12.738453   -2.746221    9.429716  14.209594   8.707196   0.240691  -5.851691   -4.723717   11.686028
   4.5357  -46.745064  -40.680263  -49.727512 -52.251264 -66.820315 -56.687977 -50.544611  -44.270863   -9.010853
 13.30055    9.082462  -22.156194  -18.864515 -20.325316  -0.190438   23.44442  25.118942    4.011605    7.129255
  13.3514   10.667988  -22.191208   -22.19496 -20.959728  -6.623459  19.330809  23.594915    5.576368    7.872992
  14.9367   -8.262617  -13.012094  -19.030006 -21.675722 -21.463757  -0.891291  -3.941932  -17.765385  -17.995652
   1.4719    0.468395   -1.363953    6.786215   7.191948   9.381962   2.322858 -11.298339   -4.723717   15.706755
   1.5081    1.434788    4.375047   11.798775  14.209594   9.317103  -0.544809  -11.77424   -4.994426   13.419138
   1.5439   15.110862    9.002556   13.958689    22.3787  11.400608   2.503322 -11.298339   -6.911271   11.686028
  3.10065  -25.618586  -14.764988  -14.064388 -23.593269 -14.296401 -25.538134 -11.258338   -7.272198   19.568449
  3.11775  -25.618586  -16.037262  -20.961183 -23.971708 -16.672838 -26.784876  -25.84076  -13.533465   19.568449
 13.55485    6.661083  -22.191208  -26.332001 -20.325316  -9.495126  14.499852   6.621392   -6.102681    -6.19198
  13.5908     5.82523  -18.634975  -20.941316 -23.762031  -9.495126  14.499852  15.811509   -3.918109   -1.087713
  15.2089   -4.422902   -6.581576   -11.05284 -17.008215 -15.266346   2.464916  -2.686091  -23.428436   -19.07658
   15.245    -2.42679   -6.581576   -11.05284 -17.008215 -15.266346   2.508484  15.408772  -17.188915  -21.054935
   3.3653   -37.88445  -25.170887    -33.5251 -31.701775 -41.028236 -42.036556 -13.463612  -13.533465   20.371094
   3.3986   -32.55746  -22.704357  -24.148537 -31.701775  -41.07713 -42.036556 -13.463612  -13.533465   20.371094
  12.2453   19.718824    0.105354   24.665106  12.939813   3.823972   9.071128  20.277983   16.676227    6.989874
  12.2453   41.561214    9.753031    32.53641  16.751852   6.829776  13.871061   18.98461    9.954092   -2.072731
  15.4819   10.132751    3.726637   -5.359317 -15.102102  -1.743832  11.403435  16.032164  -11.618307  -25.386744
  15.4997    12.39245   -4.412607   -7.207506 -16.055445  -0.733883   14.43349  17.222755   -9.612478  -26.273263
   0.4872  -57.895966  -43.401756  -40.087906 -32.288006   -48.0011 -36.359737 -60.724625  -61.987885   -52.87407
   0.6714  -23.237049  -26.954174  -26.045205 -23.438162  -41.66878 -34.712468  -45.10858  -51.461521  -50.544548
  0.68945  -23.237049  -26.954174  -26.045205 -12.775561 -28.442423 -27.114456  -32.51444  -41.411906  -51.709309
   3.7999  -25.618586  -23.937622  -30.071207 -38.731639 -59.049045 -53.604598 -44.978265  -25.536102   19.879179
   3.8567  -24.006702  -22.704357  -25.051548   -33.5682  -51.60981 -52.063576  -45.11679  -28.529915   18.765804
  12.4997   41.561214    2.991938   27.211114    23.5705  20.423104  21.797134  23.541754   11.688401    1.879835
  12.5178    40.47447    0.749634   26.891333  21.783981  19.319456  28.916948  24.288973    13.42271    5.832401
   0.7432  -65.840463  -38.073326  -26.045205 -10.434223 -15.403399 -16.482855 -24.134391  -39.611973  -50.531531
   0.9269  -65.840463  -10.506592   -6.641528  -9.130728  -7.611604  -14.95355 -20.088192  -35.528315  -47.173159
   0.9272   -46.89361   -7.708687   -0.743244  -1.578793  -7.115278 -14.312243 -20.319996  -31.178173  -43.015474
  12.8067   38.056131   -3.935989    3.868345   3.544223   3.997342  29.354309   24.99472   15.139582    9.718716
  12.8425   38.056131   -3.935989    3.868345   0.903647   3.646809  29.354309  26.465215   12.249038    9.033664
  14.3918  -14.098444  -21.130449   -19.11794  -24.51408 -22.326393  -6.812938 -10.911296  -16.191775  -22.480932
 14.44445  -17.581343  -21.493321  -22.001114 -30.795477 -23.459435 -10.115217 -11.313538  -17.448338  -21.543893
   0.9879   -46.89361   -7.708687    5.596144   6.828539   1.006686 -10.706696  -19.35116   -24.50548  -29.521776
   1.0161  -31.657804   -6.174434    8.436075   7.191948    6.81057  -9.759614 -15.432135  -16.507717  -19.352768
   1.1994   -17.86861   -4.777178    8.436075    6.46513    1.63764   -9.99361 -18.614128  -16.423834   -7.127013
   2.6006  -22.770335  -14.297443   -4.747734  -8.658905  -8.081998    5.68034  -0.504616    -5.91765    4.771505
   2.6518  -25.705944  -14.793298   -9.527709 -15.177228  -8.997661   1.084084  -3.024422   -6.817562    5.067523
 14.69905  -14.098444  -16.521301  -14.579812 -16.021188 -15.054745  -8.652172 -11.313538  -17.765385  -20.065758
  14.7919  -24.531528  -16.521301   -15.88018 -16.021188 -15.054745  -5.963897    -9.0217  -17.765385  -20.065758
   2.8728  -26.594597   -15.48188  -10.284223 -23.341242 -17.462948 -28.712955  -39.05776  -18.200628   13.287704
   2.8728  -27.230469   -15.48188  -18.006977 -23.341242 -17.462948 -28.712955  -39.05776  -18.200628   13.287704
  11.6811  -16.831345    6.807657   27.505893  26.825869  22.794935   4.692124   36.62964   59.774106    57.18359
  11.7169  -16.831345    6.807657    33.21247  26.217144   27.49774    5.90269   6.059256    22.42534   30.828861
  23.6864   -8.445315  -18.876505   -28.57795  -38.46333  -36.82466 -53.087486 -61.773193   -52.01428   -45.21805
  23.6864  -12.475405  -30.760328   -53.26735 -39.300312  -48.36071 -57.127327 -61.773193   -52.01428  -41.730965
  23.8706  -27.303804  -30.760328  -58.658867 -39.300312 -52.367035  -59.37645   -64.9211   -73.72823   -45.21805
  11.9894   29.986023   11.911937   34.674644  26.217144   6.829776   2.380074  -0.808741   15.222092   22.495789
 12.20955   29.986023   11.911937   33.943557  14.214863   3.823972   8.729772   5.888191   16.676227   13.898992
  13.6078    3.349791  -21.323414   -22.19496 -24.797829  -10.52441   8.889229   9.425167    -3.40086   -9.563108
  1.79815    13.54034    5.899971    4.960195   2.541513   8.772056  11.934816     7.5827   -5.905994   11.111994
   1.7997    7.839112    4.375047    2.774097  -1.195436   6.805539   7.676769   0.976056   -5.905994   11.111994
  12.2617    40.47447    5.490085   28.361681  16.751852   6.829776  13.871061   18.98461   15.222092    5.832401
 13.87985     5.82523  -18.350605  -12.889169 -21.902295 -10.080104   6.913232   2.913728   -5.506673  -15.020724
  13.9158    6.661083  -18.151103  -12.490667 -18.777773 -10.607304   2.490152    1.95214    -6.46897  -15.020724
  0.70735  -26.558263  -26.954174  -26.045205 -10.434223 -15.403399 -19.587936 -25.232176  -39.611973  -51.709309
   2.1235   15.110862    3.550428    2.774097   2.541513   4.072919   7.676769  -4.897169  -14.500425    5.199733
   2.2071   11.969818    3.550428    2.774097   2.541513   4.072919   7.676769  -4.897169  -14.500425    5.199733
  10.9157    56.30489   49.155153    29.22094  12.043667  14.338716  16.004972  30.289307    70.39931    106.0791
  10.9161    53.49341   49.155153   34.342477  20.111113  20.532846  26.690666  39.487927   77.653865   110.15547
  14.1525    3.984291  -18.486475  -16.935452 -29.196339 -17.571943  -2.659912  -1.665525  -11.716463  -20.930614
  14.1707     5.82523  -18.526523  -17.137662 -18.759248  -15.72534   -2.42361  -3.957341  -12.362342   -19.63698
  23.1417   -27.62734  -26.167614  -21.859142 -20.175322  -6.502321   2.706956  -4.020283  -33.201683  -41.730965
  23.1417   -23.59725  -23.861691  -20.461111 -14.391568   -0.07109   4.352579   0.449476  -29.190624  -40.174706
  23.3419     -0.2214  -21.555769  -21.859142 -20.175322  -6.502321   5.998201   4.919234  -25.179565  -41.730965
   2.5283  -11.851833   -2.223032    0.851046  13.771921    3.12019   8.075318  -5.163193  -14.500425    4.158375
  2.52845  -11.851833    -4.15126     0.51312  10.888836   4.284559   8.624039  -4.897169  -10.800222    4.475487
  11.1525    53.49341   40.308827   34.342477  35.848175  26.937917  16.004972  39.487927   77.653865   101.08698
  11.1883   40.333976   34.899174    35.43397  48.762135   37.88712  10.736568    29.6367    70.08792    79.14634
    13.01   36.724537  -11.877727   -2.525668  -4.897607   3.328646  28.916948  25.700468   11.739534    9.057459
  23.3786     -0.2214  -21.555769  -21.859142 -29.572828  -7.232411  -6.725907 -35.531532  -26.772621  -41.730965
  23.4139     -0.2214  -21.555769   -28.57795 -33.830177 -16.436455 -23.535107  -36.13391  -33.201683  -41.730965
  23.4144     -0.2214  -21.555769   -28.57795 -33.830177 -19.478128  -33.11101 -42.847847  -35.635532  -41.730965
  1.02415  -30.607948   -5.475806    9.973776   9.412313   7.043396   -8.95057 -12.250141  -15.384329  -18.293131
  11.4608   19.729397    1.414103   33.231727  52.191047  44.463645  -4.127831  27.405264   67.300187    72.70723
  11.5708    2.500398    6.807657   34.093237  49.057223   39.95682   6.796556   36.62964   63.157694   66.436075
   13.115   13.162291  -13.665439  -14.307295  -7.001523   3.964973  25.123878  20.734354   -0.629921    1.666539
  13.2825   10.667988  -13.908706  -14.307295 -16.584612     2.4723  25.123878  23.594915    2.986006    6.385518
 23.65055     -0.2214  -20.216137  -25.218546 -31.701503 -22.874527 -42.413195  -51.92302  -50.629683  -43.474508
  23.6686   -23.59725   -22.52206  -25.218546 -34.018079 -29.913398 -51.418674 -57.849912  -62.871255  -46.027623
  1.32235   -2.901701   -0.586848    7.611145     6.9321   7.719186  -2.626976 -10.825147   -4.994426   13.419138
   1.3403    0.419513   -1.363953    6.786215   6.672253   8.162149  -1.841476 -10.351955   -4.723717   15.152248
  13.3875   10.667988  -17.275971  -19.687672 -20.959728  -9.283258  16.045002  18.939596   -0.629921    9.009869
  13.4629    9.082462  -18.634975  -26.332001  -20.71116  -9.495126  15.852951  17.280724   -1.745031    7.129255
   1.5604   15.110862    7.282704    13.56644  19.582605  10.391285    2.41309  -11.77424   -8.828117   13.419138
   1.5769   15.110862    8.241491   13.958689    22.3787  11.400608   2.503322 -11.298339   -6.911271   15.152248
  10.3697   58.766385   50.494141   38.614013   8.737314   3.984754 -33.484177 -36.131137   28.855162    63.22542
  10.3878    50.68193   47.828278    18.66693   0.223168  -1.223548 -12.406048   3.674182   39.053665   88.123764
 22.59485 -112.093397   -93.57556  -61.905538 -50.014127 -82.307215 -86.634515 -98.522945 -107.901323  -99.178392
  22.6128 -112.093397   -96.35233    -66.3833  -53.16329  -80.84778  -82.10263  -88.82013  -93.772766   -93.74126
  22.6131 -112.093397   -96.35233    -66.3833  -53.16329 -19.478128   -9.18025  -83.98387   -77.12223   -52.79841