    tempo          80        82.5          85       87.5         90       92.5          95       97.5        100
 11.35875    54.88372  -17.571644    -12.2011  -7.607994   0.725098  -3.282157  -15.921876  -9.444476 -26.692083
  11.3767    54.88372  -16.781967  -12.734856  -6.401737   2.199759  -2.867725  -15.449625  -5.091263 -19.115643
   12.995   24.182835   -9.017067    0.112634  13.071546   8.778933 -18.044518  -11.168808 -11.324026   18.38418
 13.01305   24.182835   -7.265658     0.61492  15.832439  14.794163 -11.069629    1.490259  -7.205953   18.38418
  13.0311   24.182835   -5.326637    0.719201   15.06303  15.434707   0.114798   22.272915    1.18474   18.38418
 10.05265   -13.53854   -34.71727  -20.525937  -5.061114   8.670934  -3.219233  -12.223095 -35.151269 -48.412178
  10.0703   -13.53854  -33.472385  -19.352966   -3.77575   9.982321  -3.538114  -16.783707 -27.617252  -45.53508
 13.13335   29.600116   -4.567154    8.660143   17.11915  21.242881  13.291052   35.245215  -5.069643 -11.154193
  10.2739  -18.362143  -32.833546  -19.352966  -3.539796   8.210835   1.327219  -15.290819  -26.03957 -38.961704
  10.2918  -18.362143  -31.943981  -18.919867   -2.21219   8.295195   1.578951  -16.037263 -26.168232 -38.695967
  10.3097   -13.53854  -31.054417   -18.58123  -1.409733   9.982321   2.673059  -15.290819  -26.03957  -38.43023
  11.8925   23.654969  -16.986185   -3.495255  -2.161687   2.474691   0.528182  -16.394127 -21.756435 -22.450261
  10.4178    -7.35142  -28.615696   -18.58123  -1.697173   7.744317   1.327219   -17.40107 -26.797623  -37.15046
 10.46585   -3.891331  -28.001938   -17.12224  -1.553453   7.977576  -3.288172  -18.155881 -35.151269  -34.81375
  10.5318   -7.358555  -28.881034  -18.917984  -4.527089   3.145643  -8.151354  -20.389854 -37.142585 -37.717587
 12.08445     8.25127  -15.132251   -0.579605   1.563627 -19.628548  -34.67022  -36.424053 -37.728577 -14.682011
  12.1683     8.25127   -18.36132   -1.556851   1.795484  -24.81777   -39.9813  -46.115997 -46.552702 -20.307707
  12.1865     8.25127  -21.661217   -4.438254  -0.334625 -28.267661 -48.253879  -51.475887 -47.201426 -24.671234
  12.2403     8.25127    -37.1145  -10.561601 -17.323881 -30.547016 -44.617493   -38.74318 -37.728577 -10.911833
  12.4442    19.69369    -36.8392   -9.859853 -16.518702 -28.312302  -35.93545  -31.224033 -23.999062    0.25433
    12.48   24.182835   -26.33625   -6.514238  -7.394747 -22.392376 -27.126814  -26.660728 -20.113703    6.32127
    9.315  -32.199421  -57.587828   -51.99538 -19.724512 -10.703432  -11.98375  -29.711619 -50.630305 -67.804095
   9.4467   -43.89395  -58.897182   -51.99538  -15.48043   -7.18544 -10.542399  -28.682572 -49.654457 -62.656635
  9.48305  -41.836052   -55.08355  -46.468983 -13.340902  -6.805578  -9.328342  -28.845024 -46.200943  -62.38051
  12.9589   24.182835   -21.55004     -5.6529   6.905875  -9.768669 -27.126814  -23.886234 -11.324026  24.390821
   9.7586  -43.771267   -48.70032   -32.08535  -6.442837    4.59835   1.830683  -17.141486  -40.42679   -58.5614
   9.7944  -32.076739  -44.160843  -29.810133  -5.956469    4.59835   1.830683  -17.141486 -40.924035 -56.721069
  9.96205   -10.81151  -41.222732  -28.581191  -5.789467   2.099394   3.353611  -11.457209 -35.714066 -53.540805
  11.3769   33.956635    -15.7022   -7.141079  -4.437067   8.286459   2.604102   -9.199734  -2.542714 -20.307707
  11.4131    54.88372  -13.711719   -5.961547  -2.161687   8.286459   0.528182  -13.647612  -5.091263 -16.973088
  10.0706   -13.53854  -32.434452  -19.577063  -5.136097   8.210835  -3.538114  -17.074728 -27.611181  -39.15394
  10.1061   -12.18216  -32.434452  -19.352966  -4.986132   8.210835  -2.900351  -15.290819 -26.296894  -39.15394
  11.4671    54.88372  -13.495018   -5.729285  -1.565574   2.337225  -1.718654  -15.921876  -9.444476  -18.75247
  11.5689   33.956635  -16.274368   -7.123286  -4.705415  -4.537853  -6.489714  -15.921876  -9.444476 -15.193707
 11.67095   32.966427  -16.274368   -7.123286  -4.864184  -7.039032 -16.949808  -15.921876  -6.615253 -10.911833
   8.6561  -30.544106  -13.748587  -18.249125  -3.327468 -10.902374  -4.809116    -6.17367 -34.959393 -54.083611
   8.6917  -31.918955  -13.484822  -18.686342  -5.272205  -9.425583   -4.36525   -6.601988  -32.59175 -54.391747
  11.9107   18.274173  -16.884076   -0.579605   1.498788  -0.962528   4.053184  -16.205338  -21.55006 -21.862944
  11.9465   18.274173  -15.030142   -0.579605  -0.334625 -13.280555   1.566142   -28.94238 -25.335224 -21.862944
 11.98265     8.25127  -15.030142   -2.526053   1.498788 -19.593385 -25.088197  -31.253709  -33.26817 -14.058433
  20.7582  -25.628493   -7.727459    9.432472    7.98583 -35.072105 -45.527283  -17.386467  13.195394  41.324254
  8.98555  -30.544106  -45.818352   -32.11114 -13.153379 -12.199433 -14.969827  -33.865612 -47.731115  -69.51735
  9.02125  -31.918955    -48.6264  -35.669207  -15.46388 -12.010845 -13.681371  -33.865612 -48.899593 -68.527225
    9.159  -37.000186  -51.552702  -39.376725 -19.672517 -12.580923 -14.969827  -33.865612 -50.630305  -71.26327
  10.5497   -3.891331  -28.615696   -15.66325  -7.704763   0.386287 -14.335005   -20.56762  -37.98033 -38.284714
   9.2614   -43.89395  -55.272718   -43.01381 -10.945083  -9.095671 -13.276331   -35.54939 -57.230976 -77.091962
  9.27905  -42.081417  -56.417816  -45.209616  -15.46388  -11.32668 -15.739412  -39.670845 -55.158345  -74.38361
   9.2794  -32.199421  -57.587828   -51.99538 -18.068924 -12.084209 -16.605284  -35.226045 -54.909798  -71.43843
  10.6936   24.388266  -24.677057   -10.69664  -5.278427  -4.933762 -21.143497  -21.267578  -37.98033  -39.15394
 10.87975   26.078112  -24.998767    -12.2011  -7.042355  -5.350606  -17.41399  -20.389854 -26.547259 -36.625773
  10.9157   45.964281  -26.934343  -16.397775  -9.007246  -5.350606  -17.41399  -20.389854 -29.939529 -36.625773
  11.2094    68.30623  -24.677057   -15.66325  -9.200241  -4.675959 -16.556026   -20.56762 -23.586967 -38.284714
  11.3044    65.81174  -24.677057   -15.66325  -9.200241   -5.76745  -9.282839  -16.394127  -9.840584 -31.969303
  11.3408    63.31725  -16.781967  -13.493685  -9.200241  -4.399747  -4.278631  -16.394127  -9.444476  -26.92591
 19.85125   -75.78116  -28.689628  -10.484379 -16.872152 -39.195854 -42.478313  -17.386467   5.026493   3.983097
  19.8514  -67.548638  -24.192482   -9.633645 -16.009493 -37.829607  -41.24647  -15.955112  10.990322  11.253329
   8.2122     -8.5254   -8.974195   -5.676234   0.135588  -4.658434  -1.358047   -4.318339 -22.772756 -31.608342
   8.2654     -8.5254  -15.207638  -11.595332  -5.070791  -7.265027   0.802253    0.810761 -18.691842 -33.216485
   8.3675     -8.5254  -11.343668  -13.763995  -5.070791  -7.265027   0.802253    0.810761 -23.253114 -51.418999
  11.4311    54.88372  -13.495018   -5.729285  -1.565574   2.672912  -1.718654  -15.921876  -9.444476  -18.75247
   8.4161  -18.952223  -13.748587  -13.763995  -1.216421  -6.581262   1.007365   -2.714502 -26.443293 -54.455982
   8.4519  -29.169258  -14.478112  -17.511229  -3.126053  -8.804498  -1.358047   -6.047924 -34.959393 -54.455982
   8.4703  -18.952223  -13.748587  -17.661569  -7.956241 -10.785378  -5.696748   -8.453366 -36.539315 -54.375131
 10.14235  -18.362143  -33.654563  -19.305734  -3.251479   8.295195  -0.786566  -12.894497 -24.026742 -38.695967
 10.19015  -18.362143  -32.633999  -19.305734  -3.657773   6.612551  -3.219233  -14.182236 -24.038948 -37.790345
  8.74485  -31.918955   -23.40363  -27.350164  -9.777484 -16.045807  -12.38879  -12.391498 -42.027668 -54.423865
  8.78125  -37.000186   -27.29528  -28.743223 -17.495153 -21.051669 -13.807412  -23.985695 -42.313001 -54.455982
  10.3279   -10.82578  -30.100395  -16.257972  -1.553453   8.295195   2.251871  -16.037263 -26.957073 -37.790345
  10.3464   -10.81151  -29.146372   -15.66325  -2.727207   7.744317   1.327219  -16.783707 -26.296894  -37.15046
  19.2642  -23.291252  -27.954517  -22.905231  -5.510918   0.557894  -6.807173    0.901582   5.313231   1.270422
   7.4561   -133.4669 -306.080815 -364.315385  -274.2026 -166.86246 -168.10205    -88.5288 -204.69562    -129.84
  10.5856   -3.613759  -28.615696   -10.69664   -3.77575  -4.933762 -18.451376   -24.09644  -38.81073  -40.20888
  10.5857     0.94837  -26.320585   -9.088122  -3.657773  -4.041377 -17.503701  -24.869841 -39.080793  -39.68141
  19.5397   -52.64199  -47.134262  -22.905231  -15.06357 -19.939507 -27.688475  -34.560776 -13.881232  -2.174311
  19.5756  -59.316116  -51.571888  -26.607022 -15.536531 -23.686266 -30.584913  -41.121403 -16.783305    -8.1446
   7.6421   -133.4669 -306.080815 -364.315385 -15.194977  -5.228025  -8.439822  -29.890424 -70.951105 -65.490895
   7.6961  -70.643956   -53.27406   -45.87483 -16.144367 -10.668382 -13.842568   -21.17563 -69.658105   -66.0032
   7.9896   -8.315611  -39.882798  -41.813887 -14.642627 -11.063796  -8.559981  -19.837466 -57.330085 -65.490895
   9.3147  -42.081417  -57.373745   -51.59504 -19.724512 -11.937482 -15.821794  -32.987907  -52.06508  -69.64185
  19.8153   -75.78116   -52.90908  -30.308813  -17.73481 -33.099086 -45.222215  -39.105005  -8.425389  -19.71335
   9.5186  -43.771267  -52.587215  -45.209616 -16.758127  -7.336674   -7.07774  -28.520119 -43.937973  -62.38051
   9.5906  -22.317425  -49.434631   -41.37098 -10.013798  -5.779283   -5.02464  -25.663112 -41.785725  -59.04362
   9.7225  -32.076739  -49.337082   -36.34173  -9.188093  -2.259842  -3.538114  -21.941711 -41.785725  -59.04362
 21.15945  233.160153   40.800459   32.107334  28.711785 -22.591324 -58.775225  -39.862004   2.775342   43.96924
  18.5086   -8.768136   -24.00682   -21.07291  -1.397582  -4.493977 -11.520169   -3.933883    4.59324   1.270422
  18.6419  -14.818834  -27.954517   -21.62833  -5.125622  -8.645325 -12.872518   -5.744139  -2.844231   0.845583
  18.9172  -13.178113   -24.00682  -20.012835  -5.125622  -8.645325 -17.692894   -7.738995  -6.732307   1.270422
  18.9175  -15.245649  -27.954517  -22.905231  -5.510918 -12.146064 -18.510492   -7.738995  -6.732307   1.661466
  20.3675   -20.68715  -11.112022   -3.417882 -10.621861 -33.014322  -32.43917  -12.847519  20.735634  38.679268
 20.46975  -25.628493  -10.206422     5.96067    1.04211 -33.014322  -32.43917  -12.847519   47.04506  59.942383
   8.9317  -37.000186  -45.528107  -28.760835  -15.44733 -12.314657 -12.793829  -28.682572 -42.756073 -60.511658
   8.9672  -31.918955  -45.818352  -28.893517 -10.859428 -12.084209  -11.98375  -29.091513 -44.738224  -65.96634
  19.2643  -23.291252  -32.438669  -21.459033  -7.285561   0.993461  -3.874584   -2.208702   8.125447  -1.409833
  20.8472  -30.569836   -9.300823    2.038012  -6.651495 -30.948357 -55.286406  -21.964523   8.798736   43.96924
   9.2072  -37.000186  -50.371647   -36.67608 -19.509876 -11.937482  -11.98375  -32.987907  -51.15557  -71.43843
   9.2079  -37.000186  -50.830662  -38.670335   -18.7894  -11.32668 -13.276331  -33.865612 -51.610325 -72.253395
   9.2086  -37.000186  -51.289677   -40.66459 -18.068924 -10.715878  -11.98375  -34.384156  -52.06508  -73.06836
  17.8685    2.659115  -18.830421  -23.544713   -1.08816  16.003683  12.644794   -2.221464  -0.272411  -9.876134
  17.8864    4.328393  -18.272163  -22.381914   -0.99051  16.512215   9.291952  -12.932797  -2.749223 -12.846718
  21.1233  -18.771099   -6.154096    8.981617   7.235946 -52.937416 -58.775225  -34.508567  -5.455123  33.709736
  21.1233   -6.972363   -2.423043   11.285179  11.385749 -41.942887  -58.15623   -35.03408 -12.058853  38.839488
   6.0957         NaN         NaN   45.146906 -77.123374 -31.352409 -53.205348   -9.443418  66.330365  48.663978
   6.1136         NaN         NaN   50.597748 -77.749084  -38.06893 -55.136757  -10.471355   71.19882  47.801353
   6.3172         NaN         NaN         NaN -77.749084 -46.005745 -77.011406  -82.711075 -55.733994  32.317528
   9.3147  -42.081417  -57.373745   -51.59504 -21.108325  -11.32668 -15.739412  -32.110203 -51.610325 -67.804095
  18.1261    0.652807   -19.38868   -21.62833  -1.397582   9.727888   5.517384   -5.744139  -2.749223   -6.90555
 18.16205   -0.715736  -18.830421   -21.35062  -5.361898   6.779557  -3.947605   -5.173655   3.121485  -5.603063
  19.8153  -109.02115  -56.876795  -32.805328 -22.848436  -36.46336  -43.82168  -37.287975  -0.317323   -31.2821
 19.81585  -142.26114  -56.876795   -35.53314  -25.61657 -41.312065 -47.796917  -40.922035  -2.969546   -31.2821
   6.3533         NaN         NaN         NaN -76.497665  -38.06893  -72.25884   -89.75855  -72.55359   6.442535
  8.19415   -8.315611  -15.207638  -11.592131  -2.010564  -4.658434  -4.061176   -4.318339  -19.10222 -25.644818
   8.2122     -8.5254  -12.090916   -5.679435  -2.924639  -7.948791  -3.313235   -2.714502  -19.10222 -26.426483
  18.4375   -0.715736   -24.00682   -21.07291  -1.397582  -1.480603 -11.903634   -4.603171  -2.844231   -5.40414
  18.4725    0.652807   -24.00682   -21.07291  -3.466826  -4.493977 -11.903634   -3.933883   2.204402   0.845583
     19.9   -75.78116  -43.047928  -16.121648   -12.7999 -41.312065  -43.82168  -17.386467  -0.317323   3.983097
  19.9668   -75.78116  -53.420913  -28.086453 -14.492121 -43.395023 -45.527283  -37.287975  -0.317323   34.05114
   6.3894         NaN         NaN         NaN     -65.02 -34.318024  -57.46266  -92.371994  -81.31612  -18.40902
  6.49125         NaN         NaN         NaN -63.344778 -29.476956 -56.299709 -111.386332 -128.39695 -118.73382
   8.4158   -8.735188  -12.546128  -17.511229  -7.216942  -6.581262   1.007365    4.336023 -24.335814 -53.775475
   8.4161  -18.952223  -13.748587  -13.763995  -2.924639  -1.368077   1.060131    4.336023 -24.335814  -54.29428
   8.4161  -18.952223  -13.748587  -13.763995   0.135588  -3.974669   1.033748    0.810761 -25.389553 -54.375131
 16.95665  -26.235527  -31.105084  -27.904149 -17.611525  -8.781829 -23.473206  -32.571676 -56.399358  -47.89002
  20.0918  -44.942976  -42.052351  -19.299162 -13.291309 -43.395023 -47.796917  -17.386467   5.026493  36.364098
  20.2118  -30.569836  -18.152593   -6.965552   -12.7999 -41.312065   -46.6621  -13.685638  20.303695  38.368209
 17.35235  -13.357204  -17.270352  -24.438019  -7.391499   6.532463   8.200545  -27.431455 -43.230285  -27.82338
  17.4903  -16.246686  -16.487592  -24.438019 -11.895992  12.761336   8.200545  -23.402985 -31.374246 -26.609479
   5.5617         NaN         NaN   39.696064  29.256866  37.304283  35.472794    48.73722   61.46191   76.09914
   5.5796         NaN         NaN   39.696064  26.127092  32.607639  29.339295   41.017654  69.651685  68.612025
   5.5975         NaN         NaN   39.696064  22.997318  27.910995  23.205797   33.298088   77.84146  75.824036
  17.6461  -20.973554   -19.38868  -24.707512  -9.508755   15.49515  10.330332  -14.721528 -22.134523 -16.300423
 17.74835   -2.084279  -20.671112  -26.489461  -8.224242  16.003683  12.360046  -14.696015 -14.302776  -14.57357
  19.2644  -26.687081  -46.408943  -22.905231  -9.060204   0.557894  -6.807173   -5.318985   5.313231  -4.481132
     19.3   -30.08291  -32.438669  -21.459033  -7.285561  -4.043716  -9.875134    -6.79634   8.125447   2.822282
 17.90405    2.659115  -18.830421  -21.740737  -0.593696  15.455928   8.979362    -1.29645  -0.272411  -14.57357
 19.66015   -75.78116  -52.831668  -31.178107 -15.536531 -28.771167 -35.474214  -43.915175 -17.480571   -31.2821
  19.7803  -67.548638   -51.73059  -30.308813 -16.009493 -31.671019 -40.014626   -39.32862 -16.194326    -8.1446
  16.6986  -26.289802  -35.729429  -29.193921 -16.604349 -28.246491 -44.567517  -55.926927  -65.53291 -73.340887
  16.8183  -23.994892  -24.791664  -27.536888 -17.165253  -23.00578 -41.395958  -51.328255   -67.0473  -71.43176
  19.8167  -109.02115   -52.90908  -22.609652 -20.223969 -42.353544 -44.674481  -30.794479  -1.643435  -5.159455
   4.7697         NaN         NaN    17.89162  32.731865  37.046757  -8.169582   -8.601518  -2.362152  -16.13842
  16.8364  -25.115209  -29.617187  -27.904149 -16.604349 -23.005599 -36.478116  -50.707652 -61.321949 -60.534737
  18.4728   -0.715736  -25.107925   -21.35062  -2.432204   -2.98729  -9.163671   -1.143091   3.398821   1.058002