    tempo         80       82.5         85       87.5         90       92.5         95       97.5        100
   4.8719 -29.906177 -20.218184 -30.615346 -30.610062 -23.558279 -20.194277 -17.070425   1.169693  -20.04684
   4.8997 -46.428245  -3.684944 -32.691692 -30.263578 -19.363514 -10.279211 -15.473727   1.169693  -9.529343
   4.9078  -35.96229   1.105085 -18.280909 -17.132046 -19.363514 -10.279211 -15.473727   1.169693  -9.529343
  16.9558  -5.910987 -19.511907 -29.293851 -28.107864 -16.660079  -1.929976  -5.292659  -9.091075 -41.566834
  18.6097  -8.256582 -15.760941  -23.37196  -3.174726  11.164681    6.83163 -16.061777 -53.279465 -50.603436
  18.8483  -8.721632 -15.760941  -23.37196  -0.717991  30.530785    9.97488  -7.922135 -35.006916 -22.545391
   4.9081  -35.96229  19.717808 -18.280909 -30.263578 -27.753044  -23.25705 -18.667122   1.169693   3.530884
  15.5758  -58.48847 -32.246859 -27.814049 -22.210335 -19.902561  -5.430086   -5.41968 -17.184124 -39.964302
  15.6118 -60.165874  -32.65613 -30.216324 -30.912033 -20.681047  -0.579961   1.469698 -14.984883 -40.564636
   3.7843  -34.62072 -52.741606 -52.505325 -48.978223 -41.015013 -39.787916 -49.690014 -45.852615 -17.885456
  3.80235  -17.03411 -56.626406 -54.214104 -45.153822 -37.137619  -38.00288 -29.679953 -45.852615 -25.427715
   3.8382  23.159008 -54.904896 -54.214104 -40.377583 -26.976101 -35.577326 -41.800415 -57.708876 -26.105857
  15.8506  -34.84196 -40.052124 -32.770485 -35.641808 -22.164173   2.067606   4.680124 -14.730565 -39.964302
 15.86845  -34.84196 -40.207567 -32.066927 -34.304781 -20.733874   2.457093   4.919148 -14.198591 -40.564636
  17.5319  -2.988717  -8.730734 -23.159107 -24.381487  -0.636884  11.222213 -19.144678 -17.570953  -9.906021
   4.0408 -13.295486 -62.005983 -54.214104   -38.5927 -26.976101 -33.396919 -30.827841 -55.564487 -25.786478
  4.05875 -19.155811 -64.682122 -57.838003 -40.377583 -27.999126 -35.577326 -42.948302 -56.831484 -26.105857
   4.0767 -26.888265 -70.837217 -61.586268 -41.717308 -29.198079 -37.184928 -56.293468 -58.975872 -30.327163
  15.9772   -25.7271 -37.935467 -36.712185  -36.19992  -18.60541   2.932885   8.685813 -12.051303 -34.075424
  16.1247 -28.578566 -37.654978  -39.15221 -37.184624 -18.928711   2.889733   6.682969  -12.85896 -33.815592
  17.5683   0.792904  -8.730734  -20.67065 -24.381487 -15.472766  10.401226   -4.05901 -10.133938  -9.906021
  17.7786   1.652254  -8.730734  -20.67065 -26.146261 -15.472766  11.222213     7.0058   -4.83805  -4.330534
   4.1319   4.931761 -57.654587 -52.870018 -41.131256 -27.131577   -25.8241  -28.51907 -27.581453 -24.972843
   4.2593  23.159008 -39.718539 -46.566898 -34.425395 -21.545297 -23.661461 -28.683848 -36.717034 -16.317139
   4.3329  16.533066 -20.218184 -31.284465 -30.806362 -19.329742 -21.363903 -28.897978 -55.564487 -23.514906
  17.8147 -27.831108 -17.130507  -20.67065 -26.336138 -21.013712   6.140404  10.499105 -12.649527  -9.906021
  18.0531 -27.831108 -22.138376 -23.842262 -22.667192 -18.818323  -1.420828  -17.82338 -33.893505 -20.732689
    3.035   8.713427 -17.364069  -21.34522  -30.49552 -37.078163 -41.238686  -24.54821 -20.610643 -28.071976
 14.99485 -52.286621  -22.35261 -22.109703 -20.994512 -24.015535  -22.01195 -20.898633   -23.9609  -31.53961
 15.07305 -45.549747 -22.842302 -23.536631 -18.583489 -24.395024  -22.01195 -20.052222   -23.9609 -35.953937
  3.18975   8.713427  -8.646545 -15.589723 -25.789236 -16.173942 -27.381093 -24.064658 -23.874222 -26.749845
   3.2635   3.593105 -20.745151 -27.165985 -39.387836 -36.128856 -34.268435 -27.210584  -35.83988 -28.620275
   3.3175   0.552501 -24.551123  -38.88786  -41.40316 -43.075638 -41.740593 -37.737766  -45.28264 -31.502892
  15.3293 -44.239563 -22.842302 -24.709373 -18.551749 -24.015535 -11.951468  -8.698537 -14.815416 -34.216637
  15.3653 -46.859932 -31.491549  -28.02996 -22.414206 -24.015535 -10.292777  -6.670042 -14.436321  -34.14603
  16.9558  -2.988717  -19.28997 -23.159107 -18.544952 -19.496681 -15.614159 -15.839354 -17.570953 -45.027737
  16.9836   3.322539 -16.618623 -24.882465 -23.318361 -17.105714 -16.576962 -11.223592 -14.125364 -30.234825
   3.4083  -37.54475 -42.448956  -51.12928 -54.917305  -49.59217 -41.740593 -49.690014 -51.886937 -28.620275
  3.55595  -37.54475 -44.875616 -51.634957 -55.277685 -49.943168 -44.960773 -60.308853 -61.052052 -31.502892
   3.6285 -36.082735 -44.875616 -51.634957 -55.277685  -48.39361 -44.960773 -60.308853 -61.294387 -32.000864
   4.9178  -35.96229  17.132703 -15.410222 -23.697812 -23.985186 -25.524292 -20.059756   -8.17569   -2.99923
   4.9275  -35.96229  12.588017 -12.539534 -17.132046 -28.606857 -27.791534 -21.452389 -17.521072  -9.529343
  15.6119  -58.48847 -34.915893 -30.944445 -30.991013 -22.028822   2.067606   2.681313 -14.730565 -39.964302
  17.2578   6.711524   -7.75941    -21.664 -18.544952  -8.457782  10.371948   -4.05901   -4.83805 -19.752165
  17.2939   6.711524   -7.75941  -20.67065 -16.958704  -3.083917  11.222213  -5.275714 -17.570953 -19.752165
   3.8383   0.552501 -51.020096 -52.140633  -37.56149 -27.131577 -34.776634 -31.975729 -57.708876 -26.105857
  5.22805        NaN  58.095233 -23.368497  -92.37006 -108.13401  -79.02085 -15.272232  35.892366  28.777862
   5.2461        NaN    83.7966 -12.539534  -96.63412 -113.42824  -79.18606 -11.877342   42.65483  39.322502
   5.3472        NaN  236.76865  86.413928 -40.293584 -98.337975  -79.02085  -0.549376   43.97105  28.777862
 14.19885 -30.456495  -8.549233  -17.32288 -13.274897  -8.516569  -5.413416   6.936641    5.92842    1.33991
  14.2597 -29.459911  -6.628547   -16.5801 -12.327856  -3.564379  -4.565111   6.090765  -0.111209  -2.077928
  17.5322  -0.066446  -3.544694  -20.67065 -17.967426   4.015248  11.222213 -19.144678 -10.133938  -4.330534
    17.55  -2.988717 -10.069085 -21.914879 -21.174456   1.689182  12.518822  -4.667362 -11.391732 -14.829093
   2.4861   37.68204  21.690485  19.114037    0.63314     -12.43 -21.595928 -14.217768   8.923375  28.427338
   2.4864  25.315128   8.856092   8.717339    0.63314     -12.43 -21.595928 -16.289356   8.923375  28.427338
   2.5222  24.241933   6.936144   2.204028    0.63314     -12.43 -21.595928 -14.217768  11.094633  27.302884
   5.5025        NaN  58.095233 -23.368497 -98.619415 -132.19513 -85.293242 -22.428857  27.851896  49.018311
  14.5342 -25.557561  -9.474904   -16.5801 -13.330692  -7.655399  -8.264364   4.860938 -13.226477 -28.502524
    14.57 -25.557561 -13.440586 -17.810608 -14.279032  -9.826118 -10.025235   4.860938 -14.142076 -17.389649
  16.1247 -31.710263 -40.052124 -40.434917 -37.538372 -19.333271   2.067606   4.331293 -13.666617 -35.230038
  16.1606  -34.84196  -40.36301  -43.20583 -41.179665 -20.323683  -0.473577   4.331293 -17.184124 -39.964302
   2.8058  13.731722  13.547095   5.460684   0.797064  -4.110507 -25.804516 -21.043396  -0.696038  -8.339112
   2.8506  14.602253   8.856092   0.869151  -1.225946  -7.282684  -26.95236 -21.851739 -15.474802 -28.071976
   2.9289  14.602253   3.980992  -1.293487  -1.491265  -9.856342 -27.381093 -22.660082 -20.610643 -22.893149
  14.8444 -25.557561 -22.597456  -20.63912 -18.450817  -9.826118 -13.342618  -7.920405 -14.142076  -23.48543
 14.85805 -32.689158 -22.842302 -21.497779 -18.583489 -12.715587 -13.934705  -9.568423 -14.409161 -18.970314
  16.2517 -27.372135 -23.636387 -40.434917 -41.179665 -23.401741 -15.614159   3.840233  -4.324306  -23.31483
  16.4625 -22.875633 -29.210604  -43.20583 -41.179665 -20.323683 -15.144112   4.680124   2.278004  -23.31483
    3.035    5.96331 -20.745151  -22.93889 -37.954092 -41.451893 -40.956646 -21.853822 -27.531692 -28.620275
  3.06635  10.706209 -20.745151 -27.165985 -39.387836 -36.128856 -34.268435 -24.644713  -35.83988 -30.061583
  3.07095  13.650622  -12.34641 -22.049079 -37.954092 -23.804775 -27.836046 -24.644713  -34.45274 -28.620275
   4.7804 -23.850063  -24.22715 -34.971506 -31.122923 -18.746306 -24.161615 -20.059756 -22.304674 -22.056969
   4.8358 -23.850063 -21.810497  -34.02993 -30.956545 -19.363514 -25.066181 -21.452389 -19.912873 -23.514906
   4.8717 -23.850063 -21.782492 -32.691692  -30.65618 -19.363514  -23.25705 -21.452389 -19.912873 -23.514906
  13.4644 -20.838251 -12.161561  -8.399382   -7.62565  -3.626816  -1.715467   8.416016  13.321493  -2.712402
 16.75485 -25.123884 -20.620458 -43.486908 -36.618341 -20.797538  -9.500267  -0.559287  -5.913341 -37.973761
 16.86445  -14.39331 -19.511907 -31.659004 -29.394326 -16.660079   0.061403  -0.559287  -5.913341 -41.566834
  1.55085  11.905082   9.671055   8.216091  -3.137954  -4.942714 -11.152763  -2.198509   7.254425    9.38829
    1.655  14.262798   9.032868   8.190906   2.137128   0.699056  -9.798063  -2.110782   7.252861   1.051994
   4.9078  -35.96229  10.411447 -15.410222 -23.697812 -23.558279 -16.267975 -17.070425   -8.17569   -2.99923
   4.9078  -35.96229  19.717808 -18.280909 -30.263578 -27.753044  -22.25674 -18.667122   1.169693   3.530884
  13.7386 -29.579243  -3.688117  -3.943682  -3.439322   1.103617  -3.140289  -1.213663  -8.866269  -12.43292
  13.7747 -30.456495  -2.285922  -0.033816  -1.286379    2.74977  -3.140289  -2.489846 -15.466354 -22.322304
  1.73125   16.29113   8.947274   5.197467  -0.527953  -8.974706 -13.900339  -5.546806   5.762191    9.38829
  1.79865  26.949223  14.291199  12.241522  -0.561722  -9.793456 -13.900339  -9.278282   4.271522  13.428856
    1.965  36.244169  20.680635  15.765705  -1.225946 -17.836912 -13.984122 -13.918568   5.762191  15.531265
  14.0489 -30.456495  -9.300327   -9.29377  -7.528647  -7.655399  -3.375679   6.813942   9.076109   0.199786
  14.0758 -30.456495 -10.769417 -14.463258 -13.136559  -7.655399  -1.715467   9.964453  12.343508   3.986035
  15.6397 -61.843277 -38.993796  -31.11522 -33.175415 -22.164173  -5.430086   2.681313 -11.564309 -34.075424
  15.6675 -46.859932 -40.052124 -31.363369 -35.434147 -22.164173   2.067606   4.680124 -12.051303 -37.273422
   2.0908   37.68204  18.204153   8.717339  -1.756584  -7.282684 -13.816556 -19.159433   5.762191  13.428856
   2.2218   37.68204   21.18556  16.737728  -0.296403  -5.068631  -11.12361 -15.253562   5.762191  17.633673
   2.2758  36.244169  26.978027  19.114037   5.234026  -0.938329  -8.430663 -14.217768   7.252861  29.688515
  15.8864 -31.710263  -40.36301 -32.770485 -35.434147 -19.252012   2.932885   8.685813 -13.666617  -41.16497
  15.9414 -31.710263 -40.052124  -35.85072 -33.925785  -14.51178    7.48603  12.125664  -11.21953 -39.964302
   4.0767 -26.888265 -70.837217 -63.225635  -43.07497  -30.89492 -37.184928 -56.293468 -58.975872 -30.327163
   4.0946 -26.888265 -70.837217 -63.225635 -45.153822  -30.89492 -37.184928 -56.293468 -58.975872 -30.327163
  13.0322 -26.062508 -20.324276 -20.625282 -21.353846 -15.402556  -6.405539  -5.456349 -14.103046 -21.126549
  13.0686  -24.37879  -21.44873 -20.625282 -14.616652  -9.358767  -2.805611  -2.238926  -0.608458  -16.38071
  16.1606 -31.710263 -40.207567 -43.486908 -41.328012 -22.149326  -4.328807   4.075703 -12.173196  -37.59717
   1.2056   4.745244   4.933528   2.776506  -6.291139 -17.283834 -22.177603 -21.114048 -10.754991 -24.242797
   1.2056    7.01834   8.861679   6.610858  -5.081424 -20.457134 -22.177603 -17.408852  -8.380291 -23.859066
  1.24085   7.235376   8.947274   5.483706  -5.686281 -20.583717 -22.639025 -17.543586  -5.540976 -23.859066
  13.2536 -11.359636 -17.334751 -13.359179  -9.255463  -3.626816  -2.805611  -9.872124 -10.064318 -21.126549
  13.3086  -7.521811 -16.368338 -11.940855   -8.76001  -3.472534    1.97985  -5.872883  -7.668221 -20.650076
 14.88945 -35.918404 -22.842302 -21.497779 -18.583489 -16.494378 -15.602895 -13.818423 -15.123714 -29.004503
  14.9072 -36.444775 -23.453711 -22.609821 -18.514297 -13.086195 -16.620779 -18.634655 -18.564432 -30.362797
   1.4078   7.886907   7.626086  -3.972883  -8.965163 -20.457134 -23.100447 -13.918568  -4.422061 -11.403536
   1.4436   8.693427   9.032868   2.776506  -5.081424 -17.283834 -22.177603 -10.016146  -0.249239   1.051994
   1.4797  11.905082   9.981833   8.216091  -3.137954  -8.974706 -18.910545  -5.546806   0.162318   1.051994
   3.0711  12.698991  -7.328752  -21.34522 -37.178547 -24.945662 -27.809826  -24.54821  -29.24711 -28.346125
   3.0846  12.698991  -4.759284 -14.593488 -25.789236 -18.687831 -27.381093 -24.064658 -24.041481 -28.071976
  13.4914  -23.45038 -10.034872  -9.100608   -8.19283   1.180758   0.970613  11.039286  16.472216   0.661498
  13.4914  -23.45038  -9.300327 -11.940855   -8.76001  -3.472534  -0.038625   8.416016  14.123709   3.243478
  15.1458 -46.859932 -30.103841 -22.609821 -14.574446  -23.66882 -20.807673 -18.634655  -15.34716 -34.634453
  15.1817 -46.859932 -30.888077  -24.46344 -18.514297  -23.66882 -14.526793  -9.660177 -14.900267 -34.216637
    1.655   17.65835  10.409893   8.241276   5.234026   0.699056  -9.798063  -2.081509    3.94898 -11.403536
   1.6906   16.29113  10.409893   8.241276   4.515572  -2.854579 -10.158365  -2.286237   4.271522   5.220142
  3.32695  -22.41144 -37.799104 -47.663193 -51.647987 -44.487063 -38.969965 -37.589466 -41.629805 -31.502892
   3.3364  -22.41144 -39.196823 -48.807625  -51.80059 -43.075638 -36.378017 -37.737766  -45.28264 -31.917782
  12.1475  -76.05797 -22.056367  -7.286226   5.664076   5.084353  27.760677  35.608749  16.360626 -20.856103
  15.4206 -52.286621 -32.721599 -30.022375 -26.534882 -22.134478 -10.560318  -9.476669 -14.900267 -32.401146
  15.4564 -52.286621 -32.797728 -30.144028 -29.967056 -22.028822  -6.549319  -7.920405 -15.069499 -34.216637
   3.6464 -36.082735 -47.302277 -52.140633 -55.638065  -49.59217 -44.664406 -59.487457 -59.853264 -31.502892
   3.7664  -17.03411 -49.161186 -52.505325 -53.493673 -46.546768   -43.2025  -58.66606 -55.564487 -25.786478
   3.7664  -17.03411 -51.020096 -52.870018  -52.07004 -45.898487 -41.740593 -54.178037 -50.708551 -25.607096
 12.42125  -81.29993 -33.056137  -40.35714 -50.904373 -51.925672  -0.302313  24.201886   4.841658 -39.163872
 12.45705 -26.506698 -30.407823 -29.855075 -34.806378 -43.488273   3.062762  24.201886   4.179811 -58.546997
  14.1025 -33.254439  -9.474904 -17.810608 -17.151505  -9.826118  -0.038625  12.114119  12.728056   4.781729
   0.9222 -21.415458  -9.895168 -19.586948 -34.218864 -26.878616  -33.28231  -44.11987 -44.551487 -48.045826
   0.9357 -15.872851  -4.630849 -11.880064 -23.882877 -27.913062 -39.327049  -34.55479 -41.765761  -47.21921
   0.9581  -3.229955  -1.703729  -6.427823 -19.755318  -35.44857 -42.814518 -32.357475   -26.5251  -35.57509
  12.7317 -51.932312   -25.5458 -20.483604 -14.616652 -16.734967  -2.433527  -0.670242     1.1075 -44.885502
  12.9431 -35.155293   -25.5458 -23.182041 -14.616652 -18.067379 -18.844852  -5.872883  -5.333696 -28.160809
  14.3229 -25.312012  -7.126054 -14.925256 -10.962719  -3.365376  -6.434767   3.688704 -10.657345  -4.945052
 14.36835 -25.557561  -7.126054 -14.925256 -13.233626  -6.956545 -11.339407   1.773594 -13.951362 -12.317122
   1.1336   4.789643   4.933528  -0.619687 -14.708601 -26.878616 -30.682837 -26.672747 -11.240691 -24.647013
   1.1339   2.560946   4.933528   2.776506 -12.477329  -22.86777 -28.884428 -21.285572 -10.491371 -22.978503
  1.15165    7.01834   6.897604   4.693682  -5.686281 -22.178141 -23.938982  -23.97916 -10.491371 -24.242797
  14.6422 -21.164112 -16.827748 -17.963493 -13.846133 -11.085548 -12.276014   1.773594 -13.684276 -18.970314
  14.7343 -21.164112 -20.174578  -18.44836 -13.804862  -7.817714  -7.436089   4.992654 -13.684276 -22.462177
    2.985  12.698991   -2.51433  -7.933769 -12.617691 -25.283623 -33.243206 -23.335368 -17.530607 -17.714321
   2.9989  12.698991   -3.36951  -8.025781 -18.007626 -32.730335 -38.624146 -24.010653 -20.610643 -22.893149
  11.6436   8.117138  -18.14732  -7.286226   6.965657  13.396381  40.310285  37.825622  39.228041  33.560927
  11.6614   9.471129  -8.383653  -0.186908  -9.917309  -5.010381  28.986359   42.42733  58.392014  56.122093
 14.92095 -36.971146 -22.842302 -22.109703 -19.215684 -20.604154   -16.9053 -18.727598 -16.955796  -29.68365
  23.8167  13.607574   1.834156  18.124718  39.651257  31.949547  20.327736 -22.183823 -25.664225  -40.76202
  11.8997   8.852753 -17.319695 -17.215543 -27.531443  -1.757256  30.377633  44.223928  58.039535  44.511851
  11.9357 -21.799301 -25.106019 -22.773294 -27.531443  -1.757256  40.310285  44.223928  51.710026  14.783318
  13.5275 -26.062508  -8.487777 -11.940855   -7.62565    5.83405  -0.038625   1.327737  10.709266  -1.920482
  13.5542 -26.062508  -8.487777 -11.940855  -7.528647   6.243212  -0.038625   1.327737  -0.608458 -11.656206
   1.6908  14.923909   9.032868   8.190906   2.137128  -7.030849 -12.147161  -3.671493   4.271522   5.220142
   1.7043  14.923909   8.947274   5.483706   1.385134  -7.758996 -12.981859  -2.978865   5.762191   1.051994
  12.1731  -95.36558 -24.768923  -0.186908   21.24546   8.672837  25.772919  31.792377  -9.782799 -36.498055
 12.19135  -95.36558 -25.106019 -27.355927 -28.350986 -15.252607  18.445065   30.48569   1.736169 -35.775391
  13.8283 -25.810303  -2.628075  -3.943682  -2.297493  -1.980663  -3.140289   0.569669  -6.750048   -9.01101
  13.8643 -25.810303   -5.39237  -5.456664  -3.439322  -6.274289  -2.545573    7.29823   1.334761  -3.432767
   2.0008   31.91091  18.204153   8.717339  -1.756584 -20.457134 -18.884281 -13.918568   9.974629  22.892067
  2.00095   31.91091  19.442394  12.241522  -1.491265 -19.147023 -21.628608 -16.539001   7.255988  24.155183
    10.83 -21.320852  -3.908493  10.272591   7.299869   -8.09701  -2.795781   0.343516 -20.386017 -13.452145
 10.84765 -21.320852  -7.376297   3.410419   3.000793 -13.647229 -19.923226 -12.599109 -27.721655 -32.767201
  14.1025 -36.052383  -9.474904 -17.810608  -18.03418 -12.344978  -1.715467  12.114119  12.343508   2.781766
 14.12045 -33.254439  -8.549233  -18.63999 -16.156606 -11.085548  -2.545573   9.032868  11.375657   1.976646
  22.5706  28.197792  12.891071    3.48077   3.559917 -30.886104  -30.46341 -23.720327 -43.695528 -88.071155
  23.0203   1.610803  -4.653349   3.181079    -3.6144  -38.87165 -54.283627  -33.41287 -39.828863  -20.42063
   1.1697   6.929541   8.861679   6.610858  -5.081424 -22.047161  -25.70036 -26.672747 -10.866031 -24.242797
  11.5199  16.347648   3.028491  -2.386112  -6.908653  -0.329262  40.310285   72.56737   84.86719   66.58412
  11.6256   9.471129   0.778383  -0.186908   17.83131  22.440905  48.851665   64.65616  58.392014   62.77147
  13.2175  -24.37879 -18.545582 -18.901825 -14.410799  -9.358767 -10.009621  -9.872124 -14.103046 -21.126549
  13.2354  -22.60852 -17.940167 -16.829652 -11.658266  -6.544429 -12.078719  -9.935126 -10.304094 -24.643679
   1.2589   7.235376   8.861679   2.776506  -6.291139   -20.7103 -23.100447  -17.67832  -6.063773 -24.242797
   1.2947   7.235376   7.626086  -0.619687  -8.965163   -20.7103 -23.100447  -17.67832  -6.063773 -24.242797
  1.35125   7.235376   8.243882  -2.296285  -7.628151 -20.583717 -22.639025 -17.543586  -5.540976 -23.859066
  13.3422 -16.098944 -17.940167 -14.058329  -9.919965  -4.565848  -1.050034  -4.098558  -2.971077 -17.058739
  13.3425 -20.838251 -16.368338 -13.359179  -9.255463  -3.626816  -1.715467  -2.238926   5.816071  -16.38071
   1.4797  11.905082  10.309242   8.241276  -1.689047  -8.487144 -18.884281  -3.671493   2.055649   2.725909
   1.4797  14.262798  10.409893   8.641022   2.137128  -7.030849 -13.816556  -7.422119   0.162318   1.051994
   1.4883  14.262798  10.359568   8.441149    0.22404  -7.758996 -12.981859  -5.546806   2.055649   2.725909
  10.3258  21.011013   19.62445    1.95981  -4.383584 -17.441007  10.752431  30.217669  33.576988  72.518685
  10.3433 -25.370131   4.410258     6.1162  -2.840933 -14.930196 -16.695623   9.423281   1.453785  24.259216
 22.53455  45.584686  41.098433  34.937973  20.374794  -1.800874  -8.008107 -23.720327 -81.345091  -132.5611
  22.5525  39.180448  16.844002  18.729326  12.408088 -15.418926  -8.008107 -14.098261 -45.582627 -98.564418
 22.57045   32.77621  13.826132   3.593038   5.211981 -19.332919 -25.908746 -23.720327 -45.582627 -98.564418