    tempo          80        82.5          85        87.5          90        92.5          95        97.5         100
  10.2703  -50.882046  -21.155985  -21.976236  -12.760784  -10.532186  -18.215069   15.963487   40.483615    34.52357
  10.3086  -57.242192  -21.155985   -28.55068  -20.375849  -18.079915  -20.533505   15.963487    43.00787   34.844961
 11.90625    66.74215   10.657761   -6.287338  -11.464917    1.283958   12.398408   33.530399   44.669081   23.801876
  11.9064   30.803486   19.924885   -3.114038  -11.582872   -0.914798   10.572434    27.20464   39.496586   18.351367
  22.5142    78.72853    83.70365    94.02998   55.286556   47.012012   40.975494   15.775712    48.15763  103.504085
  22.5144    78.72853    83.70365    94.02998   55.286556   47.012012   40.975494   15.775712    48.15763  103.504085
  22.5189    78.72853    83.70365    94.02998   55.286556   47.012012   40.975494   15.775712    48.15763  103.504085
 10.46305  -57.242192  -25.324604  -23.996775  -20.375849  -18.079915   -7.483813   24.031356   45.142387   40.093323
  12.1794    70.41704    8.370154   -7.752711  -11.684165    0.563376   15.858185   29.337198   14.321307   -9.021464
  12.2153   79.033428    1.395042  -11.801232  -11.582872    3.482715   19.072449   38.821606    15.88169  -20.531149
 22.65305  111.191065   108.63295  103.846805   94.841398   62.161691   69.372212  102.820346   84.998155   137.48433
  22.7153    95.79794   123.23857   113.13289   55.286556   47.012012   40.975494   45.359383    48.15763   126.60439
 22.71555   91.164168   104.56939    91.85437   54.116718   38.397309   27.833365   22.436886   32.872729   151.05798
   9.1806    13.14008   -5.439169    -20.0728   -6.941503    5.194601   15.529163   42.008175   46.623302    71.82214
  9.21625    9.527119   -6.870996  -19.627033   -4.411578    5.253874   19.784979   43.219692   46.623302   77.177055
 12.33405   79.033428   -2.101577   -8.703827    0.127684   18.120076   40.150954   26.879604    1.836843  -44.274574
  21.2306   58.922595    72.79282    64.46809    62.40542    73.02709   27.520351  -11.375326  -28.430532  -54.204373
  21.2661   57.129925   59.875619   56.702323   61.774579   80.809415   41.645752   19.264948    -25.4735   -45.23529
  0.69635  156.501175  102.782973   77.554649   61.850988   81.020877   99.162155   84.599027   49.225464   19.933637
   9.4714   -5.959744   -5.439169  -13.169389    -1.15792   12.345403   12.346927   40.796658    42.65102    46.38392
   9.4894  -19.628087   -7.178095  -19.181267   -1.475575   13.793447   12.113673   40.259853    41.58061    45.94856
  11.1278   -4.702903  -21.010298  -19.002026  -12.471978    -0.48834    4.476919   70.365036    79.52569   53.671272
  21.4469   33.132825    50.40293    55.92617   62.320988    67.65281   49.342228    17.52033  -25.846478  -41.147724
 21.46205   28.254835   54.974248   60.973284   63.250104   30.302825   25.158834   -33.84606  -26.219456   -36.76629
  21.5811   28.254835   67.955282   74.286475   68.399523   30.124066   -9.036577  -62.374947  -49.793983  -29.706205
  23.3078   209.88933  245.122015   234.92516  202.931975  188.449495  178.722635  197.580795  185.290465   154.33104
    9.745   -4.817984    0.615561   -3.989063    -1.15792   10.042229    5.745721    22.39444    42.65102   47.603755
   9.7828   -8.312122   -6.877023    -20.0728   -5.481084   -0.874262     3.79184   19.372267   44.224205    61.08626
  11.3803   50.129105   12.238489   -3.114038  -12.471978    5.863509   23.745943    56.03601    69.21065   51.148327
  11.3985    33.51606    9.463071   -8.874505  -20.967695   -0.701569   11.362664    57.03079   76.015977   57.016319
  21.7178   78.513383   90.991515  103.878132  124.405765   104.93274   38.158886   -9.035174   23.602274   31.235327
  21.7919    64.64486    85.90021    94.56072   112.04673    71.90168   40.975494   15.775712    48.15763   31.235327
 21.96265   72.024798   82.562715   83.536305   54.206239   35.966506   27.833365     3.99201   20.658809   31.235327
 23.48015  166.161875    158.4667   164.22311  182.166855  166.319085  171.794085  176.208435   160.88641  146.882975
  23.5706   138.04842   130.73949   155.78088   177.74806    163.8458   176.90082    155.9798   158.93047   139.69576
 23.58865    132.8508  128.917305   142.13914  154.766945  152.552575  171.794085   150.60268   154.22665   137.54542
 11.65375    66.74215    9.463071  -11.148608  -25.423281   -6.006687   11.362664    57.03079   90.337655    63.31554
  11.6897   50.129105  -11.585874  -13.884151  -25.423281    4.673112   21.409196   53.893942   77.399295    36.50961
  23.6246    132.8508  128.917305   142.13914  154.766945  161.782615  171.794085   150.60268   154.22665   137.54542
  23.6425   127.65318   127.09512    128.4974   131.78583   141.25935   166.68735   145.22556   158.93047   135.39508
  23.7432   122.88993   118.41274   126.56522  127.178065   137.89595  156.090255   144.35718  146.329095  125.510643
  8.69045   20.700024   25.153458   10.980067    8.516724    3.949944   -5.417939   -4.205318   22.923272     52.4297
  8.71125    26.95438   13.800508    4.384078    5.522004    3.949944   -5.417939    1.036765   33.643824    58.05839
  20.7922   43.349958   33.512263   36.562462   68.152215    87.99929    75.14583   30.087883   -2.917915  -45.647605
  20.8447    44.18882     34.5845   35.748436   62.320988    82.01047    74.45317   31.109507   -2.870974  -37.060158
  20.8985    44.18882   38.513142   35.620096   59.174887    79.72177   69.210295    32.13113   -2.824032  -33.383181
  8.94585   18.068863    9.928799  -11.854146   -4.411578    4.610921   10.940306   31.897022   40.521873   63.134515
   8.9642   15.604471    0.305344  -19.181267   -6.941503    4.027241   15.529163   34.813042   46.534356    67.30766
  10.5614  -73.247832  -21.886532  -18.886662   -8.948332   -7.756735   -0.034508    48.68758   48.600094   40.201046
 21.11765   46.064195   51.359427     47.6952   68.399523   80.893205   69.210295   30.087883  -12.865837   -51.75771
  21.1536   57.324562   55.433903    53.13061   68.399523   76.332535   41.645752   23.268333  -26.219456  -58.531178
  21.1897   57.324562   55.433903   56.702323   62.363204   67.835538   18.783991   11.095409  -26.219456  -56.651035
  22.7158   86.530396    85.90021    70.57585    52.94688   29.782606    38.64012   45.359383    48.15763  132.640898
  22.7514   86.530396    85.90021    70.57585    52.94688   29.782606    38.64012   45.359383    48.15763  132.640898
  9.22655    13.14008   -8.302824   -20.83263     -8.8847    5.253874   26.874247   45.454803   52.815712   82.563505
 10.85485  -77.916214    7.589195    0.440324  -10.710155  -19.516015    -8.86261   34.722515   62.436618    41.60243
  10.8908  -45.904934  -14.882449  -14.049252  -15.959173  -19.516015   -2.287014   52.361795    66.57643   45.336274
  21.3703    52.42473      53.315    50.33505   56.333054    71.90168    72.15756   20.836687  -22.942379  -41.147724
  21.4061   46.064195    50.40293    49.81437   56.055283    67.65281   49.342228   15.180179  -25.846478    -48.4965
 22.79765  174.060885   215.47116   221.39518  201.622025  166.319085  171.353585   185.28013  149.797485   154.12481
  22.8257  174.060885   215.47116   221.37609   163.39196  152.552575   153.82794   185.28013  149.797485   145.37687
 22.94415   165.13296  172.128325   187.30895  160.490945  152.552575   153.82794  149.765505    135.6729  126.959788
  7.87375   61.786014   37.766314   24.658949   13.881935    5.693653   -1.331763     4.87614   -2.143458   12.021843
   7.8914    62.59825   38.458767   29.052202   13.944017    4.405537   -4.286028    1.699045   -5.658235  -22.958576
  11.1281    33.51606  -26.321184  -16.127472   -11.90947    8.709073   55.806675    81.05706   82.079792   58.793658
  11.1639   12.352996      2.9399   -9.211841  -11.346962     8.52252   50.309654   74.152275    79.52569   53.671272
  20.0814    9.600966    16.60905   28.639165   63.943075    85.12082   58.756163   13.377423   -6.838879  -56.470057
  20.1019   17.632074    16.92875   28.883497    64.29198     85.5478    58.94363   17.173935  -11.874203    -58.1596
  23.3181    212.0582   248.11064   240.60023   192.38768   182.30588   176.90082   196.43707   188.45576    157.6041
  23.3539   207.72046   242.13339   223.91516   186.58565   168.79237   166.68735   183.09874   158.93047   154.07019
  23.3718  200.997895   214.16365   198.29025  182.166855  166.319085  171.794085  189.767905  173.693115  155.837145
   7.9317   51.207108   38.458767   29.052202   15.635979    4.405537   -4.286028  -11.203228    0.281897   40.888103
   8.1289   52.019344    37.07386   20.265697   13.819853    4.027241   -7.371811    1.665692    0.826608   44.296047
   9.7828  -23.122225  -14.862033  -26.111857    -3.47833   10.042229    4.385022   22.072229   44.538756   54.079218
  20.1478    1.304637   13.445477   35.229654   69.833951   94.553195    66.39155   19.691786   -7.396059  -58.680956
  20.1942   17.632074   12.813885   41.292507   77.231285   102.96498    66.49713   18.880466  -17.261935  -70.065735
 20.35455   20.543246   13.867658   38.752768   78.465238   99.237755   73.141672   19.691786  -11.874203  -77.960302
  21.9164   86.530396    85.90021    94.02998   136.87605   143.72035    71.10738   45.359383    54.04456   93.885238
  8.47555   41.440437   35.935398   10.980067   11.266394    4.216389   -1.331763    8.716271   22.923272     52.4297
   8.6544   33.811623   31.109068      4.8966    8.445774    4.027241   -4.286028    1.665692   31.347038    57.15541
  10.0558  -45.057153  -19.488326  -32.150913  -10.834745   -4.221709   -0.783342   19.372267   44.253586    46.80672
 10.17205  -50.882046   -21.21722   -28.55068  -12.760784   -4.535021   -7.483813   18.481485   43.452303   37.603375
 20.44905   32.634987   25.774713    44.78685   95.061183   104.66709    66.39155   15.461346  -11.874203  -55.715774
 20.62765   39.728766   30.739331    44.09098   93.345827   90.012605     66.2745   15.461346   -8.700329  -45.647605
  20.6636   42.511097   30.894339   41.292507    91.95671    89.63707    74.45317   23.627449   -2.917915  -45.647605
  22.3178   86.530396    85.90021    94.56072   137.04393   130.79356    71.10738   45.359383    54.04456  114.929455
  22.4425    78.72853    83.70365    94.02998   55.286556   47.012012   40.975494   15.775712    48.15763  103.504085
  22.4783     18.3112    79.22522    70.57585    52.94688   29.782606   14.691237   -0.485612   17.587828   73.977208
   7.1128   41.520737    90.68056   59.677505   15.381306   23.449238    7.631026   118.31607   64.948235    53.15433
  10.3289   -68.57945  -21.886532  -37.593456  -28.676208  -23.641916   -20.31469   17.423693   44.823925   40.201046
   10.365  -57.242192  -28.762676  -37.593456  -28.676208  -23.641916  -14.325518   19.372267   48.600094   40.201046
  19.2669   34.950645   25.325739   48.478844   66.107574    84.82071    51.38233   27.430988  -42.032692  -56.678608
   22.555   86.530396    85.90021    94.02998   55.286556   47.012012   40.975494   45.359383    48.15763  103.504085
  22.5908    95.79794    94.02733    94.56072   55.286556   47.012012   40.975494   45.359383    48.15763  119.817565
   7.4417   60.973778   49.549778   31.028889   13.944017  -10.030928  -10.845505   19.087128   29.616589   47.002262
   7.7147    62.59825    37.07386   20.265697   13.819853    0.774299   -1.189289   15.766849   15.224339  -22.958576
   7.8557    62.59825   36.738579   18.823738     6.88236    2.589918   -1.607239   11.910042    8.297829   12.021843
  19.8644   18.462156   23.375595   34.967552    63.59417    74.27452   53.672077   20.325968    6.822659  -41.071011
  19.8689   18.462156   19.418324    30.50802    63.59417    84.37122    58.94363   19.057604   -1.803554  -56.470057
  19.9406    1.569858    16.60905   29.183985   63.387597    84.53253   55.869993   15.166478   -6.838879    -58.1596
  21.4061   47.719536   51.858965    50.07471   58.641727   69.777245   60.749894   19.264948    -25.4735   -45.23529
  21.4261   46.064195    50.40293    49.81437   56.055283    67.65281   49.342228   20.836687  -25.846478    -48.4965
   7.8917   61.786014    37.07386   20.265697   13.944017    4.405537   -4.286028    1.699045   -5.658235  -22.958576
   9.4897  -19.628087    -8.91702  -13.169389    -1.15792   12.345403   12.346927   43.219692    42.65102    46.38392
   9.5479   -5.959744    -8.91702  -19.627033   -7.299781   10.042229    9.518279   37.300014   46.623302   50.530848
  20.1175    1.569858    16.47763   28.883497    64.29198    88.37649   61.055748   17.173935  -11.874203    -58.1596
 21.66155   28.254835    78.75953   85.515045   81.941165   30.302825  -23.572285  -62.374947  -49.793983  -29.706205
  21.6797   28.254835    79.22522    94.56072  100.563705   30.230719  -23.861025  -62.374947  -49.793983  -29.706205
   6.5308   57.439854   110.83099   180.09192    210.6525   226.75896   205.18266    190.1558   165.13756   128.55766
   6.5667   52.581684    100.2344   156.04173   157.96376   196.80757   199.48514    190.1558   165.13756   128.55766
   9.8186   -33.29643  -16.310733    -20.0728   -5.481084   -0.874262     3.79184   21.750017   44.253586   52.673466
  18.7208   23.317848   18.467182    42.51509    94.30249   115.11151   68.475716    10.77401   -56.78726   -89.51131
  18.7568   30.172473   19.583203   44.124498   95.122062  115.286425   69.996251   10.239997  -58.064033  -91.819375
 18.79265   30.172473   19.583203   45.469383    75.05281  112.108655   44.091203   26.522799  -47.741008  -82.841055
  21.9986   68.123865   81.464435    71.80924   52.649913    16.69595    1.479685   -4.138652  -22.523888  -23.149021
  22.0089    78.72853    83.70365    73.04263   53.125923      24.921   14.691237   -0.485612   -6.840012   31.235327
   6.9482   47.880308    78.22757  122.881295   152.53073  156.508575  188.138305  166.301315  115.644615   93.261692
   7.0567   52.581684    100.2344   147.79848   157.96376   178.84248    195.1525    177.2865   141.81355   121.01928
   8.6553   27.255823    30.65795   17.063534    8.587674    3.872646   -4.286028    1.665692    35.94061    58.96137
  19.0297   36.733782   27.688658    51.51802    71.32563    90.55109   49.177006   24.235275    -47.2858   -78.29049
  19.0656   36.733782   28.651745   53.639862   93.124084    90.55109   49.177006   24.235275  -48.122196   -78.29049
  19.0658   36.863464   30.499016   59.141921   83.633633   86.463921   48.370939    22.30246  -46.888845  -76.880075
  20.6281   42.511097   30.894339    43.12661    91.95671     85.5478    62.46395   18.880466   -2.870974  -25.786722
   7.1228    45.50387   94.049875   59.089824   14.662662    3.832409    3.220869   75.608007   48.593864   50.078296
   7.1328   52.581684    97.41919   59.677505   15.381306   23.449238    7.631026   118.31607   64.948235    53.15433
   8.8472   19.384443    0.504195   -3.752857    0.358291    3.949944    0.078998   20.711641   38.829786   63.134515
   8.9281   15.604471    6.447559   -4.527026   -1.881653    4.027241    6.351448   31.327424   38.829786    58.96137
 19.30265   35.777372   24.350667   46.892303   65.245695   85.542313   53.122627    27.93095  -29.926505  -41.562689
  19.3228   35.777372   23.834877   37.916293   63.926688   72.208282   50.279668    34.92384   11.944529  -18.124695
  19.3386   35.777372   26.059182   40.247669   63.926688   69.282355   43.167875   37.956602   16.914413    -7.66728
  20.9186    44.18882   40.355505   39.334497   62.363204    79.72177   69.210295   30.087883   -2.917915   -44.29233
  20.9928    44.18882   42.373863    43.12661    64.17922    79.63798    66.26303   36.426033  -10.783083  -49.380295
   5.7418   28.192242   42.231693   78.675762  105.617818  119.396585  109.634147    75.40362   40.067962    29.93513
   9.0397   15.604471    6.447559   -4.527026   -1.881653    5.313147   17.100384   34.813042   45.334807    58.96137
   9.1803   15.604471    0.305344  -19.181267   -6.941503    5.194601   15.529163   39.048336   46.534356    67.30766
  17.9217  -12.977819    3.806055   28.351467   48.213852    84.87123    73.55008   33.931152  -30.162006  -89.388695
  21.1942   58.922595   67.955282   60.973284    63.29232   69.777245    15.37001  -56.485477  -49.793983  -58.531178
    21.23   62.485425    74.22775    65.77017    64.17922    71.90168   14.371627  -59.430212  -51.001346  -59.671261
  5.89625   45.654956    64.46717   109.94381  132.136015  109.813915   89.425067   62.756063    39.59495   43.479126
  6.02275    66.69799   104.48258    147.8758  158.880845   145.37871   124.16883  112.066664    91.31095   93.274396
 18.19485   -6.522122    9.381875    29.29002   58.402656    85.27865    84.48961   36.379216  -14.896019   -72.43419
  18.2307   -1.783045   11.992836   30.551976   53.606381   76.391835    71.63501   32.020159   -8.335377  -55.755447
  18.2667   -1.783045   11.992836   30.551976   53.606381   62.337632   66.024285   27.526716  -11.644662  -53.926796
  19.9047   17.632074   18.045891   29.183985   63.042504   81.005668   55.869993     18.0272    3.222927  -50.329044
   6.2778      85.265   136.25156   156.04173   157.96376   196.80757   199.48514   163.47908   135.57802   121.01928
   6.3139      85.265   136.25156    193.9229    210.6525   230.47665   213.61256   163.85825   138.70529   128.55766
   7.9022   60.973778   37.766314   24.658949   14.727916    5.693653   -1.331763     4.87614    3.644751   49.021757
  18.5039   -1.346899   12.680965   32.850983    61.93772    79.60137   68.475716   28.430912  -15.526724   -62.13021
  18.5236   -1.346899   17.438343   34.468792    71.32563   101.21324   71.753235   29.438824  -17.820318   -76.88847
  18.5397   23.317848   18.467182    35.15629    77.92811   109.29855   68.475716   24.235275    -47.2858   -82.22646
  20.1175    9.600966    16.38349   29.183985    65.43397    89.00678   61.759849     17.2504   -7.396059  -56.470057
  20.1222    1.569858    16.38349    35.59029   69.833951   94.553195     66.2745   18.103666  -13.164369   -59.48267
    8.205    53.60128   34.796936   12.326435   13.819853    4.027241   -4.286028    1.665692    5.918182    47.70399
   8.2408    53.60128   34.122612   12.326435   13.819853    4.027241   -4.286028    0.407838   14.499506    57.15541
  18.7928     36.6041    20.64178   48.478844    72.17751   108.15102    40.10708   27.430988   -46.49189   -76.88847
  20.3906   24.312708    16.47763   36.213028   81.459595   102.96498    66.49713   19.057604  -13.164369   -70.52325
  20.3953    25.48453    16.92875   41.292507    89.57757   106.34162    75.83849   23.268333   -2.870974   -62.29857
  5.22365   10.517039   19.957085   33.838197   52.514818   72.714366   82.360613     66.4632    35.14171    6.681138
   5.4786   28.128628   31.826408    55.40802     85.5235   103.32479  120.492355    82.73872   41.998524   30.167423
   8.6728   27.255823   29.476202   10.980067    8.516724    3.949944   -1.331763    1.036765   33.643824    58.05839
  17.4496   -9.504352   -0.503637   -6.355226   35.345234   82.490115    84.72792   53.595572  -20.894711  -84.397977
  17.5682   -9.504352    4.773229      7.6231   47.964585   88.661827   91.196718   48.710215  -43.474117  -89.997852
  17.6686   -9.504352    5.740403   10.993007   48.213852     89.3573   96.426605   38.986427  -47.842514  -90.368164
  20.7039   43.349958   30.894339   37.376488    79.69919      89.602    74.45317   23.627449  -12.865837  -54.204373
 20.72195   42.511097   33.512263   36.562462   74.678247    87.99929   73.305365   26.205353  -10.783083   -51.75771
   5.5144    26.18211   20.136017   47.111633    76.11652   101.18634   98.511955    68.06852     38.1374   29.702837
  5.62315   27.155369   25.981212   51.259827    80.82001  102.255565  109.502155    75.40362   40.067962    29.93513
   7.1507   55.010769   94.049875   62.203377   30.077353   29.937605   64.006953   127.27137   77.211957   59.329217
  17.7044   -9.504352   -0.911876   -4.407647   35.848618      80.109    84.65135   47.601284  -30.162006  -89.388695
  17.7406  -12.486582   -0.503637   -1.189062   35.345234    76.84476   78.968775   41.870663  -20.894711   -86.40477
  17.7408  -12.977819   -0.095399    4.253193   44.163815    77.49356   71.753235   38.986427  -15.977195   -81.87923
  19.3231     36.6041   25.325739   41.931767   56.293354    67.06616   48.666553    40.40496    17.55347   -8.204017
  19.3389     36.6041   26.792625   37.269016   56.293354    66.71075    40.10708   36.205734   18.865532   -7.130543
  19.3592     36.6041   26.891033   41.931767    63.83122    66.71075    32.43998   20.862204    7.218181  -23.422523
   5.7517   30.202374    64.32737  101.943504  125.712135   135.46838   120.75634    82.73872     38.1374   29.702837
  5.76975   39.166677   68.520485  120.826687  138.961093   125.88571  109.634147     73.7983    42.59064    43.25579
  7.62085   61.786014   37.431032   24.658949   13.881935  -12.907674  -13.983548   12.824798   29.270257   50.078296
   7.6589    62.59825   37.766314   24.658949   13.881935   -4.628314   -6.017397   19.087128   29.270257   50.078296
  17.9418  -12.486582    5.853423   30.271178   51.182615    85.27865    71.63501    35.10495  -20.894711  -87.640755
  17.9781   -6.522122   13.858968   33.659887   58.402656   78.547465    71.63501    35.10495  -14.896019   -72.43419
  18.0136   -4.152583   12.680965   30.790169   58.529896        81.2    73.55008   36.278748  -15.977195   -81.87923
  19.7303    27.98369   26.059182   37.388299   58.281948   60.323432   47.943304   29.727424    17.55347  -20.586375
 19.82875   22.388384    23.42511   40.247669    62.54851   66.888455   50.279668   29.727424   14.088139  -24.425639
 19.84915   22.388384   23.884392   40.247669   63.042504   69.282355   51.977754   24.146596   11.129862  -25.384165
   4.6794    -73.3236   -93.92103  -99.932396   -99.74342  -62.744232  -39.093624  -17.722883   15.219736   24.495025
  7.85595   61.786014   36.738579   18.823738     6.88236    2.589918   -4.745282   11.910042   14.182502   64.980654
   7.8561   61.786014    37.07386   20.265697   13.819853    4.405537    1.622501    8.053234    1.371319   47.002262
  16.8694   45.229706    7.144488    4.185268   16.085567    29.01569    67.17917   57.913822    7.705066  -29.105886
  20.0456    1.304637   16.289349   28.883497    64.29198     85.5478    58.94363   13.159021  -14.454536   -59.48267
  20.0635    1.569858    16.60905   28.639165   63.943075    85.12082   58.756163   15.166478  -13.164369  -58.680956
  4.67955  -65.008313  -93.612043  -88.735353  -80.101412  -53.197956  -38.295137   -10.66387   22.134648    40.91244
 16.88765   35.509512   -2.341684   -1.965765   12.228296   23.252482   50.287006   55.746286   15.624244  -27.558214
  16.9056   25.789318   -4.898713   -8.116798   16.085567    29.01569    67.17917   54.132187    7.705066  -29.105886
  18.5318   10.985475    19.32414    35.64687   72.316603   106.79037   69.996251   27.022761  -32.713354  -76.880075