    tempo         80       82.5         85       87.5         90       92.5         95       97.5        100
  4.17775        NaN        NaN        NaN  -2.891384  16.283911  39.582307  40.527729   5.089605  -3.665916
   4.2372        NaN        NaN        NaN -14.864832  -0.747994  45.160294  43.709602   1.673977  -9.504166
  16.3228 -12.694727   6.147816   5.368118   0.284243   5.398209  11.815897  12.766793  14.504402   10.01618
  16.3586  -2.752107  10.194928   8.392095   5.124067   7.461013   13.50524  16.216263  14.164822   1.185913
 17.99515   9.668058   8.209235   0.236286  -0.866415   12.95658  31.878895  43.461807  37.167938   8.576531
  18.0131  11.882985   8.209235   0.236286  -0.866415   12.95658  34.728048  49.028786  39.429845   5.981575
   4.2733        NaN        NaN        NaN   8.189807  -1.631974    27.3382  10.124295 -12.355541 -31.176598
  4.39385        NaN        NaN        NaN   8.424365  -3.518366  36.249247   0.256579   -23.4709 -42.844237
  4.53275        NaN        NaN        NaN   8.424365  -3.518366  36.249247  -8.766216 -35.194191 -42.057128
 16.47985 -10.019917   5.867667   1.949936  -3.098585   -0.87639   3.834379   2.219947   5.910928  -5.292654
  18.2539    22.2148   5.051936  -3.548025 -12.439921   7.876943   32.44925  44.187447  35.154655  -8.606341
  18.2539  11.882985   -3.79513 -10.463638 -13.809924  -5.314675  28.916742  43.461807  26.459377  -7.870421
  4.58655        NaN        NaN        NaN -15.456707 -10.460507  -3.844411 -33.523479 -45.090924 -66.398316
  15.3006   0.491836   2.181623  -1.950514   2.347017    9.46435  22.200272   34.99664  38.396534   26.40305
    18.29  32.546616  -0.202054 -13.516062 -18.810741  -20.32626  17.348194  31.396929  20.563383 -11.998333
  18.4103  35.771648   2.424941  -8.532044 -15.930368 -18.201584  28.916742  48.303146  34.921908 -12.747492
   3.4858        NaN        NaN        NaN -14.788051 -18.670128  -0.259066  27.326666   54.09323  40.541859
   3.5217        NaN        NaN        NaN -10.440311 -18.670128  -0.259066  15.273258   46.07583   32.60718
  3.52875        NaN        NaN        NaN -10.440311 -18.750178   3.492756  21.299962   50.08453  25.099735
   15.535  -1.052598  -2.166093   4.547895   2.399369    7.28891  21.526596  31.685978  31.478233  20.630941
 15.55305   0.491836   4.337278   7.657504   3.375483  11.635824  21.677353  27.951559  27.935792  19.011851
    3.565        NaN        NaN        NaN   -6.09257  -5.954911  17.960331  27.326666   46.07583  17.883785
  3.58865        NaN        NaN        NaN  10.022643  -2.543474  29.476746  36.642435  49.840947  20.172382
   3.6246        NaN        NaN        NaN  12.508054  12.695014  31.988919  36.642435  49.840947  20.172382
  15.7519  -2.597031   13.12633  19.859611  11.415529  23.578769  30.236357   23.53906  27.297806  16.796626
 15.82985  -5.548386  12.035348  19.859611  11.415529  12.343513  21.394531  22.432524  26.792434  16.796626
  17.4661  36.805428  11.531918   1.587647  11.424314  22.134022  31.565567  41.799744  36.135757   11.01524
  17.5022   36.08603   5.389807  -0.096129  12.325274   25.18676  48.905107  61.330064  45.897518  15.477818
   3.7446        NaN        NaN        NaN  14.198692  30.168909  39.582307   42.61652  49.840947   25.46098
   3.9011        NaN        NaN        NaN    14.3445  37.302737  48.129117  45.798393  45.059442  22.816681
   4.0575        NaN        NaN        NaN  11.567474  16.283911  39.582307  40.527729  25.027418  13.598245
  17.7611   2.552585   5.389807   -1.44749   7.824269   20.28272  41.296705  42.993595  37.907113  22.003818
 17.87805   2.552585   3.444818   -1.44749  -0.866415  14.876279  30.166404  39.768375  37.907113   20.24544
   2.6833        NaN        NaN        NaN   -20.7679 -20.969457 -16.555643 -12.517659 -22.422642   3.399241
  14.7472  -8.467314    0.75441  -7.574201  -3.633903   3.686206   19.79632    34.2123   32.46361  24.422016
  14.7831   6.514035    0.75441  -7.574201  -3.368157    3.94964  23.779837  37.260887  38.396534  32.368706
  18.0558    22.2148   6.511704  -1.115076    -3.8271   12.43979   35.73782  53.870125   39.67847   5.825329
   2.7768        NaN        NaN        NaN -26.539299 -21.994583 -16.555643   -8.03018   1.745174   3.399241
  2.93905        NaN        NaN        NaN -22.316891 -21.333568 -15.783254   -8.03018   7.575878   5.617668
    2.975        NaN        NaN        NaN   -20.7679 -21.123345 -21.136109 -11.305635  11.772279   8.105192
  15.0242   6.514035   0.487352  -6.832254  -1.775944   9.045327  25.883299  37.402139   43.20858  32.078611
 15.06015  -4.415123   0.250419  -6.832254  -1.775944   9.045327  25.883299  37.402139   43.20858  32.078611
  16.5994 -12.694727    3.76376   0.404594  -4.984352  -3.606689  -4.825427  -0.444679 -13.695243 -12.400303
 16.59955 -20.068473   3.664485  -0.628853  -5.201921   -3.78354  -7.474574  -6.757049 -20.416749  -20.20484
   3.2872        NaN        NaN        NaN -19.078983 -18.974915 -18.142637  14.198759  44.043053  22.169325
   3.3896        NaN        NaN        NaN -15.358037 -19.826431  -1.539314  18.747841   54.09323  32.426558
  3.44985        NaN        NaN        NaN -13.838743  -8.877751   3.492756  28.428063  54.930381   39.75338
  15.3008  -1.052598   1.869727  -0.331833   1.838026    8.37663  23.579014  37.072704  41.978303  29.095782
  15.3369  -2.597031  -0.253572  -1.950514   1.329035    7.28891  22.200272   36.88452  41.106987  24.422016
  16.7144  26.458008   7.233361   2.413269  10.260145   7.997152  12.476105  15.755221  18.044607  -10.01804
   16.955  26.458008   5.587518   1.486602  10.584274   7.997152  17.764032   20.11427  26.494797   1.077177
   3.5292        NaN        NaN        NaN -14.788051 -10.913413   6.034219  27.326666  53.606064   23.63453
  13.9592   8.082907  -0.795033 -10.359928  -5.731331  22.179686   24.96689   25.13447  13.635793   1.496699
   13.995   5.212925  -3.635875 -12.354617  -7.532436  10.293046  20.238293  22.505514  12.841318   3.442715
 17.24985  16.245466    3.80652  -3.587136    1.10574   6.232714   9.809413  19.492456  23.468584   5.011912
  17.2681   36.08603    4.26791  -2.372101  10.584274  15.416718  23.826689   23.54283  29.798347  19.940395
  2.16905        NaN        NaN        NaN -28.528593 -21.179681 -19.598242 -10.360213 -39.955585 -28.148819
   2.1869        NaN        NaN        NaN -27.488283 -21.403183 -16.395655 -12.454842  -27.64611 -25.154854
   2.2228        NaN        NaN        NaN -29.568903 -22.585983 -16.395655 -12.454842  -27.64611 -25.154854
  14.2358  17.056402   2.533923  -4.036154  -3.321747   20.54934  24.690369  32.939644   19.02781  12.788458
  14.2719    16.7719   0.487352  -6.325767  -4.807495    3.94964  20.298893   29.35905  17.800385  12.788458
  15.8692  -5.548386   3.155364  17.733317   2.313478   5.606877  10.939167  17.715066  26.147345  16.796626
  2.44555        NaN        NaN        NaN -26.539299 -21.994583 -30.826754 -39.063028 -39.972706 -24.468457
   2.4636        NaN        NaN        NaN -22.839653 -21.263954 -22.480854  -32.24863 -39.964146 -23.782059
   2.4994        NaN        NaN        NaN  -21.79413 -21.123345 -16.555643 -23.532562 -39.955585 -21.226428
   4.0822        NaN        NaN        NaN   -6.09257  -1.631974  29.973518  37.345856   9.218139   7.885289
  14.5489  11.642967   1.557831  -8.776611  -11.88807  -5.904604  11.241744  22.461863  17.517796   17.32338
  14.5908   6.514035    1.15612  -7.715195  -9.870083  -3.166802  14.689297  23.961658  21.893183  17.640366
 16.18515  -2.752107  -4.064387   3.584601  -6.522672  -6.689865   -5.70318   1.625385  13.614499   5.655414
  16.2031  -5.135789   -3.33813   5.368118  -4.984352   1.198511   9.023251   6.525042  13.825243   1.294648
   2.7225        NaN        NaN        NaN  -19.74167 -19.965547 -15.783254  -9.179387  -8.187803    3.40358
   2.7406        NaN        NaN        NaN  -19.74167 -20.956179 -16.395655  -5.903933  -3.365921  -6.648758
   2.7408        NaN        NaN        NaN  -21.79413 -20.982735  -16.71563  -5.903933   6.856269    3.40358
  16.4439 -12.694727   4.955788   5.062026   3.476727   7.461013   13.50524  16.216263   5.910928  -5.292654
  16.4797 -12.694727   5.867667   1.949936  -3.098585    3.29836   9.779454   6.732569   5.910928  -5.292654
      1.2        NaN        NaN        NaN -44.143097  -61.90791  -77.37911 -56.842964  -71.94957 -46.205419
  13.4481  27.178379   8.872154   6.502771  16.006004  25.588612  29.845247  31.340012  21.039276  17.526405
  13.4844  27.178379  11.251944   6.502771  16.165874  28.050587  36.561367  31.340012  21.039276  17.526405
  1.65765        NaN        NaN        NaN   7.985297   2.447099 -19.865988 -19.318434 -16.722275  -34.84205
   1.8139        NaN        NaN        NaN -17.844207  -13.37489 -39.214515 -41.975747 -23.456623 -31.495435
   1.9525        NaN        NaN        NaN -32.497205 -31.772593 -52.773727  -60.13112 -31.706104 -31.495435
 13.74265  24.834679  13.126337   3.098025  16.085939  26.920171  43.862336  38.746592  23.706409  17.266399
  13.8017   17.06689  10.007457   -5.18096   4.422344  24.838316  30.314466  32.093356  20.751102  11.993184
  15.3789  -5.275345  -4.280995  -5.548545   1.048033   5.815545  21.526596    34.2123   34.45655   21.49126
   15.415  -5.275345  -5.064655  -1.950514  -1.223583   4.763569   19.79632   24.21714  31.514168  20.721327
   2.0703        NaN        NaN        NaN -29.568903 -31.772593 -52.773727 -60.269375 -58.002925 -37.027371
   2.1064        NaN        NaN        NaN -27.488283 -15.934105 -49.881504  -60.13112 -56.070385 -31.495435
   2.1508        NaN        NaN        NaN -28.528593 -18.445142 -26.761087 -41.809377 -47.798388 -31.495435
   3.5644        NaN        NaN        NaN -14.788051 -10.913413   6.034219  27.326666   46.07583  17.883785
   3.5647        NaN        NaN        NaN -10.440311  -8.434162  11.997275  21.299962  45.269402  13.598245
  13.9953   8.082907  -0.795033 -10.359928  -5.731331  16.226403  20.268593  22.271536  12.440241   5.319613
  15.5711    0.28074  -2.166093     6.4291   3.578922  13.807298  21.526596   24.21714  26.988308   18.43679
  15.6558   5.050687   6.492933  17.087048   9.231102  15.222676  25.643692   22.86098  26.988308  18.187786
  2.24375        NaN        NaN        NaN -26.581935 -21.994583 -19.598242 -13.698485 -35.895592 -18.670797
 12.73665  13.902017   6.333728   6.137224   7.379619  11.191524  23.427895  41.819492   48.80209  45.565483
  12.7775  16.037598   8.474419   9.702229  14.539824  13.754377   24.29675  46.803806  52.520184  43.584534
  15.8906  -5.481644  -4.790643  17.036076  -1.662026   3.128876   9.023251  16.169552  24.050024  15.356847
 15.91165  -5.548386  -4.930455   5.592516  -5.886786  -2.214555   4.503836   9.008842  21.958009   12.95833
  0.86945        NaN        NaN        NaN -21.372745 -28.968557 -53.725385 -47.161779 -33.186689  -13.20034
   0.8878        NaN        NaN        NaN  -7.503109 -27.656223  -46.74239 -46.041416 -27.366919  -13.20034
   0.9233        NaN        NaN        NaN  -7.503109 -27.656223  -46.74239 -48.282143  -18.89344 -19.714681
 12.95445  23.475127  19.437396  13.371946  21.165416  30.526505  39.239509  50.450047  55.338268  52.421497
  13.0132  23.475127  12.606726   9.864698  18.277597  30.526505  39.239509  50.450047  55.338268  52.212925
  14.6267   6.514035   -0.01664  -8.334427 -12.652741  -3.166802  17.001577  26.396685    28.4914  21.189585
  14.6268    5.86348  -0.524303  -8.024811 -11.261412   -2.13174  18.289421  25.693848  25.162149  19.248266
  0.98725        NaN        NaN        NaN -21.372745 -28.968557  -67.74563 -51.364235 -33.186689 -20.750694
   1.0232        NaN        NaN        NaN -21.372745 -28.968557  -67.74563 -49.672558 -23.651596 -18.678669
   1.1281        NaN        NaN        NaN  -35.24238 -30.280891  -74.78288 -51.062973 -28.409752 -19.714681
   13.231  29.754757   7.694351   3.998016  14.456094  24.272308  26.296094  45.919504   45.09705   38.39022
  13.2492  25.349837   8.872154    8.32379  16.614187  25.414314  27.348776  40.249035  37.531296   32.65483
  14.8675   9.838024   1.557831  -6.090308  -3.103699    6.41685  23.779837   34.99664  38.396534  32.368706
 14.90335   9.153536    1.15612  -6.832254  -2.546179    6.85288  24.368797  35.635092  38.955527  30.854753
   1.3628        NaN        NaN        NaN  -35.24238 -30.280891  -74.78288 -59.441944 -84.467995 -46.205419
   1.3628        NaN        NaN        NaN   -57.5242 -14.648861  -61.46733 -56.842964  -59.34427 -27.796372
   1.4044        NaN        NaN        NaN   -57.5242 -14.648861 -52.773727 -56.842964  -59.34427 -27.796372
  11.8714 -19.731457 -13.075276   -2.58851  -1.835158   1.762809  -2.890495  -2.764823   28.55544  35.253948
  15.1803  -2.597031  -0.253572  -5.548545   1.048033    7.28891  22.200272    34.2123  41.106987  34.412956
  15.2578  -5.414902   1.557831  -1.950514   2.347017    9.46435  22.200272   34.99664  41.106987  31.788515
     3.45        NaN        NaN        NaN -14.788051 -10.913413   0.951294  27.326666   54.09323  40.541859
  12.1481 -14.301011   3.559318  -3.776323  -8.012669  -8.309779  -3.518481  -1.148246  13.021169  27.233706
  12.1842   -7.06179   7.074503   -3.69491  -8.012669  -8.309779  -3.518481  -1.148246  13.021169  27.773136
    0.634        NaN        NaN        NaN  38.792139   22.43441   5.461884  10.361984 -12.986293  12.479154
  0.66985        NaN        NaN        NaN   13.94364 -12.306547 -18.038715   0.184422  -1.604909  25.323346
  0.69015        NaN        NaN        NaN  -6.163143 -26.931669 -40.195419 -17.717251 -11.748795  14.239821
  12.5011   5.729672  11.244645   9.744586  20.957722   13.37142    23.1809  29.456501  37.737324  47.546432
  12.5804   8.748054   7.774461   8.968966  16.632532  13.668548  23.386907  36.440496  45.054028  55.369955
 14.03735   9.783128   0.220293  -2.171438  -1.176555  23.230965  24.235103  23.748262  13.635793   7.848093
 14.07875   8.082907   4.313437   1.029482   2.085603  24.422733  31.583327  29.117003  18.414097  10.849453
     0.79        NaN        NaN        NaN  -39.67623 -31.359993 -53.725385  -36.91138 -23.130179   1.395628
   0.8514        NaN        NaN        NaN  -44.11008 -32.439095  -60.70838 -43.248833 -27.366919  -2.126686
  0.85155        NaN        NaN        NaN  -39.67623 -31.359993 -53.725385 -44.645124 -27.888336  -4.924349
  14.3553   6.514035   2.533923  -7.715195  -4.807495  -1.096678  17.001577  23.835304  17.800385  16.253353
  14.3914   6.514035   4.989847  -7.715195  -9.870083  -3.166802  14.689297  23.835304  21.893183  20.856165
  11.3589  -8.415448  -7.621065  -0.840876  10.395343  20.818598  49.325016  45.350304  48.573273  23.474888
   11.395 -14.395404  -7.621065   7.167033  10.395343  13.253874  14.997457  30.299797    39.2639  31.772276
  14.6678   5.212925   0.220293  -7.616901  -9.870083  -1.096678  19.577265  26.396685  28.431116  20.856165
  23.5503        NaN        NaN        NaN -11.975513  -32.68659 -13.183338   6.981491   6.339509   7.715078
  23.5514        NaN        NaN        NaN  -24.85782 -34.946064 -26.469982   0.138595   6.339509  12.594548
  23.5864        NaN        NaN        NaN -97.376724  -63.45343 -33.832706 -14.893681  10.744514  17.139802
  11.6357 -20.538062 -11.291154   2.883168   6.447004   5.649894   -4.89559 -10.443508  14.262693  24.409862
  11.6719 -20.538062 -11.266186   6.136126   6.447004   5.649894   -13.4287  -4.967772  14.262693  26.289271
    13.29  23.600676  10.007457    8.32379  14.539824  23.130302  25.243412  34.827663  32.200787   31.38833
 13.30805   22.17956   7.893219   3.998016  10.007242  17.957068  24.504428  29.968547  23.706409  29.315328
  23.5869        NaN        NaN        NaN  -24.85782 -34.946064 -26.469982  19.114315  19.657394   9.897341
  23.6047        NaN        NaN        NaN  -76.82416  -48.07001  -19.82666  25.294714  19.657394   9.897341
  11.9119 -18.200125 -13.050308  -8.794353 -15.452775  -2.512866  -2.074631   21.92288  31.868305  58.487377
    11.93 -16.551559  -16.08246  -9.643194 -14.858312  -6.725114  -2.890495   3.685404   28.55544  37.186527
  13.5846  25.021791   9.439806   1.825282  16.085939  26.920171  39.675192  35.351816  23.706409  18.725302
 13.66375  24.834679  10.629701   1.825282  16.085939  26.920171  39.675192  35.351816  21.589111  17.266399
  10.7086  20.608556  16.774249   5.422062  10.799504  23.959856  62.998342  63.924183  36.681145  17.709354
  13.8789  13.419765  -3.635875  -11.50106  -4.807495  10.293046  24.690369  25.277931  17.800385   6.785738
  13.8792   9.783128  -3.635875  -11.50106  -4.807495  10.293046  24.690369  25.277931  14.430268   3.442715
 22.79805        NaN        NaN        NaN   9.295289 -45.243633 -75.941992 -44.709576 -40.862061 -54.966645
 22.91835        NaN        NaN        NaN  14.743178  -3.772391 -34.073771 -21.202863 -25.670479 -54.032402
   2.1514        NaN        NaN        NaN -27.488283 -20.956179 -22.480854 -14.816494 -31.706104 -26.651837
  10.8828  24.080549   24.10857   3.438985  17.819328  20.818598  58.592674    67.4869  48.573273  19.297844
 11.00305  14.771461  18.026884   2.410588   6.165667  14.277788  45.558335  40.724322  36.997195   19.93252
    12.66   5.729672   7.074503   8.235703  14.372365   13.37142  23.592913   43.38995  49.858524  58.487377
 23.07445        NaN        NaN        NaN   9.295289 -30.657269 -49.379341 -54.399406  -44.52453 -54.032402
 23.09235        NaN        NaN        NaN  14.743178    1.73644 -11.171089 -24.578985  -11.50716 -33.484863
  23.1104        NaN        NaN        NaN   9.295289 -30.657269  -15.77862  -0.816885  -0.996276  -30.07544
   0.8517        NaN        NaN        NaN  -35.24238 -30.280891  -46.74239 -46.041416 -28.409752  -7.722012
 11.14135  -3.600706  -3.548381   2.410588   6.165667  12.904618  13.919421  18.275726  25.371787   16.74244
  11.1594  -4.286969  -1.213239   3.438985   8.551655  13.468526  18.841934  30.299797  28.929176  19.805103
  12.8136   20.38102   8.474419    8.32379  14.539824  13.754377   24.29675  46.803806  52.520184  47.546432
   12.875  18.368709  12.606726   9.723408  17.402907  21.542585  31.398418     47.286  53.827246  52.212925
 23.33305        NaN        NaN        NaN   1.383833    1.73644  10.980551  16.086157  10.847383  15.291755
 23.36915        NaN        NaN        NaN -11.850366 -29.527532  -0.479727  10.019745   6.445018   9.897341
  23.3872        NaN        NaN        NaN  -11.72522 -26.368473  -5.087257   6.981491   4.138326   7.715078
  0.94625        NaN        NaN        NaN -21.372745 -28.968557 -53.725385 -49.672558 -23.651596 -20.750694
   0.9692        NaN        NaN        NaN  -35.24238 -30.280891  -60.70838 -51.062973 -28.409752 -23.451904
 13.07195  24.896242  12.606726  11.494243  21.867255  32.722358  39.239509  50.450047  55.338268  52.212925
    13.09  25.021791  10.007457   9.702229    18.8927  30.229412  36.561367  49.539257  52.999977  47.546432
 10.07595  20.608556  25.700625  20.955353  24.274824  34.270087  60.932192  59.580157  52.675827  27.838698
  10.0939  26.290688  27.950006   24.31461  27.588062  57.200027   75.05175    67.4869  56.472145  30.454882
  22.2853        NaN        NaN        NaN -88.394762 -82.631278 -88.617792 -66.937075 -44.153029  -28.44014
 22.30335        NaN        NaN        NaN -47.935777 -64.485615 -98.169162 -86.693443  -51.16028 -71.284569
  22.3214        NaN        NaN        NaN -50.741463 -66.537165 -99.961535 -105.14587 -78.417888 -71.284569