    tempo          80        82.5          85        87.5          90        92.5          95        97.5         100
   4.2625    32.55082   10.745178   -9.482758  -16.962704    8.708431    39.21655   41.558594    47.97912    78.09869
   4.2804   34.279343   16.843067   -1.490885   -6.096981    8.830489    44.24372   41.956057   45.870965   78.165165
  4.31625   36.686333   20.764274   -1.490885   -6.096981    8.830489    44.24372   49.039232   49.123505   78.165165
   16.364  -10.652489  -14.963667  -14.869054    7.145574   29.919154   38.868959   17.508699   13.312105   -4.798841
  16.4033  -17.896051   -31.10817  -29.167207   -3.725605   29.552653   38.868959   20.661871   16.032566   -3.170433
  17.9997  -59.425663   -9.749406    1.253321   -1.225105    5.432526   -4.705869  -12.179261   14.160975   10.375225
     18.0  -59.425663  -28.373487  -16.452939   -5.318035    -7.53935  -10.138313  -20.907281    8.931466    4.126364
   4.4136   46.116375    30.78337    6.500988    4.768742    8.952547    49.27089   70.361694    78.31601    93.56987
   4.5358   46.116375    30.78337   19.006866   10.949068    8.952547   61.240513    73.43898    78.31601    93.56987
   4.5719  104.976006    89.98184   76.280975   62.983738    49.61759    64.32489    73.43898    78.31601    93.56987
  6.10015   117.20784  120.220315  119.842995  114.970185  123.560695  138.008165   130.50349   87.180583   89.060597
     6.19   118.81062   129.03287  120.565414   118.30279   133.25288   139.70108   132.15768    92.05612   102.53309
  16.4608   -20.58399  -19.218242   -7.828451     9.66267     57.8801   53.704254   26.933815   17.867252  -13.868639
  16.6192  -19.031155  -23.472816  -14.869054      5.5999    55.50922   51.836874   24.185905   16.032566  -15.292285
  18.2733  -42.749199       0.822    3.671511   -8.318783    8.629829    1.805175   15.680592   58.836563   25.525639
 18.29125  -42.749199    6.840777    4.510429   -9.563458    2.105379    14.06919    52.71434   66.717785   44.842835
   4.6867    114.2094    89.98184    96.31819    92.87727    92.81889      72.334   70.361694    78.31601   117.32356
   6.4633   111.02259   129.03287  120.565414   118.30279   133.25288   151.12508    134.2316    93.62073   102.53309
  6.48135  115.422815   135.43615  122.383222   122.27398   133.63577   152.24168   141.43909   95.924265  104.106282
   6.4994   120.28061   141.83943   124.20103   118.30279   133.25288   153.35828    134.2316    93.62073   102.53309
  15.2744  -10.903026   -4.702793  -12.020691   -0.657843   11.239538   24.791445   14.394563   16.673431    4.845064
 15.29235  -10.903026   -6.699262  -16.086458   -2.686096    10.84029   21.629382   11.187672    13.94199     4.87297
  18.5467   17.852836   17.171562   10.254139    -4.18767   13.282497   30.652233     67.6855    64.17135   46.853256
   3.5003   13.497713    15.50262      6.0759   33.971863   31.769125   27.118595    37.41731   29.162584   30.570724
   3.5182   17.999629   19.221788    9.115782   35.965676   37.246255   29.820844   39.026448   37.961495   24.021106
   3.5431   22.501545    15.50262      6.0759   33.971863   31.769125   27.118595    37.41731   24.652708   23.936481
   6.5353    132.4648   129.03287  120.565414   111.63758  126.794846   143.52647   132.15768    84.26536   75.588104
  15.5657   29.348107   -3.281512    4.443355   10.359222    19.09154    26.40544   12.738084   14.549881     4.87297
  15.5836   43.940559   -3.060306    4.669514   11.848994    20.51564   27.515562   11.081606     4.76317     2.11549
  17.2233  -45.786581   21.253761   23.236841   14.459809   42.602814    72.66545    78.29895   52.073532    1.950192
  3.67625   18.664884   -7.763228   -4.554009   -8.755421    5.647405   24.655689     34.9942   19.309978    38.67715
   3.7736   22.501545   -0.001698  -14.665661  -23.580666   -4.007542   12.656231   29.352814   24.652708    49.98516
   3.8094   14.828224  -15.524758   -30.51587  -25.612232  -15.588715    9.491001    5.239731   13.967247   30.570724
  5.40985  114.158742  109.205512    99.37306  109.314472  111.282488    115.3727   119.20925  122.266218   140.54281
   5.4278  112.712425   109.19667    98.89134   110.84256  112.015915   111.46053    101.5182  107.341705   135.61757
  15.8206   -9.183687   -1.186893    8.881244   18.951386   26.222704   34.019549    16.71602   14.549881    7.413072
 15.85705   -6.406281   -2.998903    8.455435   13.627944   23.278578   25.123162   13.577631   15.146791    7.413072
   17.475  -50.639981    0.095253    8.163858    9.468998   28.248557   21.278078   48.397835   49.570419   -5.496086
  17.5111  -58.965278   -7.464332    3.671511    4.345302   11.247181    1.805175    37.74318   58.836563    7.872986
   4.0108   14.828224  -15.524758   -30.51587  -25.612232  -15.588715   32.523094   41.558594    47.97912   67.907442
   4.0576   18.664884   -7.763228  -22.590765  -24.596449   -9.798128   23.445215    41.09709   45.870965    78.09869
   4.0935   18.664884   -8.265566  -32.063945  -27.303801   -9.798128   23.445215    41.09709   45.870965   67.840967
    5.575  111.867507  107.723985    99.37306  107.746695  106.664142   105.29488   97.001745   104.22739   122.46149
  5.68305  113.194427  109.205512  109.487678  119.099953  119.707128    115.3727   119.20925  114.545973  116.674758
    5.719  113.194427  110.311058  121.476462  129.325623  127.564995    126.0738   135.56595  113.103335   110.64786
  17.7483   -59.43965  -15.703053    2.462416    1.560098    8.339853   -0.810911   32.431503   59.706278   17.310262
  17.7843  -58.490906    -3.79576    2.462416    5.452385   20.461407    1.337429    1.750666   47.057115     9.65819
   2.6768  -10.349274   -16.95559  -21.837716  -26.038884  -14.631025   -4.503084   18.533172   29.162584   15.390329
   5.8376  114.640745  110.302215  105.302307  108.508268  109.483285   122.21194    117.8749    95.14196  107.427032
  5.95635  114.640745  110.302215  105.302307  100.648385   102.71837  125.580805    117.8749   87.180583   85.816589
  5.99235  114.640745  110.302215  105.302307  100.648385   102.71837  125.580805   115.18375   77.712425   70.770905
 14.68055    7.573167   -3.490973     3.30581   17.606506   39.246153   34.893223    27.57367   21.991591   -6.157077
  14.7675    7.573167   -4.855238   -0.730997    10.96333   35.468208   30.284678    27.52443   23.626544   -5.057506
   2.7594   -1.815359  -10.870026  -21.917671  -27.103683  -17.377316   -2.760269   18.623121   38.457491   21.465184
   2.7985    6.130989   -6.495059   -20.61032   -3.630372   -4.649178    5.569191   18.533172   38.040592   21.465184
  2.88835    8.857189   -5.295801   -20.61032   -3.630372   -6.127791    5.569191   18.533172   38.040592   21.049883
  4.55385    75.54619   60.382605   47.643921   36.966403   29.285069   62.782702    77.04313   91.869635  100.626103
 14.94335    2.624395   -4.855238  -13.248695    1.518465   13.317606   25.350375    20.18079   20.602364     1.62298
  15.0586   -9.183687   -8.695731  -15.958487   -3.183205    3.218828   22.482437   14.394563   19.747063    4.845064
 16.63735  -19.031155  -23.472816  -17.150052    0.832755   52.635106   38.868959   16.592943   11.081262  -19.214606
   3.0718    9.625492   -4.682695   -0.209179    1.245456    5.699789   10.709772   17.639829   41.779793   25.186537
   3.2483    9.625492   -4.887065    5.557642    3.039051    8.813198   22.192783    15.74209   46.760406   25.186537
   3.2844    9.625492   -5.037361    5.557642    3.039051    8.813198   22.192783   29.352814   46.760406   26.589695
  4.66875  109.592703   95.401825    96.72093    98.76405    97.06563    73.97284   71.900337   89.714542  113.032233
   4.7768  113.460913   95.401825    96.72093    98.76405    97.06563    73.97284   71.900337   89.714542  118.395263
  4.87415   110.06242   95.401825   98.007505  106.218607    97.06563    73.97284   71.900337   89.714542   120.41091
 15.32125    4.343734   -4.102756   -9.588315   -2.686096   11.117208   20.587123    9.576614   18.210247   10.283332
  16.7128  -34.827324    0.146449     8.92894   14.459809   54.824883   53.704254    46.82131   28.678806  -18.714943
    16.95  -32.510544     6.55473   23.236841   14.459809   54.824883    57.00608   49.824593   38.980427   -4.602094
   3.5578   22.501545    15.50262      6.0759   19.172983    8.813198   22.192783   29.352814   13.967247   23.936481
   5.1397    116.8319  109.214355    99.85478   110.84256  112.015915   119.28487   132.51717   110.21638   145.46805
   5.1758  112.712425   109.19667    98.89134   110.84256  112.015915   119.28487   132.51717   110.21638   145.46805
   5.2117  112.712425   104.38589    98.89134   110.84256  112.015915   119.28487   132.51717  110.013535   135.61757
  13.9508   -8.997416    5.466126   12.518268   12.700325    37.69323   61.503662   57.729206   23.328648    -9.37713
  13.9868   -8.997416    3.478908    9.288701   12.131884   37.733595   62.180275   48.514606   21.781591  -11.145576
  17.2236  -45.786581   26.108969   23.839096   16.840553   43.878635    73.41679    79.47462   52.073532    1.950192
  17.2592  -48.784107   13.904246   21.403917   15.650181   40.952762   72.578178   78.204355   50.223142   -5.496086
  2.08985  -68.813833  -34.308431  -18.289753    4.291939    9.330431   -8.499012   12.216604    7.535122  -24.051635
   2.1589  -52.261348  -21.978229  -18.289753    4.291939    9.330431   -3.672161   16.017962    9.746478  -16.919021
   2.2128  -36.826157  -19.175457   -18.80737    3.865301    9.254171   -4.584053   15.397452   21.527486   -6.094573
   5.4492  112.712425   109.19667    98.89134   110.84256  112.015915   90.672714    77.60686  101.113075   132.80185
   5.4671  111.867507   106.79128    95.18769  107.746695  106.664142   94.900972   85.046075   96.584598  128.150055
  14.2242   -0.712125    0.419939    9.288701   25.693584   45.108564   62.856888   51.749687   24.187527   -5.825368
 14.26015    7.573167    4.115409   14.161748   29.488683   48.955775   64.139893   57.910305   25.036964   -8.879091
  15.8782   23.608486   -2.658877    7.933483   12.066525   23.278578   25.123162    9.576614    2.873074    6.006661
     2.45  -17.930304  -17.485497  -19.978567   -0.229491   -5.607717   -4.584053   16.830244   26.089504   11.869603
  2.48595  -12.559316   -16.95559  -21.440795  -19.998593   -8.746226   -4.755205   16.286167   25.949188   13.976145
   2.5104  -11.524215   -16.95559  -21.698639  -19.998593   -8.746226   -4.755205   16.286167   23.785475   17.881458
  4.07555   27.526183     5.37174  -19.999314  -20.271685    2.350445   35.869822   41.956057   48.572145   78.165165
   4.1042   22.501545   -0.001698   -30.51587  -23.580666   -4.007542   32.523094   41.558594    47.97912   57.583244
  4.15085   18.664884   -8.265566  -32.063945  -27.303801   -9.798128   23.445215    41.09709   45.870965   57.467773
  14.5333   24.539915     6.84143    5.513084   22.403269    37.69323    52.79945    43.84323   20.917622   -8.381052
  14.5547   24.539915    9.450556    5.786109   21.748555   37.733595   53.730124   44.561378   23.626544   -5.057506
  16.1514   23.608486     -2.9375    7.933483   15.434025   40.953875   37.149413   12.072639   -3.218083    -7.87271
  16.3458    8.601103   -2.998903    1.963055   11.848994   31.203594   39.686398   17.358385   14.197879   -4.009858
   2.6875   -8.564086  -15.325236  -22.148903  -28.060918  -18.696685   -4.503084   18.533172   29.162584   15.390329
   2.7233   -3.781421  -12.547407  -22.148903  -29.679181   -21.12494   -4.503084   18.533172   38.040592   17.471489
   2.7233   -3.781421  -12.547407  -22.148903  -29.679181   -21.12494   -4.503084   18.533172   38.040592   18.302092
  4.33795   40.828131   20.764274   -1.490885   -6.096981    8.830489    44.24372   60.703357    56.73335   83.157185
   4.3778   44.291462   10.745178   -9.482758  -16.962704    8.708431    39.21655    65.68177     58.9825    88.08273
  13.1528   25.825216   -6.049539    -5.85776    1.296926   16.488155   11.457785   14.514853     6.39799    0.684041
  16.4247  -17.896051  -31.809265  -29.211851   -6.134323   31.203594    38.05152    23.66473   17.867252   -2.331008
  16.4608  -19.031155  -28.159925  -21.909657    8.217403   56.193558   52.114803    24.70708   17.867252  -13.868639
   1.3783   -74.86623  -33.713276   -3.878838   18.347977    3.551554  -24.516762  -47.790718  -50.296898  -41.404045
   1.3783  -38.049164  -28.587736   10.622748   21.736843    9.138107  -28.192511   -47.86107  -48.163824  -39.563774
   4.5936  104.976006    89.98184    83.17743    75.50611    75.98523    69.13102   70.361694    62.67845    93.56987
   4.6078  104.976006    89.98184    89.11972    85.58359      89.508    69.13102    69.39792    62.67845    93.56987
  13.4256   19.281917     1.49169   -3.425214    -0.60585    5.059529   23.941435   41.384758    34.86198    0.893698
  13.4611    1.870601   -0.651813   -5.419792    -0.60585    5.059529   37.310787   49.105125   44.981506   11.740494
   1.6517  -76.084142  -19.303102   -3.878838    4.718576   -5.607717  -24.516762  -46.868585  -45.794548  -41.404045
   1.6878  -77.302055  -23.462196   -3.878838    4.718576    9.254171  -19.387257  -29.729589  -39.464895  -23.038578
   1.6939   -87.92691   -40.54626  -15.789104    4.718576    9.254171  -19.387257  -38.894059  -39.464895  -23.038578
     3.27   13.497713    15.50262      6.0759   19.172983    17.10116   27.118595    37.41731   46.760406   25.186537
  13.7168   -8.997416   -1.507759   -2.493092   10.375208   21.272316   50.601365   46.881588   33.413271    4.100027
  13.7772   -8.997416   -0.651813    -1.56097   10.254758    25.02674   57.455383   49.105125   23.328648   -2.383498
  15.3531   29.348107   -3.502718    4.669514     8.86945    20.51564   24.791445   -0.973878    12.42633    4.900876
   1.9071  -68.813833  -27.420654   -6.354385    8.107672   13.356684  -13.182354   -3.902305    9.690468  -21.831022
  1.93555  -59.810718  -27.420654  -12.309518    6.603319   10.079203  -13.182354   -3.902305    1.507534  -24.051635
   1.9608  -59.810718  -28.016233  -17.183453    4.291939    5.377526  -13.182354   -3.902305    1.507534  -24.051635
   3.5578   25.141157   19.221788    6.288444   11.970862   15.916151   24.655689   33.385062   19.309978   27.253602
   3.5792    27.78077    15.50262      6.0759   -0.548138    8.708431   22.192783   29.352814   13.967247   30.570724
  14.0081   -8.997416    3.478908    9.288701   23.484571   41.369972    63.91112   58.785431   28.076044   -6.973339
 15.60515   43.940559   -2.658877    6.226686   13.201614   17.651379   25.043382   13.577631   14.549881     4.87297
 15.64445   40.825058     0.19966    8.455435    16.56776   19.824388   31.425739   23.113379   21.820896   10.283332
   3.8164   14.828224  -15.524758   -30.51587  -25.612232  -15.588715    9.491001    5.239731   13.967247   30.570724
   3.8343   18.664884   -7.763228  -22.590765  -24.596449   -9.798128   11.073616   17.296273   19.309978   40.277942
 12.68415   17.376379   -6.553156   -2.660225    5.252349   20.772615   16.431414   26.926891   16.375641   -1.074595
 12.72305   15.571455  -13.274017  -10.128868   -3.286989   11.082668   10.936194   14.829944   -6.433987  -18.542375
  15.8783    8.601103   -3.060306    4.217197     9.66267   24.543697   27.515562    1.161113    1.181714    4.845064
  0.91305  -17.815195   -2.079175    4.267144   10.348898   20.426721    7.062264   -9.928097  -49.691584   -65.61556
    0.949  -55.589523  -20.325361  -26.357006    -8.46108    2.933057    -5.66089  -21.286134  -55.519593   -65.61556
   1.0286   -83.21509    -42.5389  -38.027811  -24.399002   -5.805098  -20.446629  -32.595284  -67.231234   -65.61556
   4.1614   22.501545   -0.001698   -30.51587  -23.580666   -4.007542   32.523094   41.558594    47.97912   57.583244
 12.93625   22.971719   -8.027316  -12.042495   -3.286989   18.319383    15.62108   23.404201   25.063379   -3.334841
  12.9786   25.825216   -7.462528    -5.85776    1.065708   18.754498   17.089817   20.261253   29.750795   14.135442
  14.5906   17.871155    7.323353    6.059133   22.403269    37.77396   54.660797   45.279526   25.886402   -4.939854
  1.12665  -55.589523  -20.325361  -10.234442   10.348898    9.756604  -25.442779  -40.648626   -47.55851  -20.623466
   1.1653  -55.589523  -28.587736  -10.234442   10.348898    9.756604  -25.495908  -46.868585  -49.691584  -25.157658
  1.22195   -83.21509    -42.5389  -20.443706   -0.462001    2.933057  -32.843155   -47.86107  -55.519593  -41.404045
   2.7233   -6.172754  -14.224788  -21.917671  -29.018154  -20.016054   -4.079811   18.443222   33.601588    17.88679
   2.7444   -1.815359  -10.870026  -21.917671  -29.018154  -20.016054   -4.079811   18.443222   33.601588   21.465184
 13.17345   26.654214   -2.302318   -3.556915   -0.761677    8.694942   11.324222   10.483641   -2.026319  -11.045619
 13.20955   25.825216   -2.302318   -5.705309   -3.885496    3.414468   11.457785   13.123782    2.653938   -7.353724
  14.8067    7.573167   -4.855238   -9.588315    5.037288   25.491152   28.052242    27.52443   23.626544   -0.857214
 14.86375  -12.622366   -6.699977  -15.217593    2.937147   16.531557   25.709871    27.52443   22.683206     9.00109
   0.0189  -77.898186   -76.05948   -65.91398   -66.64229  -68.041435   -75.33771  -49.855286  -69.241936  -85.680115
   1.4206   -74.86623  -23.462196   -8.829933   14.100828     2.31456   -31.86826  -49.425415  -60.499321  -56.381405
   1.4461  -77.302055   -37.41336  -22.919254   -7.276702  -15.098409  -32.843155  -50.919407  -70.701744  -61.808083
   2.9392     9.24134   -5.037361  -19.978567   -6.712606  -14.841962     1.64738   18.443222   38.457491   24.628277
   3.0111     9.24134   -5.037361  -15.850889  -24.974085  -17.377316   -2.760269   16.836437   38.457491   24.907407
   11.839   23.660725  -15.718732  -10.848499   23.008822   57.233198    74.05042   65.753645   40.617262   35.188918
  15.1011  -12.622366  -12.291624   -16.37187  -12.322207    5.843861   22.482437   14.394563   19.747063    4.845064
  15.1372  -10.903026   -4.702793  -12.020691   -0.657843   11.239538   25.295319   22.636986   20.917622    4.845064
  12.1019    0.678513  -22.408094  -18.740744   -3.428742   22.790731    49.92671   58.086624   30.816425    5.204534
  12.1378    -7.95895  -47.417477  -35.519646  -24.201153     1.98037   38.871593   43.194904    37.72629   13.199148
   1.9461   -55.06182  -23.462196  -15.789104    5.319696    9.406691  -12.851632   -0.645885    5.599001  -25.064692
  12.4214   13.766531  -22.505498  -18.774238   -3.008902   17.186211    8.429237   29.060913   30.734272   16.324378
  12.5293   17.376379  -13.274017   -3.950791    9.771966   20.772615   21.312736   29.440654   30.734272    7.432599
  14.0292  -10.922091    6.739128   15.805227    30.05629    48.60444    64.29137   58.091404    34.86198   -8.121309
  0.81735  -63.938384  -20.325361  -26.357006  -15.782507   20.426721    3.591898    5.975755    -3.56117  -25.157658
   0.8353   -91.56395    -42.5389  -38.027811  -26.593407   -8.986575  -20.446629  -21.286134  -54.914278   -65.61556
  0.87115   -83.21509    -42.5389  -38.027811  -24.399002   -5.805098  -20.446629  -32.595284  -67.231234  -87.498985
  2.23725  -34.878845   -19.23928   -20.61032    0.537102   -2.053419   -5.846849   16.542961   24.867331    1.199891
  2.35265  -29.023817   -19.23928   -20.61032   -7.626296   -8.746226   -5.846849   16.017962   24.867331    7.554547
 14.30265    7.573167    6.790279   17.382146   33.909479   49.531557    64.91162   57.182282   23.758088   -8.251181
  14.3386    7.573167    2.229988   16.017532   31.821972   48.383068   63.193879   45.862923   23.626544   -6.157077
   2.5644  -10.936744  -16.425684   -21.75776  -24.974085  -11.884735   -4.584053   16.830244   25.007648   16.635893
   2.6658  -10.936744  -17.485497   -21.75776  -24.974085  -11.884735   -4.079811   16.836437   25.007648   13.976145
  11.3033   26.671616   16.233276    58.36877    81.74327    88.30813     81.4734    54.78957   38.674984   34.407837
  11.3392   26.427081   15.315186    58.36877    81.74327    88.30813     81.4734   58.086624   38.674984   10.102867
 14.60115   17.871155    3.291521    4.312708   17.075525   41.154257   49.826405     39.7839   24.318158   -5.500263
  23.4933   -51.95864   -39.21666  -62.052692  -68.686676   -69.62681   -50.19207   -42.48057  -56.962631  -86.481186
  23.4933  -53.066322  -42.568022  -64.465174  -71.201348   -72.20146  -51.029223  -52.694565  -82.713356  -83.098658
  23.4933  -54.174004  -45.919384  -66.877655   -73.71602   -74.77611  -51.866375   -42.48057  -56.962631  -86.481186
 11.59405   20.923288   -8.904271  -21.676267  -22.996992    0.080081    35.73617   28.485459   29.707077      10.629
  11.7204    17.37294  -15.718732  -21.676267  -22.996992   23.863106   39.426381   32.655167   31.562525   30.369357
  13.2307   19.281917    3.175131   -0.195893   -1.039764    3.414468   13.463467   16.692518   19.213728   10.508623
  23.5292  -54.174004   -39.21666  -66.877655   -73.71602   -76.84004  -61.961456   -42.48057  -31.211905  -83.098658
  23.5294   -51.95864  -35.978622  -31.390627  -47.071846   -74.77611  -51.866375  -27.864685  -29.089966  -86.481186
   23.565  -17.830532  -31.980742   -22.50192   -19.71236   -9.232474    0.418283     -0.7417  -26.968027  -88.214573
   1.4564  -76.084142  -23.462196   -8.829933    4.718576  -13.924757   -31.86826  -49.425415  -60.499321  -59.094744
   1.6158   -82.82156  -23.462196   -8.829933   -19.27198  -16.272062   -33.81805  -49.425415  -60.499321  -61.808083
  11.8497   26.671616   -2.700655   15.918856   47.068447    72.25058    81.90669    71.94432    42.55954   13.199148
  11.8675   20.219074    1.619068   12.107861   23.008822   57.233198    74.05042   67.960322   40.142915   12.177141
  13.5036   12.738619   -0.651813    -1.56097    3.895927    25.02674    45.27936   49.105125   44.981506   11.315907
  13.5397    1.870601   -4.206622   -4.422503    2.596426     15.7294    30.24561   46.881588   39.611278    0.788869
   1.7658   -82.82156   -40.54626  -16.594769    4.718576    9.254171  -19.123556  -29.002874  -34.824043  -25.064692
   1.8889   -82.82156   -40.54626  -16.594769    4.718576    9.254171  -19.123556  -29.002874  -34.824043  -25.064692
  10.5406    41.98004    21.27274    42.09736    73.83331    95.24327   48.790226   13.877768   27.495667   -2.752463
  10.6592   30.901419   16.211275   20.373238   11.079863   39.965007   -6.226213    7.446838   12.156896    -5.36764
 13.81295   12.738619    0.396545   -0.195893   10.375208   26.568449   59.439541   54.920546   27.646605     -0.7449
  13.8131   18.639267     1.49169     4.18345   10.730026   31.086601   62.856888   59.479458    34.86198   -8.121309
  22.6944  -62.762863   -62.90719  -59.772892  -74.602905   -68.24643   -79.05446  -83.378654   -92.11526  -74.725115
    22.73  -61.794785   -62.90719  -59.772892  -69.711205  -65.538124    -78.3925  -83.378654   -92.11526  -78.018575
   1.9925  -59.810718  -28.016233  -18.289753    1.817905   -2.053419  -13.182354   -3.902305    3.319529  -24.051635
   2.0031  -64.559616  -31.379112   -18.80737    3.865301     1.50088  -12.851632   -0.645885    2.413531  -25.064692
 10.79555    41.98004   17.178323   54.898305    85.58745  104.347703   59.931078   18.817715   33.805234    3.361179
  10.8136   26.500858   15.315186   30.665438    73.83331    88.30813   42.546288   13.877768   27.495667     7.21957
  23.0394    -69.5717  -88.530304   -92.79116  -74.602905   -68.24643   -75.63402    -68.9236  -88.568652   -91.92574
  23.2406  -62.762863   -66.02555   -69.82192   -73.71602  -65.538124  -61.961456   -68.77452  -82.788753  -89.203463
  23.2408  -61.794785   -62.90719  -62.052692  -68.686676  -61.019337   -50.19207   -62.90856  -77.080508  -86.481186
   11.069   21.619602    3.132882  -20.960273  -50.232097  -67.409555  -52.019502    12.45675   38.843862   38.777656
  11.0869   26.182545   15.217472    0.644354   -41.55625  -47.897377  -48.651306   15.724848    55.26969   50.480194
  12.7408   17.376379  -14.633272  -13.799343   -4.625755    5.677181   10.681728   15.145034    2.653938  -16.036808
  12.9006   20.118221   -8.592104  -12.161665   -4.625755    5.677181   10.681728   20.261253   27.901466    0.684041
  23.3125   -51.95864   -39.21666  -31.390627   -19.71236   -9.232474  -29.338617  -16.779982  -21.772904   -73.05755
 23.31265  -43.964125  -37.597641  -26.946273  -33.392103  -35.125906  -35.976729  -22.322333  -26.968027   -76.38684
  23.3128   -35.96961  -35.978622  -31.390627  -47.071846  -61.019337   -42.61484  -27.864685  -29.089966   -79.71613
  1.09045   -83.21509    -42.5389  -38.027811  -24.399002   -5.805098  -25.442779  -32.595284  -55.519593  -41.404045
   1.1085   -83.21509    -42.5389  -26.357006    -8.46108    2.933057  -31.815131  -40.648626  -49.691584  -25.157658
  13.0142   25.825216   -6.756033   -3.709365    2.480817   21.890619   21.312736   28.846402   38.273789   24.641177
  13.0142   22.971719   -7.462528   -8.334412    1.065708   18.754498   17.089817   20.261253   29.750795   14.135442
   1.3425  -77.302055  -51.364525  -37.008575   -19.27198     2.31456   -31.86826  -47.931423  -60.742287  -59.094744
   1.3425  -76.084142    -42.5389  -20.443706   -0.462001    2.933057  -28.192511   -47.86107  -55.519593  -56.381405
   9.9972   72.582025   38.968538   52.313191    86.33788   93.200945   88.017685  115.792737     82.5387   51.499546
   10.015   60.993492   36.553104    51.42784    89.43163   108.59176    98.98256   105.13957    68.60356   33.216774
  22.2053  -49.210712  -57.872249  -63.783179  -78.367135  -86.968077  -90.085365   -78.08425   -93.49041  -42.231187
  22.2232  -64.370666  -60.416583  -65.451821  -78.367135  -86.968077  -90.085365  -95.943515  -97.120355  -74.725115
 22.24095  -64.370666  -70.477325   -75.50966  -78.367135  -78.118015    -85.3604  -95.943515  -97.120355   -85.33882