    tempo          80        82.5          85        87.5          90        92.5          95        97.5         100
  10.6597  -76.246205   -63.31019   -67.88404   -77.71527  -59.516937  -41.105736  -43.722664  -43.958355   -55.41973
    10.66   -58.95571  -56.637143   -35.84949  -20.533743  -28.569752  -38.244892  -43.722664  -43.958355   -55.41973
   12.296   66.112785   25.357194    37.47916   22.916967    0.496904  -24.531149  -10.688122    19.86963   50.574435
  12.3139   48.507882   24.203484    36.50778   22.321318   -5.179497  -26.486193  -12.076616   19.832195    50.48511
 23.00375 -171.975105  -81.206505  -33.447279   28.895636   50.416278   42.152802   46.001267   18.821986    4.593641
   0.5394   28.176155   16.591717   15.882772   25.264107    35.48365    68.16762    93.52562    86.68137   59.825012
   0.6397   27.026402   11.787421    9.394224   23.174388   34.449785   62.634875   85.981975   90.792368   67.881931
    10.66  -51.107606  -36.898056  -16.191249  -20.085687  -20.692762  -29.662186   -40.68219  -38.802419  -52.400863
  12.5506   64.715126    7.538703    6.264069    0.819001   -5.179497  -26.486193  -19.535667    -17.2699   13.704926
  12.5864   47.809052    7.538703    6.264069    0.819001   -5.179497  -26.486193  -19.535667    -17.2699    8.912808
  23.1219  -170.07472   -76.16324  -16.734112   31.609875    63.14147   46.744728   44.966625   16.747526   20.056305
     0.74   27.026402    6.983126    2.905676    21.08467    33.41592    57.10213    78.43833    86.68137   59.825012
   9.5867 -106.035772  -28.558555  -59.863534  -37.535374  -46.874865  -43.251854  -123.66991 -127.512633 -136.990435
   9.5867 -115.679344  -19.934845  -33.353798  -26.618217   -21.76677  -35.023888  -107.88695 -115.677216  -127.40476
 12.70475   47.809052    8.859386     5.34121   11.409484   -4.537966  -19.008056  -25.242379  -33.638291   -34.49953
 21.81205    -8.47939    2.464351   34.825963     31.1075   19.726531    8.476232   22.660816   14.610415   -3.832432
  0.79375   29.325907   -1.717598   -1.825823    9.148137   15.534837   37.752194   85.028135  102.150963   67.881931
   9.8233    -93.5367   -41.41934   -83.33673   -77.71527  -59.516937  -43.251854 -104.284115 -118.425353  -112.27627
  11.5131   150.29231    69.09335    65.77436    67.15763    32.02672     30.2196    0.744731    3.735356    7.945948
 23.68445    -5.94105   19.688896   50.350084   47.857603    63.90292   49.977593   29.607654    13.35109    6.478941
   0.4675   65.187573    6.983126    2.905676   25.264107   60.178272    92.91085    94.77033    85.97751   26.044905
   9.9771 -104.608022  -67.928575  -94.151122  -89.783265  -66.629258   -70.71955 -104.284115  -129.21298  -112.27627
 10.09545  -103.39781  -67.674718  -76.228878  -83.149565  -66.629258   -70.71955 -104.284115  -129.21298  -112.27627
  11.5289   172.61926   61.206467   63.727562   37.399933    32.02672    4.714704   -3.120735    3.735356   45.533287
  23.7025    -10.7149   14.389588     71.9727   57.608093    71.02367   54.508907   24.406425    9.954653    2.395046
   8.5779    -25.1818   14.807445  -27.139381    -18.0192  -45.607105    8.565897   53.197015   31.836745  -12.216735
  12.0578  161.455785   53.199913    65.77436   56.975033   59.146706   33.404274    0.441676   19.907066    50.66376
  12.2781  108.202547   26.510904    38.45054   23.512615    6.173305  -22.576105    0.441676     44.9864    50.66376
   8.8861    -25.1818   14.807445     3.11936   22.865552    77.92807   109.05978    52.71236   24.062435   64.951416
  9.03985     -60.787   -1.223294  -15.773139  -10.908665    -1.91254   32.903963   -46.25912  -18.938212  -31.038912
 23.13985  -82.385095  -43.718506   -15.83066    33.43293    67.08257     42.4048   29.607654   12.629412    0.452722
 11.49515   128.46408   65.149909   62.833597    51.32843   14.376803    4.309286  -14.764963  -11.072873  -30.834605
  23.3458   -15.48875   12.762469   34.707781   47.857603    63.90292   49.977593   29.607654   19.543663    15.30957
   8.2569    55.77109    42.89032   53.675148    78.75337   120.34584   182.12836     141.173   132.62474   106.43238
  11.5133     179.334    69.09335    65.77436    67.15763    32.02672     30.2196    0.441676    -5.04142   11.152172
  22.8856  -173.87549   -86.24977  -50.160446   35.255985    63.14147   46.744728   44.966625   15.304171  -10.869022
  6.97515   22.671492   67.036302   57.666051   23.123841    6.052233     7.11709     13.3481   41.234815   68.231845
  7.07795    4.978267   60.462063   57.666051   35.239232   10.341195   10.524305     8.79145   12.219895   27.300825
   6.0892  -101.23584   -86.74157    -69.7149  -134.67934   -141.4909  -122.04753   -99.86399  -58.116287  -13.422745
  6.10725  -63.017072  -81.914494   -99.22367  -135.44802  -148.13536 -141.620635  -88.419723  -47.044817   -0.806771
   9.5867    -96.3922  -37.182266   -58.99924  -43.398403   -71.98296  -54.910127  -139.45287 -115.677216  -127.40476
  6.37945   22.566868   -4.119823  -58.029026   -89.88054  -132.02201 -132.456435 -117.791748  -73.657973  -24.932747
   6.3975   48.278224    5.887379  -56.876724   -78.02907  -130.56055  -132.99658  -122.77948   -89.19966   -36.44275
   8.1617    55.77109   50.927243   70.824904    98.45831   127.18137   185.07451   201.81053   189.63686   129.38603
 18.34985  -60.776516   -4.444417     7.38419    1.999192   21.014619    7.106431   28.664312   21.595813    1.067138
   6.6697    78.34738    69.77094   17.476936  -59.166473  -112.63171  -131.91629  -122.77948   -89.19966   30.438194
  6.67735    73.98958   54.823105    1.872876  -63.829132  -121.59613 -132.456435  -128.24607  -94.270325    8.507724
  18.8233   71.445816   44.204336   52.624283   24.291255    24.76421    5.238034  -33.039143  -44.707577  -58.691444
     8.56    -25.1818   20.876354  -15.438023   -4.339326   16.160483   109.05978   130.99374   125.61235   102.59577
  5.56055 -111.659222 -119.347215 -114.083955  -115.41335 -125.945975  -115.75674   -98.38668  -59.986649  -19.873772
  5.57845 -111.659222 -124.369815  -131.49546  -139.17289 -144.131645  -118.93197 -100.469095  -56.190895  -25.814106
  17.7497   -92.83562  -20.861992  -21.708504   -8.161472  -22.384254  -27.836664   -9.238094    3.678432   26.480486
  17.7856   -92.83562  -21.660141  -21.708504   -9.434937   -23.73566   -37.84294  -22.486177    2.734128   28.416824
 17.80365   -93.30861  -24.623888  -22.176319   -11.22767  -33.205087  -44.085303  -42.149397   -5.850131   27.192927
  5.71415 -107.137505  -107.83066 -112.159095 -112.040735  -111.72649  -103.18759   -81.94971  -47.044817  -35.091876
  5.85015 -102.529655  -94.774815  -82.231245 -112.040735  -111.72649  -103.18759   -81.94971  -47.044817   -30.07411
  18.0219   -92.83562  -20.861992  -13.121145   -4.422622   -12.79435    -5.83767  -33.039143   -1.543569   10.124103
  18.0578   -92.83562  -19.552206   -7.976438   -4.422622   -12.79435   -4.983698  -11.606523    2.734128   26.480486
 18.07585  -84.568652  -15.825529   -4.587557    0.723773    7.404666    0.937647    0.286148    7.791192   31.969002
  18.0939  -75.355705  -17.361275   -2.783726   12.469404   18.175478    7.353868    23.41711   28.527676    35.52118
 18.18725  -73.713037  -13.671731    9.741364   18.984285   24.591922   13.956677   35.487052   30.388958   19.270463
 18.31235  -103.83186  -15.825529   -0.415754   -5.522425   21.014619   13.956677     44.4344   30.388958   36.895466
   4.9129  -37.853682  -87.611915 -159.559875  -192.66639 -188.773635 -154.893555  -113.89988   -75.89238  -43.801309
   8.2567    55.77109   58.964165    87.97466   114.25931   127.81275  183.601435  171.491765  157.624605    115.9909
  17.2206  -54.541573   18.933455    6.526053   30.554626    34.52763   20.657295   23.846977   31.679451   23.776508
  20.2564   24.396893   49.953964    65.47254     73.1175   141.44458  107.756424   65.855934    96.63916   76.877106
  5.04915  -85.996812  -134.09588  -168.74739   -187.8502  -191.10107 -168.086635 -120.339375  -67.790787  -25.387439
  5.18525  -85.996812 -116.565735  -133.34777 -159.985035 -165.771835 -144.524765 -110.470565  -67.790787  -36.606976
  17.2746  -59.700188   -2.035452  -11.195176   -6.840569  -24.948705   -16.41082   -5.045455   20.116625    17.20982
  17.2925  -61.344643   -2.438963  -17.710445  -13.020402   -33.12149  -24.288387   -6.045469   14.489574   23.530594
 17.39265  -68.350174   -5.845765  -16.735812   -8.482052  -41.341517  -29.573285   -7.649187    9.332503   24.123241
  18.8747   98.598615   11.858113   37.637527   -4.052946  -12.753504     1.67437  -25.110374  -28.376637   -7.989826
   5.3394  -103.82347   -86.74157   -94.74759   -96.14736  -118.40848  -115.69707  -100.51802  -67.438995   -20.79634
  5.44985 -107.137505  -94.774815  -101.09462 -118.794415 -133.774805   -118.8723 -100.191005  -66.573395  -20.369674
   6.9572    22.61918    39.87527    1.475625  -66.314125  -112.63171  -131.91629  -122.77948   -89.19966   -36.44275
  17.5292  -75.355705  -16.951637   -7.976438   -2.686207  -42.674515  -62.527485  -45.230164  -10.156694    16.07358
 17.54705  -84.095663  -20.207099  -15.415795   -7.156721  -21.337547  -44.085303  -30.777403    0.595279     20.3514
  17.5647   -92.83562  -20.861992  -17.710445   -4.422622   -12.79435   -8.636911   -9.238094    3.678432   24.469975
  19.1833   59.960961   15.187601    26.92183    6.806102  -12.735709   -7.386159   -37.60751  -44.707577  -48.851955
  19.4192   59.960961   22.006352   40.881515   34.664659   19.086673  -19.391218  -50.935516   -45.87467  -53.761185