    tempo         80       82.5         85       87.5         90       92.5         95       97.5        100
   4.9525    4.28322 -18.387928  -25.72924 -28.215813  -19.05791  -7.315201   0.829291  13.697769  16.317802
   4.9883   2.521615 -18.387928 -26.769388 -28.885399 -17.617704  -7.315201   1.524334  18.820004  16.317802
 17.14265  29.491184  29.155883  24.866912   38.25018  45.636164  38.312682   7.619758   3.215402 -16.828477
  17.1783  29.491184  29.155883  25.410039   38.25018  42.059255  36.293057   7.619758   6.861704 -16.828477
 17.19795   22.62875  30.256166  28.268905   38.25018  41.395967  31.660438   6.321726    9.10498 -16.828477
  18.7967  47.925262   9.038128  21.101204  18.994329  30.659521  18.805349   10.16362  15.484397  14.678386
  18.8325   43.80124   8.810883   14.18144  18.375336  17.668999  15.098541  10.274897  16.458815  15.547038
 18.83295   32.36683   9.038128  10.800148  11.093522   4.657373  11.253739    2.70767  15.484397  15.626222
  18.8686   32.36683   8.810883  17.963089  19.424496  26.891758  15.098541  -4.637003  14.509978   9.659627
  18.9693  38.084035   7.036038  25.791902  26.191516  34.807785  15.026678 -14.838372  10.343246    8.80554
  19.0697   32.36683   8.810883  26.030277   30.80816  37.588127   7.448113 -22.938244   9.437721   0.011349
   3.9164 -45.259697  -5.858837  -18.05032 -30.845402 -30.074907 -17.209793  -2.696766  -6.608202  -17.40671
   3.9164 -44.273091  -4.598106 -14.284178 -30.542296 -34.507323 -16.821434   -2.49256   3.089527 -12.337401
  15.9644   5.773846   1.225904   2.600808  -6.416188  13.015293  28.298313   26.13131  10.311585  -8.944386
 16.07045   5.863779    0.44776   -1.13601  -6.783978  12.331443  27.072899  27.847113  14.080172  -8.214935
  16.1067  18.744028    2.10326   4.278999  -2.235184  15.543186  28.298313   25.78483   10.07822  -8.416762
  19.1056  23.444184   9.306259  25.553528   30.80816   1.569847 -17.982195  -4.637003  23.256422  13.809734
  3.97335 -22.813793   0.200522  -9.510776 -27.198897 -25.595014 -15.146494   -2.49256  13.242513   2.487595
  4.07235  -0.367889   0.200522  -9.510776 -27.198897 -25.595014 -15.146494   -2.49256  13.242513   2.487595
  16.3433  13.265835  11.737945   5.874121  19.157658  32.221096  28.298313   26.13131   2.155038 -20.496868
  16.3792  20.577957  13.192985   5.874121  19.157658  32.221096  29.321678   26.13131   2.155038  -8.013109
  16.4153  22.173408  16.753882   7.968158  19.157658  34.622215  25.221832  24.629646   2.155038  -3.677387
  17.9975  52.686333  24.001629  17.436855  15.086174  30.917929  36.474855   36.51602  41.225975   19.10485
  18.0333  51.204136  22.335194  18.209854  15.693687  33.532609  37.680225  32.067986  41.352875  21.263676
 18.05125  51.204136  22.335194  18.209854  14.455327  21.572487  37.680225  32.067986  41.352875  21.263676
   4.2642   2.350679   -9.85355  -20.15482 -29.447609 -25.624174 -15.696138  -2.288353   22.92445   18.53875
  16.4903  13.265835  17.369383  11.383666  18.105193  33.421655  33.715818   46.53278  18.974677   6.315353
  16.6522   5.953712  16.753882   17.91524  25.078026  36.083015  43.567688   48.17029  14.733465   1.414424
  16.6717  -1.185669  14.905664  20.042212  31.747469  38.435127  46.220505   44.89527   10.07822  -3.580238
  18.0889   49.72194   9.265372   14.18144   -7.49588  15.578337   40.33144  42.785219  42.597222  21.784893
  18.2885   49.72194  -0.093883   6.791574 -11.020814  16.835173  37.680225  43.143375  41.352875  21.263676
 18.32445  47.925262  -1.997764   6.791574   2.864432  25.661844  37.973672  42.053714  36.261147  18.405357
   3.0096 -56.354915 -70.336535 -66.998464 -63.878777 -51.911366 -33.327757 -23.711964 -40.759735 -55.141228
   3.1172  -70.44989   -72.5452  -80.40565 -74.670746  -73.59229  -40.62873 -30.590187 -40.759735 -55.141228
  6.37125        NaN  88.799785   55.63794  -9.755367 -74.461748 -80.709399 -45.983221     2.0727   49.57222
  15.2711 -23.057118   0.087704  -2.843232  -4.031176   4.915039  20.371815  12.859725  -1.367123 -19.203415
  15.3069 -30.860237   1.392762    -0.6987  -3.109893   9.099116  20.063307  12.723025   0.814924 -14.996274
  18.5442  51.204136   7.058583  17.963089  18.564161   36.14729  37.680225  31.744366  16.458815   9.027741
  18.5797  51.204136   9.306259  21.101204  18.994329  31.040022  28.405094  14.132024  15.484397   19.51553
 18.61545  51.204136   9.285816  25.134798  22.665975  31.040022  22.646741    9.12565  12.360519   11.73468
   3.3539  -86.34855   -72.5452  -80.40565 -74.670746  -73.59229  -46.31188 -39.616547  -41.82594 -51.353897
  3.40915  -85.32088 -76.175157 -80.551525 -75.943303 -72.695147 -41.320567 -35.847341 -41.292838  -51.18099
  15.5442 -25.832726  -2.933067   -1.62941  -3.875062   9.370539   28.84599   25.78483   7.445746 -21.739343
    15.58 -25.832726  -0.221226    0.23201  -1.714303  17.129976  29.306372   25.78483   5.845401 -30.561241
  15.6189  -19.01571  -2.229818  -1.605642   1.023483  17.730179   29.42935  23.507909   3.605891 -31.816987
  17.1786  36.646357   30.51007  26.182163  39.105644  36.083015  30.357365    5.40711   8.409595   -7.83408
   3.6822  -47.07179  -52.26272  -63.20832 -60.712494 -40.374916 -21.520584 -16.809475 -26.773333 -50.817002
   3.7378 -46.165744  -49.76376  -56.41706 -59.092674  -38.93974 -21.520584 -16.229544 -22.029242 -46.742401
   5.0636   2.521615 -18.387928 -24.559475  -26.81632  -9.557207 -14.515978   0.829291  -7.012619  -6.369383
   5.1725   2.521615 -14.120739 -11.593365  -4.888547  -4.143844 -16.478108  -5.151834  -7.489431   -6.76367
 15.85295   5.773846   1.225904   3.762352   6.154979  18.407578  30.565965  19.798341   3.605891 -30.561241
  15.8725   12.34887   0.087704   3.245705   5.192749  17.129976   28.84599  21.230988   5.056744 -31.760845
  15.9083   5.953712   0.087704   2.712899   -3.84899  13.015293  25.221832  20.896942   2.155038 -29.361637
  17.2539  54.356697  38.102287  29.307335  38.102756  45.320938  30.357365    4.61038  24.658838  -7.637508
 17.38025  54.356697  35.202072  23.725344  38.102756  45.320938   23.99077   4.490971  24.658838   7.408564
  17.4711  50.663963  33.568443  22.378666    37.5434   46.70892  26.196101   4.550675  24.975957   7.390723
   5.3172        NaN -19.443907  15.463036  26.434038   2.194126 -20.273396 -14.706197 -15.159507  -6.369383
   5.4357        NaN    8.25614  27.199678  32.707229   9.289406 -27.399737 -38.008952   -28.3609   -6.76367
    17.78  30.450793  23.048237  13.763649  -5.477608   24.43193  30.631739  24.264417  38.160328  21.784893
  17.7982   49.72194  27.834619  12.472873  -5.729848  17.357195   32.96351    25.1049  40.270714  21.263676
  17.8161  60.352626   35.00048  17.436855  -0.106791  18.713043  32.912778  28.586443  40.684894  21.784893
   2.5547  -31.82099 -29.890537 -22.789553 -13.376082  -3.013116 -14.987789 -28.758569 -49.001795  -41.86811
  2.57265 -41.059336 -40.547684 -28.285151 -13.376082  -3.013116 -14.987789 -28.758569 -49.001795  -41.86811
 14.69125  -3.360078   1.627812  -3.960254  -6.926748  -19.61913   0.292567    3.25401 -16.292546 -33.498604
  14.7628  -3.360078   2.853195  -2.133323   1.330558 -15.105997   4.195959    3.25401 -16.292546 -29.107948
  14.8167   0.023344   2.027636   3.257393   1.529484  -1.436749    8.29789   4.784645 -14.638491 -21.986342
  18.0694   49.72194  20.668758  17.436855   5.156511  16.001347  36.474855   36.51602   39.85193  21.784893
   2.6294 -52.751373 -48.926414 -47.297394  -35.09471 -32.024727  -30.32626  -34.28293 -49.052963  -55.29657
  2.74655 -53.995414 -59.335787  -50.66708 -31.811073  -27.67282  -24.43342 -23.711964 -40.888945 -53.152327
   4.4622   3.941349   -9.85355 -24.559475 -30.239191 -25.624174 -15.696138   0.674324   22.92445   18.53875
  15.0178   3.796969   3.325984  -2.488278  -0.191872  -6.569387   4.826703  16.269787  -7.092372 -14.996274
  15.0539  -5.569995   2.853195   2.712899    3.76127   3.735491  13.644278  15.162381  -5.320771 -11.578392
  15.0917 -12.369899   3.325984   7.557043   6.654624   5.088721  18.117065  18.244379  -7.092372 -18.808785
  16.6718   9.696144  16.977953     21.753  33.803056  37.922359  41.668487  40.135885   9.773859  -3.628813
  16.6886  20.577957  18.201603  22.588196   38.95696  44.563408  39.769287   38.29066    13.0726  -3.580238
   3.1364  -70.44989   -72.5452  -80.40565 -74.670746  -73.59229 -49.988663 -41.961052  -41.82594 -55.141228
   4.7729    4.28322 -18.915917 -26.249314 -29.562295 -22.578496  -3.003149   8.221869  20.629689   29.30297
  4.87165    4.28322 -18.915917 -26.249314 -28.550606 -19.324523  -3.003149   1.176812  16.258886  20.887441
  15.3268 -26.322392   0.087704  -2.126054  -3.875062   4.915039   19.51986   14.80469   3.291787 -11.578392
  15.3461 -17.134854   0.087704  -2.843232  -6.926748   3.735491   19.51986   18.47206   5.606186 -11.578392
 16.85415    16.1732  30.256166  27.393443  43.954058  52.021295  49.094574   5.008745  -8.186253  -24.18162
  16.9807   22.62875  31.298969  26.069874     40.847  49.749537   45.29876   3.620978  -8.186253  -24.18162
  17.0167  23.768858   30.51007  25.957586  39.105644    47.8963  43.567688    5.40711  -5.959953 -25.048424
   1.7556   4.467813   2.485878  -12.58819 -10.768692 -14.992172  -9.171698 -21.806408 -25.524398 -31.746853
   1.7556  12.345368  11.708805  -7.184275  -6.208691 -17.204228  -14.11782  -22.23941 -23.522628 -29.296177
  5.00805   2.521615 -14.120739 -27.405461 -31.217084 -14.581108  -2.410208   8.221869  20.629689  12.063345
   5.0278   2.521615 -18.387928 -26.769388 -28.885399  -9.571079  -7.315201   1.524334  18.820004  -1.330391
  13.9636 -45.037686  -9.769725 -12.573816  -7.360616   1.548916   20.31093   20.89797   2.215241 -31.925776
  13.9814 -45.163773  -7.784271 -11.583581  -2.439239   4.595805  20.797668  17.869598   0.316853 -32.885412
 14.01735 -47.392498  -7.042464  -6.094991  -0.256277   3.338665  18.864422  10.414441  -8.918001 -34.519836
  17.2144  50.663963  32.136406  26.182163  38.662113  43.932957   32.96351    5.40711  13.376011  -7.637508
  17.2181  50.663963   35.00048  32.432507   38.95696   46.70892   32.96351   4.886344  24.658838  -3.446839
   1.8108  12.345368    4.06752  -7.621377  -9.374985 -14.992172 -17.194304  -24.39751 -39.399185 -34.178608
  2.04625   1.345392   -2.45768 -10.104783 -12.909295 -12.461716 -17.831395 -28.771177 -39.399185 -34.178608
   3.8803 -46.165744  -46.94311 -55.226913 -44.969038 -34.507323  -18.97683  -9.877757  -12.00298 -35.632572
  14.0925 -36.170708  -1.977138  -2.914629   5.237923  -1.199332  12.828562  10.018468  -9.398221 -33.845047
  14.2542 -25.739244  -1.621958  -0.623628   4.497008  -2.432262   8.348537   5.766134 -10.295268 -34.182441
  14.2906    -6.7435   1.627812   0.886066   5.237923  -1.199332  12.759127   9.731773  -8.685053  -32.41238
  15.8889   5.953712   1.225904   3.762352   5.384807  16.336581  28.572152  19.793679   1.840934 -31.816987
   2.3925 -23.087737 -22.862701 -25.916883 -13.958738  -9.931261 -16.393318  -34.28293  -52.51325  -43.10916
   2.4114 -21.707209 -22.862701 -25.916883 -13.958738  -9.931261 -16.393318  -34.28293  -52.51325  -43.10916
   3.9164 -43.286484  -3.337375 -10.518036 -30.239191 -30.074907 -16.433075  -2.288353  12.787257 -10.757988
  3.93585 -43.286484   0.200522  -9.510776 -28.831711 -25.924212 -16.059129   -2.49256  13.242513  -9.178575
  14.4914    -6.7435   1.627812  -2.914629   2.216693 -11.465418  13.644278  12.556645  -9.566736 -32.955492
  14.5464   0.023344   3.325984   5.555674   1.950747 -13.073265  13.434211  14.054975  -9.982522 -31.013357
 14.57275  -3.360078   2.853195   4.828573   1.684802 -15.105997  13.224144  12.556645 -10.587419 -28.358963
  16.1453   12.34887   2.240712   5.554855   6.154979  17.921138  27.072899   25.95807   9.252623  -8.214935
  16.1814  20.577957   2.221592   5.638772  17.052729  32.221096  28.298313  30.208014   7.445746  -8.416762
   1.0114 -23.115604   5.222919  -20.23806   -0.02569  -2.048777  -6.737938 -26.607012 -39.807314 -36.241493
   4.1533  -0.367889  -3.337375 -10.518036 -28.215813 -25.624174 -15.696138  -2.696766  12.787257  -0.415911
   4.1536    1.78673  -3.337375 -10.518036 -28.215813 -25.624174  -14.59685  -2.288353  13.697769   13.91169
    13.22 -43.847251 -26.219885  -15.44525  -3.899803    10.5049  32.088852  35.320114  10.247419 -21.427204
  16.4168  13.265835  16.529812   6.921139  18.105193  30.585354  25.534658   22.88345    6.37978  -2.409057
 16.43625  20.577957  16.977953   8.076763  18.105193  30.585354  27.072899  31.537709   11.57541  -3.513538
   1.2292 -22.418861  -7.401238 -21.550333   -5.43652  -2.048777  -6.737938 -26.607012  -32.46334 -36.241493
    1.265  -1.011978   2.012262  -19.70919 -10.071839  -9.688798  -8.821407 -25.502261 -29.093428 -33.165443
   13.455  -39.74306  -17.89965 -11.199227  -3.446638  10.370268  23.040674  28.037838  -6.346081 -26.253563
  13.4911 -29.223087   -4.62618  -9.098459  -0.791119    10.5049  22.555473  19.995472  -4.942869 -22.011993
  13.4933 -29.223087   -4.62618  -9.881599  -0.791119  11.831755  20.797668  17.869598  -7.145891 -22.533993
  16.7078  11.542137  21.968004  24.626312  39.643207   47.30261  38.312682  27.002329   9.939293  -3.628813
   1.5019  -1.011978   -2.45768  -19.70919 -10.071839 -16.160496 -10.106517 -25.502261 -27.611809  -39.28135
  1.53795  -5.411496 -14.848067 -21.869704 -13.606148 -18.372552  -14.11782 -25.502261 -32.764688  -39.28135
  3.17385  -86.34855 -76.175157 -80.551525 -75.943303  -74.96674 -48.150272 -40.788799 -41.292838 -53.247563
  13.7278 -36.170708  -7.784271  -8.866568  -2.942939   3.972668  18.559648  15.837658   -1.89786 -22.719136
  13.7636 -29.047572  -9.769725  -9.098459  -0.791119   5.228333  22.555473  19.991676   4.209035 -22.904278
  13.7658 -29.223087  -7.784271  -9.490029  -1.615179   4.785173  20.368752   32.65431   7.250775 -26.140316
  15.3622 -17.134854   1.045876  -1.877732  -3.953119   4.495399  19.595235  18.690416    5.36697  -18.71737
 15.40015 -17.134854  -1.577147  -1.877732  -3.953119   5.508361  20.714377  21.063965   7.440575  -20.65835
   1.7735  15.666039  11.708805  -5.769061  -6.208691 -17.204228  -14.11782  -22.23941 -23.522628 -29.296177
   3.5458 -63.960133 -71.736555 -80.551525 -75.943303 -69.538232 -29.106386 -27.389954 -37.722017 -51.008083
  3.64485 -57.470375 -65.126683 -80.551525 -69.357475 -67.189834 -26.760412  -26.69082 -33.812628 -51.008083
  14.0197 -45.037686  -5.772928  -6.094991  -1.080337  -0.091513  13.174724   9.875121 -10.306258 -37.291985
  15.6556 -11.766617   -0.19952   2.712899   8.263742  18.712301  29.537022   25.78483   7.445746 -30.561241
  15.6914  -9.707572    0.44776   4.278999   8.263742  18.870493   29.79096   25.78483  10.311585 -22.704468
   0.5839 -34.471804  14.198691  27.855363  26.796343   30.23087   0.393742   7.691732  15.153522  13.909357
   0.7028 -14.660124  17.915632  31.392101  18.834951   1.478376   -1.94397  13.847439  31.055726  34.371734
   3.8803 -46.165744  -44.12246 -54.036766 -30.845402 -30.074907 -17.209793  -4.107975 -10.298855 -29.054296
  12.6194  -58.17064 -39.088966 -41.024136 -34.131855   3.132874  32.867928  47.478004  29.127249 -15.233079
  12.6553 -56.683464  -36.63907  -40.55133 -34.131855   3.132874  32.867928  47.478004    26.1422  -17.06696
  12.6914 -59.083214  -32.44263 -40.263226 -25.569447   4.552093   24.97886  45.314716  15.953964   -17.2365
  15.9278   5.863779  -0.055908   2.600808  -6.416188  12.733642  25.221832  21.230988   7.445746 -18.231325
 15.94595   5.773846   0.087704   2.656854  -3.564305  13.982028  25.534658  25.207238   9.673667 -14.845913
   0.7383 -23.115604  17.915632  31.392101  18.834951   1.478376   -1.94397 -15.920059 -26.209094   5.168707
   0.9561 -23.115604  14.198691  23.649504  15.246888     0.7308  -3.103774 -23.464406  -32.46334 -13.780054
  2.48305 -23.087737 -27.168073 -22.789553 -13.376082  -3.013116 -14.987789 -28.758569 -49.357068 -41.406345
  12.9281 -57.883339 -30.711767 -20.459291  -3.899803  10.370268  23.082638  25.391558   2.543968 -19.563276
  13.0551 -56.683464 -30.561852 -13.880356  -2.959727    7.46118  22.246969  20.282362  -5.644475 -21.427204
 13.15555 -56.683464 -26.300214 -13.880356  -2.959727    7.46118  20.944747  20.282362  -5.644475 -25.024849
  14.5549   1.910156   3.858733   6.383723   2.756955  -11.24781  14.907202  15.870643 -11.696535 -30.060652
     1.03 -23.115604 -32.001427 -21.550333  -3.713409  -4.595649  -8.634504 -31.327576 -42.477142  -50.77744
   1.0661 -22.767232  14.126995  -20.23806  -3.713409  -4.916681  -9.008309 -31.327576 -42.477142  -50.77744
   2.5906 -45.911279 -45.002279 -38.492685 -15.073096   -14.0272 -17.430903 -36.195545 -56.595865 -49.202865
   2.5908 -50.814487  -48.62527 -42.183796 -28.527435 -23.320913  -18.54058  -38.10816 -55.852993  -55.29657
 13.22875  -39.74306 -22.574434 -14.413519  -5.817633  10.437584  27.322163  38.338803  10.815455 -20.319557
  13.2468 -29.223087 -18.686592 -12.573816  -3.673221   7.672404  21.266207  27.970043   8.561043 -19.331852
  13.2743 -29.223087 -18.444202 -12.573816  -5.817633   4.785173  21.838293  26.831155   2.998551 -21.719599
  14.8372  -3.360078   1.627812    0.23201   1.374167 -10.747007   5.457447  10.538391 -10.230687  -20.31594
  14.8911   0.023344   1.627812  -2.133323   1.330558 -10.675278   5.457447  14.763237  -7.337347 -18.414156
   2.8457 -53.995414 -59.335787  -50.66708 -31.811073  -24.86289 -20.030582 -23.711964 -40.355842 -53.074655
   2.8829 -53.995414 -59.335787  -50.66708 -31.811073  -24.86289 -20.030582 -23.711964 -40.355842 -53.074655
  11.8293   -56.0132 -25.886318 -34.968956  -37.10839 -11.659394  25.603562  51.800523  59.770891  29.832576
 15.12795 -23.057118    2.69782    0.23201  -1.714303    4.07576  19.490675  16.149677  -1.367123 -19.203415
 15.16405 -23.057118   0.087704   -1.62941  -3.875062   4.915039   19.67061  12.859725  -3.994007  -20.31594
  23.9031  25.052757  34.935883   54.87059   68.50277   3.773627 -14.523073  -4.785512 -28.068062  42.716618
   23.921  25.052757  38.287371  57.579062  72.536118  35.560619   3.573011  -1.308161 -11.567297 -10.575049
  12.0928  -53.85576  -37.46453 -39.702623 -41.021213  -9.368417  32.867928  56.876656  59.559937  16.496906
  12.1289  -58.17064  -36.63907 -35.599636 -38.240907   1.072788   25.27921   54.26072  59.559937   9.652642
  12.1647 -56.683464  -36.63907 -38.997591  -39.51637  -9.368417   24.97886  47.880127   51.92114     3.6363
  13.7636 -28.872057  -6.300656  -7.660478   1.247629   5.858499  21.676571  22.996758   5.339458 -22.272993
  12.4017  -58.17064  -36.63907  -40.55133  -27.88896  12.864452  32.867928  45.314716  45.770676  -2.966649
  12.4206 -59.083214  -34.54085 -40.407278 -26.729204  12.864452  32.867928  45.314716   40.94028  -4.723475
  12.4378  -58.17064  -36.63907 -40.263226 -25.569447  12.864452   34.95714  47.292538   34.46766 -11.728055
  14.0203   -44.9116  -6.300656  -6.976604  -2.439239  -1.199332  13.125305   5.894416 -11.214294  -35.90591
 14.05545 -40.541154   -4.82396  -5.006035   1.529484  -2.917437   5.857887   3.371809 -15.088208  -35.90591
  2.12055 -20.741908 -15.353184 -12.334409  -14.49044  -3.339596 -16.793811 -23.534961 -40.774891   -40.6063
     2.22 -20.442844  -9.860751 -10.842318 -11.637346 -12.461716 -17.831395 -23.815859 -40.774891   -40.6063
   12.701  -59.62726 -32.301648 -25.786438 -14.913852   4.408722  24.030749  35.606127  10.815455 -19.563276
  14.3286  -3.360078   3.113116  -0.450352   3.256525  -6.893722  13.174724   9.875121  -8.077035 -31.469566
  14.3644 -15.397275   1.627812  -2.914629   2.216693 -10.122252  12.759127  10.018468  -8.299926 -29.107948
  23.1392  88.991032  50.873524    33.0235   7.197018   5.890735  17.985378  31.309895  60.635079   64.55469
   2.5547 -24.468266 -31.473446 -25.916883 -13.958738  -9.931261 -16.393318  -34.28293 -46.200886  -40.62706
  11.3471 -42.714715 -19.152273 -32.618727 -39.195595 -13.552048  29.076267  70.868305  90.277283  47.372417
  11.4654 -42.714715 -15.130165 -30.157072 -39.195595 -13.552048  20.443898  69.911355  85.021637  39.147002
  11.5839  -44.76659 -18.831812  -25.75685 -39.017765 -13.552048  18.374672  64.361026   67.66951   35.35812
  14.6017   0.023344   5.659617   6.795948   1.352362 -19.064773   4.826703  10.018468 -12.200754 -30.516862
 14.61945  -3.360078   2.853195   4.828573  -2.344725 -18.510416   3.937946   5.211249 -13.419622 -32.169078
  23.1392  49.889664  47.970752  30.062599   6.487226   1.212183  10.265623  29.620247  60.464165   65.47426
  23.1394  27.686182  42.637115  27.101698   5.777433   -3.46637   2.545868  11.322365  28.228108  55.527911
   1.2289 -22.418861  14.126995  -20.23806  -3.713409  -4.916681  -8.634504 -31.327576 -42.477142  -50.77744
 11.61985  -50.12821 -20.363436 -33.467316 -40.118076 -20.763589  11.916221  58.681923  66.978065  37.689253
  11.6378  -50.95722 -19.918084 -29.154785 -39.195595 -14.087437   13.68789  54.682053   64.79326  36.672897
 11.72875  -54.56393 -20.363436  -25.75685 -36.373287 -12.472288  18.374672  51.800523  62.916928  34.242115
  13.2561 -29.047572  -17.89965 -11.583581  -3.899803   4.974541  21.121113  28.270752    6.09199 -21.427204
  13.2919 -34.483074 -18.686592 -11.583581  -3.899803   4.595805  21.121113  28.270752   4.209035 -21.427204
  13.4189  -42.32733  -21.40462 -15.262987 -10.473226   3.349531  21.121113  28.037838   0.679499 -22.533993
   1.3028  12.345368  11.425762  -7.621377  -3.713409  -2.048777  -9.008309  -24.39751 -27.611809 -33.165443
  1.32085  12.345368  11.708805  -6.206163  -3.377903  -1.032777  -8.821407 -23.534961  -26.13019 -29.277256
  11.8389  -58.17064  -37.46453 -36.920361 -38.063077 -11.390873   25.27921  49.215485  53.928658   28.81713
  11.8747  -58.17064  -37.46453 -33.010018 -38.063077  -9.368417   22.70805  47.880127   51.92114  23.993767
 11.89275   -56.0132  -37.46453 -37.731956 -39.373425 -10.648167   23.99363  49.637898  55.709069  22.742408
   13.565 -32.696897  -5.575148  -8.344353   3.636647  11.831755  19.939835  10.810414  -7.962448 -26.253563
  13.6914 -32.696897  -5.575148  -8.344353   0.278564   5.228333  19.439386   9.731773  -7.145891 -26.253563
  22.3036  18.786398  25.393564  24.948114  23.097566  35.860279  35.864195   40.99184   58.42175  69.284676
  1.55695   4.467813   -2.45768 -22.506997 -17.643888 -18.372552  -14.11782 -25.502261 -32.764688  -39.28135
   1.5758  -1.011978  -7.401238 -21.550333 -16.443604  -17.32882 -11.041336  -24.39751 -39.399185  -37.05363
  10.7664 -47.494823  -30.91057 -32.585484  -30.18328 -21.676306   5.298766  30.322147   73.27486   66.11664
  13.8378 -36.170708  -6.300656 -13.564051  -9.672213  -1.199332  19.939835  32.681774   9.253603 -27.397471
  13.8918 -40.541154   -5.04742  -10.73259  -7.360616   1.548916   20.31093  30.332342   6.498242 -28.302773
  10.7843 -46.345136 -29.061077 -31.823856 -29.771548 -25.733372   4.060129  47.688112  86.203175     62.693
  10.8022  -45.19545 -23.939073 -31.770138  -30.18328 -22.252895   6.961046   64.20215   90.66603    60.2386
 12.42915 -58.626927  -34.54085 -38.997591 -20.099293  15.585328  35.091159  46.303627  37.757445 -11.137178
  23.1036  88.991032  50.873524   33.80288  10.191963  10.097412  28.668781    46.4259  66.849381   64.55469
  23.1214  88.991032  54.941065   33.41319    8.69449   7.994073  23.327079  38.867897  60.805992   65.47426