    tempo         80       82.5         85       87.5         90       92.5         95       97.5         100
  0.68765        NaN -28.572788 -37.684528 -46.487474 -42.560581  -54.08332 -26.161611  14.149656    7.232264
  11.0992 -17.131539 -13.005575  -22.16443 -21.103508  -23.52393 -18.783709   7.915777  12.961309   31.315062
  12.7542  -2.582496   3.665216  -0.647043   1.766457   3.799279    5.68621  10.576774  27.534473   31.500679
 12.87365  61.586615  13.174504  -0.662333   8.532603  14.020713  32.417203  33.692376  38.294964   33.251389
  9.73835  20.545589  31.841985   25.11261  34.773765  12.834604 -17.939809  -10.43104  -20.27555  -21.387273
   9.7561  14.620744  30.875471  23.595793  26.869286   9.144672 -30.197783  -10.43104  -20.27555  -21.387273
  22.1867  30.026404  26.969238  26.957548  21.312778   7.377352 -18.967548 -61.221397 -47.305943   -65.16489
  22.2046  30.026404  26.924093  25.988837  23.741057   8.797456 -18.615779  -50.65851 -47.305943   -65.16489
   1.2558        NaN -27.437727 -27.159998 -31.460495 -34.327793 -37.078598  32.800797  101.88683  103.490944
   9.9958  11.554605  13.227211  16.385246  21.564971   1.607959  -3.462892  -4.850543  -7.416654  -16.503113
   9.9958  11.554605  13.227211    17.2367  20.416374   0.050548  -3.462892  -4.850543  -7.416654  -16.503113
  11.7178 -24.428822 -31.128937  -20.29751 -22.289322  -7.467207   9.139301  17.242848    34.0384   45.721705
  22.2228  30.026404  28.645554   36.64216  27.737547  19.521786 -14.670652 -39.376377   -39.7982   -65.16489
  10.2708  11.554605  -7.736038  -5.785692   -3.78374   -1.51115   18.51072   24.07206  34.568139   36.642719
   11.925 -19.244759 -31.128937 -23.396215 -26.252472 -15.842526   1.730152   4.567076  29.942929   40.076361
  11.9429  -26.50486 -35.712934 -27.562339 -25.329636 -15.842526   1.730152   4.567076  29.942929   40.076361
  22.2583   5.730824  28.645554  40.233974  43.177444  10.217561  -18.26401 -40.095623 -47.305943 -124.411415
  11.9608  -33.76496 -42.668144 -31.728462 -26.252472  -24.43432   0.344193   0.088112  29.033005   31.725996
     12.2  -18.14014 -42.668144 -31.728462 -23.969528  -5.442352   0.344193   0.741985  29.033005    29.17126
  9.23845  42.655525  31.357926   1.739226  30.207908  19.829922   -1.65678        NaN        NaN         NaN
   9.2389  33.684082  34.691845  21.068401   33.54653   9.144672  -2.950202  -5.856589 -10.942225  -16.503113
  21.4658  42.398785  25.202633  16.602167  13.813108  -12.78026 -40.911133 -61.594032  16.242916   42.616043
 21.68875  64.491147  26.085935  21.779857  17.562943   3.370763 -12.923638 -33.219571  -3.694365   20.131135
   9.4781  32.025192  34.691845  23.595793   33.54653   9.144672  -3.462892  -10.43104  -20.27555  -21.387273
  9.61725  29.247813  32.410144  19.152551  24.791427    4.59761  -4.572363  -9.424995  -20.27555  -21.387273
  11.1678  -19.16581 -16.640521 -19.010554 -27.295254  -23.52393 -18.783709   7.915777  12.713564    52.88401
 11.42475 -19.244759 -15.070588 -19.239668   -24.4068 -24.523333  -1.475243   9.157189  35.813568   46.423057
  11.4428  -19.16581 -16.640521 -19.768589 -23.348061  -11.99754   1.614056   7.915777  29.033005   39.962105
   8.4461        NaN -13.335969   3.558842    54.5246        NaN        NaN        NaN        NaN         NaN
  11.8214  -33.76496 -42.668144   -35.2383   -24.4068 -18.013199   2.410795   2.596325    34.0384   45.721705
    10.65  -19.08686 -18.210453 -26.605263 -19.917694 -14.450436  -6.158018  14.319554  34.568139   36.642719
   19.045 -40.731525 -11.254551  -0.042032  -2.771712 -35.413246 -22.282402 -16.563347  -2.792078    8.549555
 17.80455   7.799366 -20.068352 -24.592758   -23.2853 -34.418726  -34.83104 -39.137013   -14.7703   13.106333
  17.9767   7.680338 -26.820337 -25.124193 -24.302292 -30.219448 -28.568043  -37.67152 -13.398124   11.906626
 18.25155 -26.666567 -27.388131 -24.677328  -20.72515 -21.362071 -25.815142  -35.76092  -7.469815    6.572807
  18.2517 -31.738216 -28.831684  -24.43137 -20.439219 -16.354828 -23.899939  -37.67152  -2.627116    8.549555
  18.2875 -33.107311 -27.388131  -21.40624 -19.483386 -19.042527 -25.936321 -41.250321  -11.15196   13.106333
  19.7161   1.717252 -11.654843 -15.174137 -11.456599 -14.367851  -1.471825  -2.505857  -4.701053    2.845818
  18.4247 -39.489475 -24.557788    -6.3679  -6.024957 -12.236458 -22.612486 -41.250321 -16.111402     3.14521
  18.5264 -34.476406 -22.931326  -1.142399   0.806111  -8.118088 -23.899939  -40.16324 -25.883802   -6.989687
  17.2189    45.2171 -16.181225 -11.730997  -18.60789 -26.152367 -25.244907  -57.46398  -38.34778  -27.346958
  17.4578  15.175879 -16.018365  -8.176515 -17.419393 -37.186653  -43.26795 -75.165683 -43.731896  -11.645039
  17.5297   53.43051  -9.414427 -12.708823 -19.589153  -36.33984 -40.168194     -37.28 -25.205092    0.093246
    17.53    45.2171 -13.869303  -16.76986 -20.570415   -36.2869 -39.712177 -36.449215 -21.221298    1.313597
  17.7328  26.567747 -16.375479 -19.702114 -20.753536 -33.253174 -40.168194     -37.28  -18.95646    3.945219
  19.1122 -40.731525 -11.254551  -25.11515 -18.097404 -35.821503 -22.282402 -16.563347  -2.792078    6.172705
  17.7507  26.567747 -16.375479 -21.108793 -21.602482 -33.253174  -34.83104 -32.626846 -15.997322    9.088146
  17.7689   7.918395 -17.849771  -24.43137 -24.302292   -36.2869 -37.699917  -33.85032 -13.575681   14.306039
  17.7689   7.799366 -18.545095  -24.43137 -22.268307 -32.550552 -31.962162 -36.449215 -15.964919   11.906626
 19.66205 -10.529552 -11.254551 -14.712653 -17.157794 -26.393983  -2.916623  -2.505857   1.862145    9.837764
  19.6622 -10.529552 -11.254551 -14.712653 -18.097404 -29.500803  -3.115833  -2.510731   1.862145    9.837764
  19.6982  -9.625507 -16.623589 -19.233097 -14.203616 -19.204473  -2.352372  -4.988078   6.516368    6.172705
  16.7003 -14.865342 -22.066801 -24.691883 -29.651855 -26.152367  -21.45839 -29.210852 -48.079334  -53.807785
  16.7006 -14.865342 -15.855504 -21.898731 -28.588783  -36.65306 -25.244907  -39.60956  -51.01248   -58.81954
  16.7361 -14.865342 -21.480572 -21.898731 -28.588783 -26.152367 -38.545334 -41.279747  -63.26555  -53.807785
  19.7339   8.622538 -10.717777 -14.712653 -12.189047  -13.61392  -3.115833  -2.510731   -7.27863    0.366699