tempo_decorrido;70.0km;72.5km;75.0km;77.5km;80.0km;82.5km;85.0km;87.5km;90.0km;92.5km;95.0km;97.5km;100.0km;std_70.0km;std_72.5km;std_75.0km;std_77.5km;std_80.0km;std_82.5km;std_85.0km;std_87.5km;std_90.0km;std_92.5km;std_95.0km;std_97.5km;std_100.0km
3.4280555555555554;;;;;-72.24328;-27.496458;25.353077;52.37684;39.69462;-1.2540941;-68.09478;-40.168114;-48.01001;;;;;28.098358670925958;27.981651130696346;27.63060621846723;26.64194437348746;24.180255374995525;19.147072883341725;15.911745661617395;14.300301745068179;17.469454771114066
3.4641666666666664;;;;;;;;;;;;;;;;;;;;;;;;;;
6.699444444444444;;;;;;;;;;;;;;;;;;;;;;;;;;
6.735833333333333;;;;;;;;;;;;;;;;;;;;;;;;;;
15.617777777777778;;;;;;-33.615276;-32.752617;-25.30717;-8.685543;-10.575448;-6.1683807;-20.586744;-62.871704;;;;;;21.92753656934586;20.208480892932055;18.18748195875394;15.647057550862398;15.862600354292482;16.397277213000944;15.812489999996838;15.453578873516646
15.65388888888889;;;;;;-50.197655;-33.941326;-16.109688;15.240338;20.685665;-9.107708;-44.006344;-79.63485;;;;;;19.957689245000285;17.936663569348678;17.085269386228592;15.897332166121458;14.520831243424048;14.715208799062282;14.592701257820638;14.49845715929802
15.689722222222224;;;;;;-26.960793;-19.701538;-22.008892;-15.704693;2.1170328;13.812931;14.026566;3.1102505;;;;;;21.469570093506764;18.133662068098655;16.75793722389483;17.415323712179454;16.15073156237822;15.287004284685734;16.852084144105145;18.847986099315758
18.889722222222225;;;;;;-53.04931;-44.99543;-30.21444;-11.259929;8.832848;33.629745;41.546364;10.708891;;;;;;15.628371636226213;14.358536137085842;10.867075963661982;9.830424456756687;10.561502733986295;11.698967475807427;12.647360594210951;13.611961284105975
18.925555555555555;;;;;;-36.945435;-23.95507;-15.022044;2.9757571;21.502926;30.156456;23.627455;-0.84054184;;;;;;18.359373627659522;15.138085083655726;9.63255158304382;8.807031565743364;9.301532669404542;10.55944127309774;12.17296430619921;12.721444100415644
18.961666666666662;;;;;;11.066694;15.325668;9.959406;7.802729;20.807863;3.917306;-18.347874;-46.090057;;;;;;15.388409599435544;17.86010554280125;9.584897234712535;8.490048880895799;8.311060702461509;9.505874499487145;12.339058716125798;13.736887929949782
