tempo_decorrido;70.0km;72.5km;75.0km;77.5km;80.0km;82.5km;85.0km;87.5km;90.0km;92.5km;95.0km;97.5km;100.0km;std_70.0km;std_72.5km;std_75.0km;std_77.5km;std_80.0km;std_82.5km;std_85.0km;std_87.5km;std_90.0km;std_92.5km;std_95.0km;std_97.5km;std_100.0km
1.3244444444444443;;;;;11.776474;24.904953;37.36263;41.069458;27.96434;9.984778;-1.2385468;0.94724154;-2.5038033;;;;;21.18439000773919;20.06327565478778;18.040176551242507;14.910490266922816;12.008933341475421;10.653635717444068;10.2912904924504;11.753875105683232;15.784091041298513
1.3605555555555555;;;;;13.271358;10.840723;7.8950005;5.96679;0.83426857;4.8061337;15.687227;30.110231;44.57701;;;;;21.020575634363585;19.249000493532126;16.740453100200124;14.640703193494499;13.27568981258601;12.208449942560275;12.122188746261957;13.910910466249145;16.575855030736726
1.3969444444444443;;;;;-22.668276;-22.716145;-21.17318;-12.579199;-12.959118;-4.331234;10.244993;15.35257;60.5632;;;;;22.049848072038955;20.148637671068485;16.55211557475358;13.90616985370163;12.179483979216855;11.725539646429924;12.99701504192405;15.096075980200949;18.431450024346972
4.631666666666666;;;;;;;;;;;;;;;;;;;;;;;;;;
4.666944444444444;;;;;;;;;;;;;;;;;;;;;;;;;;
13.409166666666666;;;;;59.900467;3.7451856;-3.1158864;10.177009;13.508217;17.23495;0.6263306;-28.652807;-23.405891;;;;;23.532610352444966;21.69973663434651;18.665267209445464;16.241980790531677;15.434478935163312;15.377958577132402;13.961600911070335;14.090280337878307;15.877528774969988
13.445;;;;;50.742023;-5.656744;9.291738;13.471014;14.670689;13.146832;-12.218609;-32.11543;-29.007774;;;;;22.262489528352393;21.54276862429711;19.990044272087044;18.59010435688837;16.640835315572353;14.140146392452943;14.14566117224642;14.560547379820582;15.12357993333589
15.063055555555556;;;;;;-26.822556;-20.961481;-4.8431387;-2.636407;-36.22461;-54.763924;-68.41895;-88.15148;;;;;;20.996955969854298;18.199783515196;15.362704839968774;15.317884971496554;15.17234424866507;15.50396078426413;15.587404530581736;17.181910545687288
15.099166666666669;;;;;;-27.89021;-26.43459;-18.503752;-16.53999;-16.658813;-55.374466;-135.8971;-124.547585;;;;;;21.232579918606216;17.86286371218232;15.8028035487378;13.981263891365472;12.4901361081455;13.558834020667117;15.006880088812597;14.62469521049926
