tempo_decorrido;70.0km;72.5km;75.0km;77.5km;80.0km;82.5km;85.0km;87.5km;90.0km;92.5km;95.0km;97.5km;100.0km;70.0km;72.5km;75.0km;77.5km;80.0km;82.5km;85.0km;87.5km;90.0km;92.5km;95.0km;97.5km;100.0km
1.1519444444444444;;;;;;;;;;;;;;;;;;;;;;;;;;
1.1883333333333332;;;;;;;;;;;;;;;;;;;;;;;;;;
11.581666666666669;;;;;18.613819328660092;13.721228079148018;14.252586782756316;15.666734822546784;13.391020498826817;9.370650991259891;11.756783148463699;13.650909859785903;14.006674837376643;;;;;18.613819328660092;13.721228079148018;14.252586782756316;15.666734822546784;13.391020498826817;9.370650991259891;11.756783148463699;13.650909859785903;14.006674837376643
11.61722222222222;;;;;18.410185767666768;13.787006201492765;17.344813634052112;17.30624164860759;15.14810648232973;14.154832037152543;16.52806522252378;14.323189239830633;11.345920852888055;;;;;18.410185767666768;13.787006201492765;17.344813634052112;17.30624164860759;15.14810648232973;14.154832037152543;16.52806522252378;14.323189239830633;11.345920852888055
13.235833333333334;;;;;;28.91670970217739;26.582219621393545;24.33069666080279;21.65876381513959;20.796333811515915;24.168158804509705;22.20883157664986;20.830389338656154;;;;;;28.91670970217739;26.582219621393545;24.33069666080279;21.65876381513959;20.796333811515915;24.168158804509705;22.20883157664986;20.830389338656154
13.271388888888888;;;;;;23.311962594341985;23.57371417490252;22.917065693495754;19.587610880349857;18.648804251211388;18.623843856733764;18.060864320402832;18.4105160166683;;;;;;23.311962594341985;23.57371417490252;22.917065693495754;19.587610880349857;18.648804251211388;18.623843856733764;18.060864320402832;18.4105160166683
23.7725;;;;;29.053662419736348;26.675371412597052;20.936309846770992;15.217886186984051;13.431960765279209;14.411707046703386;17.111129126974642;19.986948741616366;22.90686578299179;;;;;29.053662419736348;26.675371412597052;20.936309846770992;15.217886186984051;13.431960765279209;14.411707046703386;17.111129126974642;19.986948741616366;22.90686578299179
23.808333333333334;;;;;28.605887505896405;26.3502457294045;23.88712205352499;21.41793407404178;19.506321539439465;18.567678099320872;19.347819773814308;21.525268871723764;24.84860961905112;;;;;28.605887505896405;26.3502457294045;23.88712205352499;21.41793407404178;19.506321539439465;18.567678099320872;19.347819773814308;21.525268871723764;24.84860961905112
23.844444444444445;;;;;28.19721262820139;26.20585716972448;24.191324891373768;21.760972404743313;19.464045314373884;17.6133017915438;18.484436696853923;21.66462323697322;25.005199459312458;;;;;28.19721262820139;26.20585716972448;24.191324891373768;21.760972404743313;19.464045314373884;17.6133017915438;18.484436696853923;21.66462323697322;25.005199459312458
