tempo_decorrido;70.0km;72.5km;75.0km;77.5km;80.0km;82.5km;85.0km;87.5km;90.0km;92.5km;95.0km;97.5km;100.0km;std_70.0km;std_72.5km;std_75.0km;std_77.5km;std_80.0km;std_82.5km;std_85.0km;std_87.5km;std_90.0km;std_92.5km;std_95.0km;std_97.5km;std_100.0km
0.976388888888889;;;;;;;;;;;;;;;;;;;;;;;;;;
1.0119444444444443;;;;;;;;;;;;;;;;;;;;;;;;;;
2.6294444444444447;;;;;;;;;;;;;;;;;;;;;;;;;;
2.6652777777777774;;;;;;;;;;;;;;;;;;;;;;;;;;
13.165;;;;;;21.824635;37.09801;47.41879;41.78697;9.228277;-14.529209;-36.9728;-47.52537;;;;;;23.63915396117213;15.317477599134918;11.141289602195968;9.885451431270097;10.762954055462654;12.887495489814924;14.089159307779864;14.77657842668593
13.201666666666666;;;;;;51.862617;15.806625;-15.1985655;-16.234299;-15.679642;-8.730174;-30.82462;-26.253563;;;;;;20.486727410692026;15.307856479598964;12.660365318583821;11.675080299509721;9.656402539248248;10.038375864650616;20.383100843590995;13.922793541527504
13.2375;;;;;;-60.488716;-20.771656;-3.446638;24.040384;32.088852;25.391558;-7.145891;-43.17642;;;;;;22.21179191330587;19.428396742912163;15.580508977565527;15.743662852081151;12.342985862424051;14.027552174203452;16.226666324294712;11.654224126899225
14.819444444444445;;;;;;43.5132;87.67243;103.62629;58.70748;24.815228;-26.506208;-62.838875;-1.5035882;;;;;;24.732869627279403;20.613391278486905;17.75168555377207;17.30527549621791;18.062760032730324;20.489987798922673;18.859819723422596;14.20022992771596
14.855833333333331;;;;;;35.808975;51.812412;48.651325;31.333237;4.1959586;-39.389397;-65.566284;-18.414156;;;;;;20.37927059538687;17.78101234463325;15.634714580061894;14.39426205124806;13.624459622311631;14.75008677940574;13.40709327184681;11.112960001727712
14.89222222222222;;;;;;2.8531952;14.771291;16.440788;31.986937;21.199343;2.6085157;-17.047167;-8.878933;;;;;;21.982409331099262;20.094140439441542;18.45687947622783;14.97746874475123;11.335265766624088;10.316352068439697;9.654533650052704;9.72081478066525
