tempo_decorrido;70.0km;72.5km;75.0km;77.5km;80.0km;82.5km;85.0km;87.5km;90.0km;92.5km;95.0km;97.5km;100.0km;std_70.0km;std_72.5km;std_75.0km;std_77.5km;std_80.0km;std_82.5km;std_85.0km;std_87.5km;std_90.0km;std_92.5km;std_95.0km;std_97.5km;std_100.0km
2.205277777777778;;;;;;;;;;;;;;;;;;;;;;;;;;
0.5513888888888889;;;;;;;;;;;;;;;;;;;;;;;;;;
12.813333333333333;;;;;;40.424213;39.979843;4.096759;-6.857829;2.2077518;11.2344885;11.037758;4.559553;;;;;;22.738565478059517;16.474798329569925;13.975882798592725;11.491118309372679;9.841961694702942;12.403536592440078;10.886127594328482;11.57579716477444
14.431111111111113;;;;;;54.52765;58.217087;66.347374;70.15486;76.64779;66.83575;39.072266;8.046932;;;;;;22.574430668346878;19.92635290262621;17.861539687272202;16.189028074594226;15.275048936091826;15.037261053795667;12.954163423394041;11.653121041163178
14.395277777777778;;;;;;26.437654;40.262993;55.46811;67.80854;80.10031;62.63592;7.348841;-20.266523;;;;;;26.122100604660414;23.478397943641728;20.06890829118515;19.398756918936844;18.594058190723185;18.941549567023287;18.49794529130195;18.66956346570535
12.813055555555556;;;;;;2.594841;2.2287846;7.5273356;-1.7342718;-0.7287586;32.362854;64.54892;27.259632;;;;;;18.634977864220822;14.513833745775097;11.674231880513595;11.697296696245676;11.751545430282775;12.160357725001349;10.539263731399837;11.677695834367327
12.777222222222225;;;;;;-34.740734;-28.052074;-33.585968;-53.16777;-2.3188434;41.190002;70.881485;28.906727;;;;;;20.277587874301027;15.590931979840075;13.619010610172825;12.653219353192293;12.264736850010276;12.910999574006654;11.77668034719462;11.619472879610331
12.741388888888888;;;;;;-37.705345;-41.313732;-32.841415;-17.205185;8.719061;52.71312;70.609535;13.675005;;;;;;25.1894918567247;19.20620993324815;18.504566463443556;18.127295716680965;16.461842241984947;14.734338804303368;17.835058732732;16.504360635904682
2.2405555555555554;;;;;;;;;;;;;;;;;;;;;;;;;;
2.204444444444445;;;;;;;;;;;;;;;;;;;;;;;;;;
0.5875;;;;;;;;;;;;;;;;;;;;;;;;;;
0.5519444444444445;;;;;;;;;;;;;;;;;;;;;;;;;;
14.467777777777778;;;;;;-24.655668;-2.9171476;13.024334;16.532608;21.735224;25.943129;39.82881;45.378098;;;;;;21.936331507341876;19.519979508185965;17.942731118756697;17.546770643055662;17.840659180646885;13.479935088864487;9.648626327099626;9.402149754178563
14.431666666666668;;;;;;15.652141;25.715906;44.754406;53.383583;69.60199;68.54276;38.934628;25.755054;;;;;;19.70288811316757;18.153622778938644;17.033361382886234;16.35972799284878;15.612015244676133;13.527371511125137;11.697363378129278;12.234940539291559
14.395833333333334;;;;;;2.8397777;14.808574;34.254158;46.389603;75.501205;59.222206;-2.5442305;-25.346191;;;;;;24.181803075866778;22.690356982647938;21.636711395219006;21.37656543975201;18.870288816019748;18.84410146438402;15.443333513202388;16.487364859188382
12.7775;;;;;;33.151134;17.851559;-17.082218;-13.656162;12.626423;23.653433;27.485985;16.318691;;;;;;20.75055734191253;15.20111311713718;18.014229930807478;12.383232615113066;9.666532987581432;17.10341778709741;14.313104485051452;12.812136824121103
0.5869444444444445;;;;;;;;;;;;;;;;;;;;;;;;;;
12.741111111111111;;;;;;5.1372614;-0.30281544;-14.349608;2.6562757;31.657207;54.277378;50.908188;18.895447;;;;;;19.528538859832807;15.769506967562428;24.09576933820541;16.66515586485767;12.870183370877044;12.010300995395578;13.837008347182564;12.804527714835874
2.205;;;;;;;;;;;;;;;;;;;;;;;;;;
0.5880555555555556;;;;;;;;;;;;;;;;;;;;;;;;;;
0.5525;;;;;;;;;;;;;;;;;;;;;;;;;;
14.468055555555557;;;;;26.81962;9.401411;5.9886703;8.463401;7.467478;14.587717;-12.32976;-27.570509;-37.66291;;;;;0.9145703909486683;0.8226868541553342;0.8223610885736264;0.8219200082733112;0.821319505430134;0.8211843276634059;0.8213407331917735;0.8193018979594762;0.8354466889036068
14.431666666666668;;;;;-90.51876;-119.26414;-71.815125;6.919057;56.054104;63.78686;18.428377;17.1913;-0.73872375;;;;;0.7303489166145178;0.693476084663343;0.6932360059893024;0.6928832224841355;0.6927286193019602;0.6926793991450879;0.6925969823786413;0.6916596128154369;0.7119431157051804
14.395833333333334;;;;;-51.99978;-56.844032;-45.158962;15.310785;26.824999;40.34609;61.07647;77.0847;25.293339;;;;;0.7351480803212371;0.7609432107588582;0.7608424672690135;0.7606332887798167;0.7605500640983471;0.7603928589880365;0.7599251936868523;0.7586944048824928;0.7570910777442831
12.813055555555556;;;;;-47.460888;-972.68713;-980.1581;-969.1882;-977.4393;-858.1068;-647.5663;-415.42352;-240.73965;;;;;0.8370646331078623;0.801414836398728;0.8010807699601833;0.800893226341689;0.8010539931864767;0.8011584737116622;0.801168271962888;0.800028374496805;0.7996534624448268
12.777222222222225;;;;;-30.340797;-855.9474;-900.1145;-722.3122;-606.063;-436.38785;-254.37994;-86.27228;7.8919005;;;;;0.7577890867517162;0.7464526776695225;0.7462148149159195;0.7011885623710643;0.7008010202618145;0.7004578359901472;0.7003362263941514;0.6996218264176726;0.6995510202980194
12.741111111111111;;;;;-11.444947;-441.87778;-485.1776;-87.96555;-126.008255;-128.05658;-97.14673;-39.405792;-93.21475;;;;;0.8132322730929953;0.7331571796006638;0.7329235976553081;0.9290355052418611;0.9269182272455322;0.9249153474778111;0.9244087299457963;0.9247815958376334;0.9257957118068759
2.241388888888889;;;;;;;;;;;;;;;;;;;;;;;;;;
14.467222222222222;;;;;;44.47622;42.416092;34.867462;30.130676;33.087254;22.340397;15.773594;19.098083;;;;;;22.690808711899187;18.918965352259622;21.187947989364144;18.74581820033471;17.454986107127098;16.41101307049629;13.162353133083764;10.165664267523297
