tempo_decorrido;70.0km;72.5km;75.0km;77.5km;80.0km;82.5km;85.0km;87.5km;90.0km;92.5km;95.0km;97.5km;100.0km;std_70.0km;std_72.5km;std_75.0km;std_77.5km;std_80.0km;std_82.5km;std_85.0km;std_87.5km;std_90.0km;std_92.5km;std_95.0km;std_97.5km;std_100.0km
2.9094444444444445;;;;;11.529169;8.831703;12.053541;8.764814;-6.140501;-15.352516;-27.93374;-62.22106;-51.472507;;;;;29.172211092064998;28.745598793554468;28.286709600093115;25.999399993076764;19.061264910807992;11.485640600332225;11.244631163359696;15.804908731150585;20.812821048574843
2.9452777777777777;;;;;-4.4944096;-5.1609573;1.1965922;2.6631806;-4.4359193;-11.9135275;-13.037702;-19.668135;-19.130692;;;;;27.12482995338404;26.291179889841384;23.9296406157719;18.344181638873945;13.13558601661913;10.984440814169831;10.700665119514767;15.236376209584746;15.496474437755188
2.9811111111111117;;;;;6.8817844;13.74452;20.680895;12.250641;-5.2056293;-13.064788;-19.806746;-23.321648;12.162125;;;;;25.35492457097832;22.741116947063087;17.21653623700191;10.763008408433025;9.665720873271688;9.522105334431037;11.795769156778205;16.08319930859529;21.14284654439889
4.563611111111111;;;;;;;;;;;;;;;;;;;;;;;;;;
4.599166666666666;;;;;;;;;;;;;;;;;;;;;;;;;;
14.993611111111113;;;;;-40.22524;-3.9010415;4.8570137;1.2231579;4.904471;-6.5101767;-42.53452;-53.40034;-43.31877;;;;;26.532530976143228;22.444642122341804;20.219417152826143;19.394060946588777;19.106572167712343;19.451138784143204;16.817447487654004;16.911524472974044;17.17130891924084
15.029444444444444;;;;;-36.08484;27.228886;25.25559;15.176681;4.5726266;3.0258555;-15.454391;-39.569107;-43.865913;;;;;21.439773319697203;17.733908762593767;16.097189195632883;14.618873417606434;14.092654114821665;14.153889218161911;13.958217293049998;14.480742384284033;15.25501458537487
16.64777777777778;;;;;;8.39432;18.762814;46.594143;31.54795;37.240135;22.038393;-57.201435;-99.138504;;;;;;22.55985483109322;17.1236421359476;15.738227981574038;16.118113413175873;15.304959980346242;16.285821133734707;17.875998713358648;19.320899306191727
16.683611111111112;;;;;;-9.9893675;9.127201;38.16634;37.531425;20.16953;-40.39564;-81.72238;-81.16462;;;;;;20.062536479717615;15.962392364554882;13.590655613324914;12.112451857489464;12.13054739078167;13.502220928425071;13.573104287523913;13.753506825533625
