tempo_decorrido;70.0km;72.5km;75.0km;77.5km;80.0km;82.5km;85.0km;87.5km;90.0km;92.5km;95.0km;97.5km;100.0km;std_70.0km;std_72.5km;std_75.0km;std_77.5km;std_80.0km;std_82.5km;std_85.0km;std_87.5km;std_90.0km;std_92.5km;std_95.0km;std_97.5km;std_100.0km
4.8475;;;;;;;;-21.599243;-11.949831;-3.7412868;-5.4801564;3.3056364;12.905504;;;;;;;;23.138071656903477;20.175511641591644;14.536507833726779;11.472974331009375;14.326270275267042;15.833511613031392
4.883333333333334;;;;;;;;-67.92241;-54.43709;-21.228151;-7.383581;-34.9352;-33.772858;;;;;;;;24.378033144616076;23.46266395787145;19.453619971614536;13.50816604872771;15.511088614278497;17.694184637897276
6.503333333333333;;;;;;;;;;;;;;;;;;;;;;;;;;
6.539444444444444;;;;;;;;;;;;;;;;;;;;;;;;;;
17.038888888888888;;;;;;-13.996413;4.392251;35.224552;9.228802;-11.314828;-30.586254;-49.395885;-40.304825;;;;;;23.62740358143484;19.93359174860366;14.221846926471962;13.207434648712065;15.227553972979377;15.64030786142012;16.5014741765698;16.41663181045369
17.075;;;;;;2.5131922;18.7654;52.84563;49.240387;12.697535;-44.437958;-92.686806;-54.631493;;;;;;20.147291629397735;16.10535376823496;12.764151754033639;13.177295245990354;13.664982253921883;13.367578314713551;13.497013373335598;13.864922286114698
17.110833333333336;;;;;;13.113579;36.967342;53.585228;64.88873;35.810776;-34.61476;-68.2134;-33.582855;;;;;;19.572710594089926;15.22413018861833;13.27464613464329;13.669728600085666;13.526984882079228;12.836046899259912;13.636451151234327;14.871452518163785
18.69333333333333;;;;;;22.442202;10.843969;-17.544836;-24.885479;-29.132488;-23.82022;-1.8090382;-13.302305;;;;;;20.621643241992135;12.5700926806448;8.533503383722303;7.296219911707706;9.110782074004405;9.87228544968185;7.970506257446888;13.325539013488347
18.729444444444443;;;;;;20.373375;20.604769;22.88541;13.233511;-17.794117;-67.15995;-71.71396;-38.78741;;;;;;20.782536418830112;13.375662226596484;10.100215839277892;10.172441201599545;11.007632806375765;11.617940867468727;11.834725598846811;16.406610862698
