tempo_decorrido;70.0km;72.5km;75.0km;77.5km;80.0km;82.5km;85.0km;87.5km;90.0km;92.5km;95.0km;97.5km;100.0km;70.0km;72.5km;75.0km;77.5km;80.0km;82.5km;85.0km;87.5km;90.0km;92.5km;95.0km;97.5km;100.0km
1.088611111111111;;;;;;;;;;;;;;;;;;;;;;;;;;
1.1244444444444446;;;;;;;;;;;;;;;;;;;;;;;;;;
11.62361111111111;;;;;;;;;11.305966345253289;11.88193755243647;11.347487387082657;12.057849725386363;13.613202048012068;;;;;;;;;11.305966345253289;11.88193755243647;11.347487387082657;12.057849725386363;13.613202048012068
11.659722222222223;;;;;;;13.21858956167412;11.813048294153377;11.1407797752222;10.412124663103107;14.823549844757158;12.186242242791664;12.657438524440876;;;;;;;13.21858956167412;11.813048294153377;11.1407797752222;10.412124663103107;14.823549844757158;12.186242242791664;12.657438524440876
11.695555555555556;;;;;;;12.616914044250281;11.565036100246294;10.010165583046067;8.581603579751281;14.67419980782598;12.234653243962413;16.831549542451523;;;;;;;12.616914044250281;11.565036100246294;10.010165583046067;8.581603579751281;14.67419980782598;12.234653243962413;16.831549542451523
13.278333333333334;;;;;;25.215876942910395;24.371793122378172;20.43605441370716;18.193348235000617;18.18021121989511;14.968709363201626;14.408986779090332;14.846142259859967;;;;;;25.215876942910395;24.371793122378172;20.43605441370716;18.193348235000617;18.18021121989511;14.968709363201626;14.408986779090332;14.846142259859967
13.314166666666669;;;;;;22.130390416800154;21.04399676867491;16.844857969125176;15.426763108312773;16.91342543661691;15.209862589780355;13.766458513357748;14.87170165112251;;;;;;22.130390416800154;21.04399676867491;16.844857969125176;15.426763108312773;16.91342543661691;15.209862589780355;13.766458513357748;14.87170165112251
13.349722222222224;;;;;;26.17048623927343;24.589924766050018;17.816110686679064;16.516431212583427;20.71133675067836;18.877956986919955;15.059678283416282;17.528038966182155;;;;;;26.17048623927343;24.589924766050018;17.816110686679064;16.516431212583427;20.71133675067836;18.877956986919955;15.059678283416282;17.528038966182155
23.741111111111117;;;;;;;;;;;;;;;;;;;;;;;;;;
