tempo_decorrido;70.0km;72.5km;75.0km;77.5km;80.0km;82.5km;85.0km;87.5km;90.0km;92.5km;95.0km;97.5km;100.0km;std_70.0km;std_72.5km;std_75.0km;std_77.5km;std_80.0km;std_82.5km;std_85.0km;std_87.5km;std_90.0km;std_92.5km;std_95.0km;std_97.5km;std_100.0km
2.6875;;;;;8.339636;-5.554242;-21.242073;-36.371223;-28.47315;-6.7673397;11.91551;14.3836355;-3.5569062;;;;;22.48137184426253;21.914042301684095;21.2348063329996;19.77684251846083;15.788498978686986;11.21732655314982;11.10666061424405;14.58217884954097;18.313175584807787
2.7233333333333336;;;;;-11.901993;-24.017403;-39.535664;-53.44616;-38.28414;-14.612609;18.443222;41.779793;34.304398;;;;;21.256050197531994;20.659426419917857;19.047798560463622;15.985025179836283;12.925006382977147;10.479553664159557;10.058164345445942;13.127901584030862;16.922539407547557
2.7594444444444446;;;;;0.15070343;-4.8870645;-15.850889;-30.376198;-25.501205;-11.0499;8.112911;16.264492;12.56196;;;;;21.009031391285035;20.189284286472365;18.61250278710523;14.664299164978871;10.807256821228966;9.060105959645284;9.523618534989733;12.845045737559676;16.719966507143486
4.34111111111111;;;;;;;;;;;;;;;;;;;;;;;;;;
4.376944444444445;;;;;;;;;;;;;;;;;;;;;;;;;;
4.4125;;;;;;;;;;;;;;;;;;;;;;;;;;
13.152777777777777;;;;;-75.57481;-46.768673;-29.036816;-32.186947;-15.783736;-21.029287;-34.46773;-40.211002;-28.47765;;;;;25.278017129513938;22.60123381587828;20.425966317410786;19.007262559348202;18.934646550701707;16.54275521187447;16.423287429744388;18.191547487775743;19.352204008846122
16.424722222222222;;;;;;-53.58629;-52.01594;2.9823973;56.193558;51.558945;-8.759391;-55.50454;-109.61209;;;;;;22.091948080692205;20.391983719099034;17.617280153304026;16.506839188651472;14.877960209652397;14.087580700744894;15.609713642472753;16.732532982187724
16.460833333333333;;;;;;-32.847034;-23.59983;29.767994;90.215706;75.194954;-20.463552;-85.14841;-135.37598;;;;;;21.940231311451573;19.16856228307173;16.78066357448358;14.76438180216158;14.678011786342182;14.223547377500452;13.818389558845126;14.62734220560933
