tempo_decorrido;70.0km;72.5km;75.0km;77.5km;80.0km;82.5km;85.0km;87.5km;90.0km;92.5km;95.0km;97.5km;100.0km;std_70.0km;std_72.5km;std_75.0km;std_77.5km;std_80.0km;std_82.5km;std_85.0km;std_87.5km;std_90.0km;std_92.5km;std_95.0km;std_97.5km;std_100.0km
4.535555555555556;;;;;;;;;;;;;;;;;;;;;;;;;;
4.571111111111111;;;;;;;;;;;;;;;;;;;;;;;;;;
4.6066666666666665;;;;;;;;;;;;;;;;;;;;;;;;;;
6.190555555555556;;;;;;;;;;;;;;;;;;;;;;;;;;
6.226666666666668;;;;;;;;;;;;;;;;;;;;;;;;;;
16.619166666666665;;;;;-22.136824;111.00502;102.9842;91.13553;74.357666;57.639694;46.82131;-1.9068756;-44.16121;;;;;22.115328168489835;22.152837967177028;20.789888888591975;18.62142448901265;17.320648948581574;17.100313447419612;18.724617486079655;20.17006197313236;19.89784561202544
16.655555555555555;;;;;-37.144104;175.95894;174.66824;142.76079;94.106804;57.00608;59.674137;54.76748;-2.3310075;;;;;21.83112159280874;22.66062443976335;20.384728107090368;16.181709427622287;16.38538006882965;17.012277037480903;16.91309551797068;15.516504116585024;15.431209933119309
18.273333333333333;;;;;;12.692999;10.254139;12.65802;13.282497;-4.7058687;-12.179261;7.4672184;-0.688427;;;;;;20.95670250778972;18.33160385781888;16.585986253461083;14.558904491753491;15.070925983495506;14.811739600735628;14.536862453775917;15.553437240687346
18.309444444444445;;;;;;20.927322;7.2629533;-15.329668;-30.459541;-8.445588;7.3778586;14.160975;46.853256;;;;;;27.015559405646222;23.305926284960226;21.223275666117143;18.505449467656817;18.44230354375505;18.875253640679905;19.24701847040211;19.047073791005275
