tempo_decorrido;70.0km;72.5km;75.0km;77.5km;80.0km;82.5km;85.0km;87.5km;90.0km;92.5km;95.0km;97.5km;100.0km;std_70.0km;std_72.5km;std_75.0km;std_77.5km;std_80.0km;std_82.5km;std_85.0km;std_87.5km;std_90.0km;std_92.5km;std_95.0km;std_97.5km;std_100.0km
1.399166666666667;;;;;;;;;;;;;;;;;;;;;;;;;;
1.4347222222222222;;;;;;;;;;;;;;;;;;;;;;;;;;
3.018333333333333;;;;;;;;;;;;;;;;;;;;;;;;;;
3.0547222222222223;;;;;;;;;;;;;;;;;;;;;;;;;;
3.0908333333333333;;;;;;;;;;;;;;;;;;;;;;;;;;
11.828333333333337;;;;;;-50.99279;-40.617558;-24.201153;1.9803698;18.919838;11.8793545;-16.075857;-54.634228;;;;;;21.100740271374367;16.92539393928543;14.942825034109179;11.91634843397926;9.747877717739385;11.642884092869773;14.334923090132015;13.702904436651377
15.101111111111113;;;;;;-190.03871;-123.452065;-45.21549;40.718346;58.805588;17.724594;-23.646955;-69.2505;;;;;;22.946004009413056;21.010310326123218;19.505386435546466;17.85272164125123;16.767941137778365;17.753349824751382;17.07852072048396;17.441530036094886
15.137222222222222;;;;;;-26.440744;3.499288;26.298763;35.573746;18.590454;-34.14621;-63.171562;-56.126152;;;;;;21.677042464321556;19.52971479566458;17.824707010214784;16.56997465296794;16.733819050055487;15.54534078108293;16.14735829787647;15.78043091933804
0.0188888888888888;;;;;-35.363457;-40.93098;-49.5433;-56.19954;-68.041435;-75.33771;-49.855286;-22.285088;-10.9016485;;;;;24.663333108077666;24.12736288946639;21.97718521558209;19.005577602377677;18.791493820343288;19.939589263573108;20.781557689451482;21.462345165428683;22.398835237574296
