tempo_decorrido;70.0km;72.5km;75.0km;77.5km;80.0km;82.5km;85.0km;87.5km;90.0km;92.5km;95.0km;97.5km;100.0km;std_70.0km;std_72.5km;std_75.0km;std_77.5km;std_80.0km;std_82.5km;std_85.0km;std_87.5km;std_90.0km;std_92.5km;std_95.0km;std_97.5km;std_100.0km
1.4213888888888888;;;;;;;;;;;;;;;;;;;;;;;;;;
1.4575;;;;;;;;;;;;;;;;;;;;;;;;;;
1.493611111111111;;;;;;;;;;;;;;;;;;;;;;;;;;
11.849444444444446;;;;;-48.948563;-64.441216;-96.82717;-82.72606;-71.25719;-52.07857;-19.791594;-10.334367;-3.907761;;;;;64.62878925061183;21.92566669453862;12.790388578929102;12.785160538687029;11.837297411149219;12.24420883520042;11.95380357877776;11.09065282118235;8.466745301472107
11.885277777777778;;;;;-42.95206;-76.7016;-102.28732;-83.55527;-69.82823;-76.268166;-79.82848;-36.800938;11.155133;;;;;54.08304540241794;18.90311270664173;13.41526294934244;15.118894800877477;13.423992327173016;13.352981315047213;13.589128375285885;13.822718256551424;12.174387458923755
13.50361111111111;;;;;;1.4449029;-13.812545;-23.316105;-29.84357;-39.784332;-42.48651;-64.8612;-74.178825;;;;;;21.871682605597584;20.3611676973596;17.991595260009603;17.505276918689404;16.952639027596856;16.41190573943197;17.065041459076507;17.728619799634714
13.539722222222222;;;;;;5.4661255;-5.5528593;1.296926;5.059529;-5.935628;-19.47968;-32.70397;9.276752;;;;;;23.482363594834315;21.524388493055966;19.205870196374857;18.850641898885033;17.635566336242224;18.72804447880237;18.599745428365413;16.358268857064306
0.0402777777777777;;;;;;;;;;;;;;;;;;;;;;;;;;
0.0758333333333333;;;;;;;;;;;;;;;;;;;;;;;;;;
