tempo_decorrido;70.0km;72.5km;75.0km;77.5km;80.0km;82.5km;85.0km;87.5km;90.0km;92.5km;95.0km;97.5km;100.0km;std_70.0km;std_72.5km;std_75.0km;std_77.5km;std_80.0km;std_82.5km;std_85.0km;std_87.5km;std_90.0km;std_92.5km;std_95.0km;std_97.5km;std_100.0km
2.828055555555556;;;;;;;;;;;;;;;;;;;;;;;;;;
2.863888888888889;;;;;;;;;;;;;;;;;;;;;;;;;;
4.481944444444445;;;;;;;;;;;;;;;;;;;;;;;;;;
4.517777777777778;;;;;;;;;;;;;;;;;;;;;;;;;;
15.01777777777778;;;;;;18.56961;22.14777;19.739449;13.5257225;-4.037813;-36.439793;-30.432045;3.756709;;;;;;22.193168768790095;18.60702018056626;16.330114512764446;15.41545523168226;14.030731271035021;13.881070203698272;14.228386767304297;14.709648194297511
15.053888888888888;;;;;;-27.416637;-19.573097;-22.63181;-36.57831;-40.722588;-29.199183;-3.54917;25.519733;;;;;;24.207917093380836;21.143652711866036;19.394143445896237;16.996293713630628;14.741158706153326;16.535681721658772;15.393921527667992;15.622070605396713
15.089722222222225;;;;;;108.62462;28.048168;-15.373634;-19.716948;33.711243;81.7623;46.674995;-20.774218;;;;;;26.24360969836276;22.00110269963758;19.71080287558069;18.985200552008926;18.166137178828084;18.221521067133775;18.197792173777565;18.338762226497185
16.671944444444446;;;;;;57.528873;66.73425;72.23276;44.563408;-38.20997;-77.03893;-17.77703;30.227835;;;;;;20.06744228844324;14.705275243938821;14.76650263264799;12.826856980570103;10.49653966790961;10.021565247006079;10.293862248932614;12.171320388519892
16.70777777777778;;;;;;47.54008;53.056946;51.287895;28.42696;-16.767387;-28.708628;-22.671871;-3.6773872;;;;;;19.395721950987028;15.46134858283714;15.00246413093529;11.977706374761405;10.383825403000573;10.698894335397467;10.359680497003756;11.274065371462061
16.74361111111111;;;;;;30.51007;39.733753;31.747469;25.461716;4.5921416;-9.876713;-28.190891;-29.76933;;;;;;18.39963314851685;17.272729083731964;17.877375646330197;13.481781039610457;12.126883771192004;12.995652349920723;12.294462167984413;12.483893623385294
