tempo_decorrido;70.0km;72.5km;75.0km;77.5km;80.0km;82.5km;85.0km;87.5km;90.0km;92.5km;95.0km;97.5km;100.0km;70.0km;72.5km;75.0km;77.5km;80.0km;82.5km;85.0km;87.5km;90.0km;92.5km;95.0km;97.5km;100.0km
3.529166666666667;;;;;;;;;29.51582118119027;18.15351260775721;20.510631389598906;21.608406234611568;;;;;;;;;;29.51582118119027;18.15351260775721;20.510631389598906;21.608406234611568;
3.565;;;;;;;;;20.274840319963065;15.121891085442984;16.620191635477614;19.174844197541738;;;;;;;;;;20.274840319963065;15.121891085442984;16.620191635477614;19.174844197541738;
5.1475;;;;;;;;;;;;;;;;;;;;;;;;;;
5.183611111111111;;;;;;;;;;;;;;;;;;;;;;;;;;
5.219722222222222;;;;;;;;;;;;;;;;;;;;;;;;;;
13.958888888888888;;;;;23.0025315998044;22.24391377433387;21.606501336403355;21.34562578141011;19.198039743682166;16.89514841603944;16.924238239873606;18.2219153768203;19.72630097103864;;;;;23.0025315998044;22.24391377433387;21.606501336403355;21.34562578141011;19.198039743682166;16.89514841603944;16.924238239873606;18.2219153768203;19.72630097103864
13.995;;;;;27.382104740140047;25.751716447646746;24.663499346199842;24.304094305281158;23.575488330043132;22.188241255223453;19.555704282894034;20.730742147834455;21.91587096147447;;;;;27.382104740140047;25.751716447646746;24.663499346199842;24.304094305281158;23.575488330043132;22.188241255223453;19.555704282894034;20.730742147834455;21.91587096147447
17.231944444444444;;;;;;21.315691403283168;18.533945613387345;16.808350900668394;16.422150894447416;14.91427068280578;14.581645997623177;16.77537957841789;17.289359155272354;;;;;;21.315691403283168;18.533945613387345;16.808350900668394;16.422150894447416;14.91427068280578;14.581645997623177;16.77537957841789;17.289359155272354
17.268055555555556;;;;;;26.93233465557711;23.366285541352095;21.554227427583665;20.009266103483156;19.333183131600446;19.432373246724136;21.091966006041257;21.35675443507276;;;;;;26.93233465557711;23.366285541352095;21.554227427583665;20.009266103483156;19.333183131600446;19.432373246724136;21.091966006041257;21.35675443507276
