tempo_decorrido;70.0km;72.5km;75.0km;77.5km;80.0km;82.5km;85.0km;87.5km;90.0km;92.5km;95.0km;97.5km;100.0km;std_70.0km;std_72.5km;std_75.0km;std_77.5km;std_80.0km;std_82.5km;std_85.0km;std_87.5km;std_90.0km;std_92.5km;std_95.0km;std_97.5km;std_100.0km
17.921666666666667;;;;;319.3883;243.87614;140.51201;54.39815;-5.5141144;-32.123016;25.154709;81.89007;82.67097;;;;;0.8355412856346477;0.8351655763978781;0.8350835706682296;0.835014490892224;0.8347833850766317;0.8346402218920437;0.8346860188118643;0.8348342530107398;0.8348881961077184
19.53944444444444;;;;;15.824543;38.40875;47.687878;84.184;66.77025;52.429672;12.85441;-6.803047;-53.983868;;;;;0.7213585793487175;0.7206618485808722;0.7198758920814059;0.7042853115037967;0.7041243782173715;0.7039781459676145;0.7041395103244811;0.7044712201360678;0.7047805757822785
19.57555555555556;;;;;8.526842;9.976458;27.85067;33.612373;37.38987;44.451233;32.313866;37.897385;33.08942;;;;;0.7211179307159128;0.7204842607579988;0.7002828142971952;0.6996789263655152;0.6995237308340583;0.699852341569277;0.700345457613598;0.7008230875192397;0.7011816954256579
17.921666666666667;;;;;112.40388;67.51551;25.82143;-7.447218;-12.093771;21.748173;40.87216;34.79473;22.189243;;;;;21.74370345640319;21.922261972707105;16.84541599367614;13.881820125617534;14.739093934160268;17.668016300649033;16.532769278012683;16.060080946246813;16.49310461981006
19.539722222222224;;;;;;9.517206;-9.417564;82.15829;97.10635;107.32482;60.886578;-9.484417;-43.612843;;;;;;19.772511221390165;12.63645124233857;14.2329568256213;10.753617065899268;10.728862008619554;12.349491892381646;13.733531228347646;14.269537483744875
19.57555555555556;;;;;;36.334663;3.1986382;-8.983101;14.238083;70.17383;58.772194;31.885807;24.20442;;;;;;19.752997240925236;12.433024973834806;8.74546568228359;9.318699748355455;10.799066163330975;12.877784359120167;13.792123114299697;14.855788097573281
19.53944444444444;;;;;;8.345963;-9.336145;92.093834;102.84917;103.653366;70.34371;-14.473089;-61.72666;;;;;;19.008870560872364;12.623753799880605;13.777389085018976;10.404816961388605;10.330499019892505;11.398921440206525;13.156894770423605;14.059197701149238
19.57555555555556;;;;;;29.428349;11.138811;-1.3460121;13.465569;73.41523;65.83591;24.190514;1.5478783;;;;;;18.641276780306654;12.470863241973268;8.5996153402347;9.310560133525803;10.231783324523638;11.425081618964478;13.23748843247842;14.937373263060678
17.921666666666667;;;;;;69.30479;32.51855;4.846461;-7.559566;6.8574686;23.231821;32.43528;36.403282;;;;;;22.669175106297978;17.210976148957965;14.182732458874066;15.19803342541396;17.99050388399391;16.588335660939588;15.910003771212626;16.055671272170468
