tempo_decorrido;70.0km;72.5km;75.0km;77.5km;80.0km;82.5km;85.0km;87.5km;90.0km;92.5km;95.0km;97.5km;100.0km;70.0km;72.5km;75.0km;77.5km;80.0km;82.5km;85.0km;87.5km;90.0km;92.5km;95.0km;97.5km;100.0km
1.7802777777777776;;;;;;;;;;;;;;;;;;;;;;;;;;
1.8161111111111112;;;;;;;;;;;;;;;;;;;;;;;;;;
3.399722222222222;;;;;;;;;;;;;;;;;;;;;;;;;;
3.435833333333333;;;;;;;;;;;;;;;;;;;;;;;;;;
3.4722222222222223;;;;;;;;;;;;;;;;;;;;;;;;;;
12.209722222222222;;;;;;;12.894572501638045;26.936367609609132;17.532676350175407;12.540270730729858;13.60358996735788;13.727101660583708;11.324866886634915;;;;;;;12.894572501638045;26.936367609609132;17.532676350175407;12.540270730729858;13.60358996735788;13.727101660583708;11.324866886634915
12.245277777777778;;;;;;;10.823962767859099;10.02102664401208;8.762086224182001;8.223677766060634;9.249995135133856;11.285315680121668;11.089842379402874;;;;;;;10.823962767859099;10.02102664401208;8.762086224182001;8.223677766060634;9.249995135133856;11.285315680121668;11.089842379402874
15.481944444444444;;;;;;22.679847883087753;20.73679169977844;18.70407174922081;16.251939884210746;15.553063042372072;16.94893801982885;16.602208588016236;13.026966646153662;;;;;;22.679847883087753;20.73679169977844;18.70407174922081;16.251939884210746;15.553063042372072;16.94893801982885;16.602208588016236;13.026966646153662
15.51777777777778;;;;;;22.52165402451605;20.237847464589706;15.818832447434293;14.423521068033283;15.016667073621896;16.081137086661503;16.275356831725688;11.785393926381927;;;;;;22.52165402451605;20.237847464589706;15.818832447434293;14.423521068033283;15.016667073621896;16.081137086661503;16.275356831725688;11.785393926381927
