tempo_decorrido;70.0km;72.5km;75.0km;77.5km;80.0km;82.5km;85.0km;87.5km;90.0km;92.5km;95.0km;97.5km;100.0km;70.0km;72.5km;75.0km;77.5km;80.0km;82.5km;85.0km;87.5km;90.0km;92.5km;95.0km;97.5km;100.0km
0.6930555555555556;;;;;;;;;;;;;;;;;;;;;;;;;;
0.7294444444444445;;;;;;;;;;;;;;;;;;;;;;;;;;
11.123333333333331;;;;;23.508241108173106;20.854220196401496;17.30220506178331;15.408563528116435;13.54400347017085;12.741918222936452;11.902514440234887;10.884862194809818;10.421169320186674;;;;;23.508241108173106;20.854220196401496;17.30220506178331;15.408563528116435;13.54400347017085;12.741918222936452;11.902514440234887;10.884862194809818;10.421169320186674
11.159444444444444;;;;;20.791571128705016;28.05887292818441;25.279498412745454;21.079252833058387;16.291432410933055;13.68378383342853;12.103973727664812;11.849004599543372;13.299486456250857;;;;;20.791571128705016;28.05887292818441;25.279498412745454;21.079252833058387;16.291432410933055;13.68378383342853;12.103973727664812;11.849004599543372;13.299486456250857
12.7775;;;;;;22.06521697151424;20.577053481973554;19.732910581057222;18.43217621443545;17.761499373645233;16.817642522065928;16.43367396536757;17.20740247684118;;;;;;22.06521697151424;20.577053481973554;19.732910581057222;18.43217621443545;17.761499373645233;16.817642522065928;16.43367396536757;17.20740247684118
12.813611111111111;;;;;;21.53104967250784;20.23765549662312;18.271869088848025;17.47281316789028;16.784172306074552;15.786441334258965;15.892740481112751;16.76005071591372;;;;;;21.53104967250784;20.23765549662312;18.271869088848025;17.47281316789028;16.784172306074552;15.786441334258965;15.892740481112751;16.76005071591372
23.315;;;;;;;;22.045980812837517;15.846476579984586;15.996237057508244;16.620612202924416;;;;;;;;;;22.045980812837517;15.846476579984586;15.996237057508244;16.620612202924416;;
23.35111111111111;;;;;;;;21.39727506015661;16.3809608997763;15.044165646522243;15.755927456040155;;;;;;;;;;21.39727506015661;16.3809608997763;15.044165646522243;15.755927456040155;;
23.387222222222224;;;;;;;;20.930070950668085;16.826506470447157;14.902078714058653;15.43675484031537;;;;;;;;;;20.930070950668085;16.826506470447157;14.902078714058653;15.43675484031537;;
