tempo_decorrido;70.0km;72.5km;75.0km;77.5km;80.0km;82.5km;85.0km;87.5km;90.0km;92.5km;95.0km;97.5km;100.0km;std_70.0km;std_72.5km;std_75.0km;std_77.5km;std_80.0km;std_82.5km;std_85.0km;std_87.5km;std_90.0km;std_92.5km;std_95.0km;std_97.5km;std_100.0km
1.1486111111111112;;;;;;-34.775642;-28.436142;-39.935432;-70.06022;-23.925783;-11.718496;78.68941;126.10297;;;;;;0.8498920872675542;0.8496948275704637;0.8494454426271295;0.8493040091745712;0.8493596411414897;0.8495660892479172;0.849788267746737;0.8499407214623852
1.1847222222222222;;;;;;-19.241312;-10.162568;-15.484858;-35.98094;-3.3142023;-87.392975;-121.543495;-75.69284;;;;;;0.8586677471525292;0.8584080032245739;0.8580634766729092;0.8578440126270044;0.8579263371642113;0.8582311809763148;0.8585408551723092;0.8587218117644386
13.375555555555556;;;;;;-13.943163;-27.49798;-45.17375;-30.324078;-12.1893425;0.103468895;-6.762311;3.0194502;;;;;;23.552334491510603;21.482229865635457;20.18759668707496;18.91436570440574;17.147376767307588;13.394952034255294;11.083510725397437;11.109787576727108
13.339722222222225;;;;;;19.546183;28.217117;21.757683;9.373386;-6.2702894;-21.775581;-25.063948;-26.055405;;;;;;22.005492496192854;19.804037467142905;18.861670922800027;16.559794684717563;13.945109537038423;12.68746586202304;11.737709742534955;12.569171412627007
11.757222222222222;;;;;;-59.592022;-62.65422;-64.04103;-57.168396;-52.409256;-22.105991;7.5034914;6.719326;;;;;;19.468532815803044;15.216248223527375;15.755387967295505;14.556642470020345;13.720893192500261;12.500329595654668;13.225985785566232;13.791948738303807
11.720833333333331;;;;;;-40.13452;-29.287432;-15.675333;-6.9487004;6.972864;4.7663684;-2.28611;-8.555373;;;;;;22.470527808665288;17.89330880524896;18.08020796340573;16.692851164495536;14.003244981074921;12.94584643814378;12.723428783154327;16.36212547317738
11.685277777777776;;;;;;47.086975;38.70918;24.79655;42.197598;43.636963;15.710846;-5.219964;-11.7002945;;;;;;23.814399005643622;17.301183774528262;18.333796115371197;17.13117275611918;17.083207251567252;16.65853084758677;15.617547822881798;18.511279804486776
1.1849999999999998;;;;;;;;;;;;;;;;;;;;;;;;;;
1.149166666666667;;;;;;;;;;;;;;;;;;;;;;;;;;
13.411944444444446;;;;;1.4150275;-98.320724;-5.467762;-49.183132;-56.992653;-51.3227;-50.687027;-23.51068;-24.761665;;;;;28.883254664251396;24.301323009251988;19.22698780360564;15.028250064461929;13.576660487763549;13.97906577708253;12.194392973822026;10.27574522844937;10.202481560875276
13.375555555555556;;;;;2.783666;-44.09312;80.560196;35.14918;-0.7186518;-28.20517;-36.661003;-49.751404;-64.945656;;;;;26.819671884644674;23.71345187862788;23.084172066591428;18.115536701958348;16.939453060828143;14.985715198147869;12.012697448949591;12.415066250326657;11.962950305004197
13.34;;;;;4.152304;12.952135;65.940216;39.51649;11.246408;-8.750862;-29.770878;-55.48909;-70.22403;;;;;25.276342694306074;21.422551668743854;18.308662430663798;17.7598558552709;17.651031131353204;14.702637178411225;15.285099934249693;16.540540499028438;14.030330003246538
11.757222222222222;;;;;;3.6266909;-24.627499;-81.08082;-74.065704;-30.97491;-2.2623773;29.461977;43.99353;;;;;;14.73738714969516;13.121358161409969;17.605294658141908;15.071033806610613;14.681380044123918;12.91414728117966;11.591363164011383;12.43931549563721
11.720833333333331;;;;;;7.863282;1.209856;-11.105852;-7.076314;5.476795;16.99799;14.908866;18.98658;;;;;;18.141092580106633;16.00026687277434;14.869052088146036;13.702607781002856;13.577067430045414;14.611846905850062;14.22567432496611;15.028445362045936
11.685277777777776;;;;;;61.85974;37.649136;45.113064;44.079285;45.595245;13.687209;-12.826887;-4.0395064;;;;;;19.538718995880973;21.07885433319373;15.563949049004242;14.284589598584903;13.866380205374437;14.193494988902486;15.256266909044296;16.38949663656575
1.1849999999999998;;;;;;;;;;;;;;;;;;;;;;;;;;
1.1494444444444445;;;;;;;;;;;;;;;;;;;;;;;;;;
13.411944444444446;;;;;-61.01143;-40.9024;-25.269985;-21.912722;-21.900415;-35.87068;-31.161568;-16.725502;-11.284328;;;;;0.7735264701353147;0.6985231062749463;0.6984024627677081;0.6983618116707127;0.6981240362571683;0.6978174188138327;0.6975334400586111;0.6969518276036013;0.6968646783988983
13.376111111111111;;;;;81.22999;71.51828;47.83087;34.666912;37.241665;98.26709;-17.599022;-104.081665;-68.29167;;;;;0.8361819180058847;0.8360279899620586;0.8357173565267147;0.8350233290154234;0.8345971483296597;0.8348090500228181;0.8352401151764682;0.8352482265769859;0.8349631728405751
13.340277777777777;;;;;-83.63332;-74.477486;-50.508797;-45.219574;-63.28428;-47.75933;-66.611435;-160.9345;-288.9479;;;;;0.8707937183971873;0.8707048294341775;0.8703743045379959;0.8701924672163049;0.8701831186595153;0.8689607931316579;0.8684540862935702;0.8687424014056181;0.8691904451844832
11.756944444444445;;;;;-956.4801;-812.285;-982.8156;-858.1909;-785.2359;-629.93146;-440.65216;-260.06595;-147.69128;;;;;0.7520847691583709;0.7519642278725764;0.8362699922871799;0.8362451494627636;0.8362222013316795;0.8361675250809493;0.8361389836624052;0.8361464285638013;0.8361886987994994
11.720833333333331;;;;;-1246.2997;-1078.9193;-1060.0264;-1009.2657;-917.015;-822.6541;-575.9149;-277.01498;-70.856445;;;;;0.8953827673123936;0.8952518863426092;0.8263571261869773;0.8263839906484152;0.8264031703714598;0.826325746906146;0.826267511160883;0.8261417917040633;0.8260533881051515
11.685277777777776;;;;;-493.72125;-466.59525;438.30554;175.78825;-40.260315;-164.27374;-163.38269;5.645536;13.985337;;;;;0.7425434667411733;0.7423400164345176;0.8568602803257951;0.85551008176409;0.8551837229508055;0.8552789603398414;0.8555871083647766;0.8560383168994248;0.8564631340577363
13.411388888888888;;;;;;-46.432922;-67.695465;-101.73212;-76.212494;-38.624363;-17.61145;;;;;;;;23.38918468010375;21.44437828429633;19.82575471451213;18.005531372331117;17.773633280789834;16.66027400735054;;
