tempo_decorrido;70.0km;72.5km;75.0km;77.5km;80.0km;82.5km;85.0km;87.5km;90.0km;92.5km;95.0km;97.5km;100.0km;std_70.0km;std_72.5km;std_75.0km;std_77.5km;std_80.0km;std_82.5km;std_85.0km;std_87.5km;std_90.0km;std_92.5km;std_95.0km;std_97.5km;std_100.0km
2.0972222222222223;;;;;-44.891216;-37.88758;-25.567043;-20.912724;-35.279247;-50.816895;-27.066889;-14.9715;-26.00084;;;;;25.357490017744265;24.901518026016003;23.483855305294316;21.709786272554595;20.205985004448557;19.471398254876306;19.3433880176147;19.663334661241972;20.340330872431746
14.287222222222224;;;;;;35.45305;26.669233;5.901537;-29.223;-47.12934;-40.732517;-34.600704;-2.5665455;;;;;;23.403871474608643;21.330269102850064;18.919356490113504;17.51655217215991;16.1804820694564;16.09326442956804;17.427057410819533;16.29930673372337
14.322777777777778;;;;;;-37.307384;-31.237307;-27.459969;-22.843277;-19.730145;-36.829636;-42.905174;-42.01133;;;;;;21.11432167984565;19.5721299300817;18.181590139479;16.146696256510186;15.204020192041314;15.309021849876627;15.475469621307136;15.310723692889242
14.286944444444446;;;;;;32.1605;21.390759;0.85058;-29.941362;-43.133366;-37.721222;-24.585457;6.997844;;;;;;23.27258258122635;21.29834312804637;18.973570301869916;17.61746803601471;16.267881853517377;16.17281762711742;17.674418519430844;17.01303617817819
17.63138888888889;;;;;;-4.112561;5.967865;34.714146;62.76464;100.58725;98.675385;75.17835;43.15608;;;;;;19.037311259734132;12.657212173302618;10.671579077156295;9.993853410972166;10.164831528362878;9.061768811882148;11.873533593669578;12.264668768458446
17.595277777777778;;;;;;-15.812838;-13.955185;6.735634;32.888107;73.77259;86.335266;69.89009;44.303696;;;;;;19.290366248467134;15.716515198987338;12.87402229297433;9.810804758020618;9.711863878782486;9.536746300494734;11.718598892359102;11.937529895250524
17.630555555555553;;;;;;77.08138;67.95752;59.7519;69.75568;89.33345;85.976425;66.70751;56.2163;;;;;;16.19049350699354;12.221525682172418;8.800782124334178;7.676898136617419;9.102177761393149;10.051700851099778;12.198116657910761;11.589748487348636
17.594722222222224;;;;;;49.042274;38.79254;31.333363;43.790806;65.832;77.8177;68.78461;58.162857;;;;;;19.7283476246745;16.49559850384338;11.856124999341057;8.589062579816263;9.035738486698252;9.873406200496362;11.6282973818182;11.708499476875762
14.358888888888888;;;;;;7.57082;-17.718348;-47.130672;-60.999714;-44.892357;-1.659071;21.152506;44.842007;;;;;;21.264348097226023;19.849442561442373;17.92785430552134;15.539727796843804;14.65409942644037;16.13691885088352;17.13842758248259;16.553981394214503
14.322777777777778;;;;;;-32.617134;-27.994434;-26.178467;-20.638046;-18.149841;-33.993725;-34.95553;-36.358105;;;;;;21.11468138523525;19.58555181760269;18.193398802862536;16.347575661241027;15.35879617678417;15.316067380368892;15.26736519508196;15.118288593620642
5.405277777777778;;;;;;;;;;;;;;;;;;;;;;;;;;
2.1330555555555555;;;;;-36.232903;-37.922474;-31.105324;-27.286732;-26.296698;-29.550116;-23.363825;-32.372955;-48.94307;;;;;23.305545262876816;22.13301109203174;20.29977659975597;17.669426136691595;14.354357874875491;13.033308866132192;14.407434192110683;16.791969807023833;18.136267532212905
2.1333333333333333;;;;;28.739899;36.05367;41.21764;34.575806;14.115799;-14.554775;-36.060112;-47.18982;-40.339725;;;;;23.45822457049979;22.009562467255;19.89323000419992;17.725147390078313;14.19204213635233;12.55298171750441;13.226587995397756;15.162890555563607;17.165523003975146
2.0975;;;;;39.84806;42.59313;44.65639;29.380987;-6.096328;-34.984585;-50.522255;-56.720154;-42.241478;;;;;24.062397220559717;23.40011965781372;21.507896921828504;19.84911836833062;18.6479014905163;18.29742386239112;18.52409781878729;18.82828882293874;19.213886384591746
17.63083333333333;;;;;93.27398;91.23674;-10.951778;51.154686;148.06876;215.98026;146.59251;-64.456184;-15.896494;;;;;22.75242910108721;18.728763974165513;14.410589856074594;7.414048624064992;9.190245916187445;16.651005975616005;11.908067013583691;12.35445466218562;10.989393522847383
17.595000000000002;;;;;63.058693;121.643845;80.20365;91.43021;101.17381;207.46588;122.51966;-57.60208;-50.967743;;;;;21.404074378491586;20.007212949334047;18.343448966865527;9.806242909493932;9.385651815404191;15.01606106806975;17.81889109905552;11.335381775661551;11.219337324459053
14.358611111111111;;;;;-60.01567;-24.442276;-11.594309;-21.64631;-35.575848;-25.01017;26.892242;38.68654;67.77578;;;;;22.326723897607547;20.146485053229508;18.7944175222325;17.25678591163488;14.866929407244792;14.559320039067758;15.656040367858024;16.740599750307634;16.193618496185465
14.322777777777778;;;;;-43.460625;-36.42763;-24.596607;-18.387741;-4.731687;3.3524342;-8.877316;-3.3317795;-7.2513504;;;;;21.240044020670013;20.105972247071268;18.822539679862544;17.76686522715811;15.840786280989969;14.788482680789128;15.069470461831099;15.192354327094929;14.532659082218919
14.286666666666669;;;;;5.0952682;11.785117;19.572422;19.26551;-8.9037;-37.8318;-38.967274;-18.390781;27.952976;;;;;23.640317256754404;22.41291480374652;20.979574590539247;18.78827959127711;17.35806527237411;15.66314048969746;15.629784387508357;17.0681955695381;16.098377247412238
5.405277777777778;;;;;;36.960293;-6.577919;-52.351654;-75.3544;-72.01867;-42.060776;-17.811852;-16.270697;;;;;;24.215261716529103;23.79848104396581;22.898684023323263;20.4476155089047;16.887265912515264;16.875931381704536;19.56579413159609;21.97783315069982
14.358888888888888;;;;;;0.15275764;-22.858603;-48.567913;-61.481834;-46.56241;-2.8865461;12.382532;30.712946;;;;;;21.42604793236494;19.98308684863277;18.052704783494356;15.622089168865987;14.91317605340995;16.329436609999746;17.399648559669245;16.884144633353507
