tempo_decorrido;70.0km;72.5km;75.0km;77.5km;80.0km;82.5km;85.0km;87.5km;90.0km;92.5km;95.0km;97.5km;100.0km;std_70.0km;std_72.5km;std_75.0km;std_77.5km;std_80.0km;std_82.5km;std_85.0km;std_87.5km;std_90.0km;std_92.5km;std_95.0km;std_97.5km;std_100.0km
2.9166666666666665;;;;;;;;;;;;;;;;;;;;;;;;;;
2.9525;;;;;;;;;;;;;;;;;;;;;;;;;;
4.571944444444444;;;;;;;;;;;;;;;;;;;;;;;;;;
4.607222222222222;;;;;;;;;;;;;;;;;;;;;;;;;;
15.10722222222222;;;;;;-1.1484668;11.098495;13.411235;19.169685;10.283002;-16.493061;-28.673641;-33.175697;;;;;;22.65387516518973;20.82133857368445;19.922481522139755;19.299775905434757;17.089802222378115;15.685780184613069;16.025974229356542;14.744660050336869
15.143333333333334;;;;;;-10.081112;10.695887;10.356802;7.356011;-6.151119;-37.57679;-57.424942;-51.773834;;;;;;25.645206959586034;22.879342210824156;22.51738284081878;22.72357454275185;19.995672031717262;18.159402523210943;16.908015259042084;15.108414873837692
15.179166666666667;;;;;;-14.16548;2.8396451;-7.4910674;-3.4125385;-3.0939884;-51.660233;-69.871;-60.954193;;;;;;23.91351918894415;22.179678536894983;20.037319431500812;19.6733581271729;18.834825191649642;15.924358699803268;16.459826852066215;18.726892427736107
16.761666666666667;;;;;-5.7798357;-1.7805686;8.735048;28.328335;33.858204;1.5899014;-17.122496;-67.77395;-91.9042;;;;;21.61286723227624;21.104070697379687;15.993941978136597;16.765078884395386;15.254600617518637;11.612728792148726;10.441160376126783;10.747733714602349;11.018386451745101
16.7975;;;;;3.4808807;-30.703686;-11.073988;21.717373;32.52286;-10.662964;-36.639816;-71.98219;-89.32504;;;;;21.227052079834355;23.725797141508227;18.83735650243951;18.255333467236362;17.062596519873523;15.281101072893929;14.323045765478794;14.539123426121673;15.39343886206068
16.833333333333332;;;;;12.741596;33.897545;28.956501;11.300105;21.028921;6.6438365;-2.4756956;-31.805462;-70.767334;;;;;24.445136530606657;19.91625843375206;16.88558852986771;16.256126844977558;14.591376220219942;14.229047403111707;12.986986948480391;14.470267101888618;16.80141005987295
