tempo_decorrido;70.0km;72.5km;75.0km;77.5km;80.0km;82.5km;85.0km;87.5km;90.0km;92.5km;95.0km;97.5km;100.0km;70.0km;72.5km;75.0km;77.5km;80.0km;82.5km;85.0km;87.5km;90.0km;92.5km;95.0km;97.5km;100.0km
4.402222222222222;;;;;;26.18181372632538;22.780944668735756;16.549237444667956;11.921296070478244;12.020497909820541;12.613679875436826;14.439894043932593;18.00288865710167;;;;;;26.18181372632538;22.780944668735756;16.549237444667956;11.921296070478244;12.020497909820541;12.613679875436826;14.439894043932593;18.00288865710167
4.438055555555556;;;;;30.40517390182138;29.82171960165946;27.784052080285193;22.083091495531146;15.937320038199646;12.826404406535762;13.187535781941978;12.315348959733134;15.210513140587993;;;;;30.40517390182138;29.82171960165946;27.784052080285193;22.083091495531146;15.937320038199646;12.826404406535762;13.187535781941978;12.315348959733134;15.210513140587993
4.474166666666666;;;;;30.293101524934684;29.878170961422654;28.91005361461649;25.18733272897311;18.71579546799975;14.124760174955183;14.872126613231881;19.389192866130347;23.616739190667282;;;;;30.293101524934684;29.878170961422654;28.91005361461649;25.18733272897311;18.71579546799975;14.124760174955183;14.872126613231881;19.389192866130347;23.616739190667282
6.057222222222222;;;;;;;;;;;;;;;;;;;;;;;;;;
6.093055555555555;;;;;;;;;;;;;;;;;;;;;;;;;;
6.129444444444444;;;;;;;;;;;;;;;;;;;;;;;;;;
14.866944444444444;;;;;21.965401202800734;19.804383353187244;15.206241481707437;12.500284396764739;13.809902244404194;16.438664787627978;15.250014426222684;13.649192650116708;14.229644760147739;;;;;21.965401202800734;19.804383353187244;15.206241481707437;12.500284396764739;13.809902244404194;16.438664787627978;15.250014426222684;13.649192650116708;14.229644760147739
18.13888888888889;;;;;;24.477153429269507;16.268547876193498;12.105782089563649;11.308974754592036;12.838961796033198;14.847834522245996;15.443621660737485;14.492151669093172;;;;;;24.477153429269507;16.268547876193498;12.105782089563649;11.308974754592036;12.838961796033198;14.847834522245996;15.443621660737485;14.492151669093172
18.175;;;;;;28.19495415850148;17.840399378937683;12.21216893102941;12.226729734479289;13.381315331461254;14.831227191301467;15.761441241206338;16.191204402390824;;;;;;28.19495415850148;17.840399378937683;12.21216893102941;12.226729734479289;13.381315331461254;14.831227191301467;15.761441241206338;16.191204402390824
