tempo_decorrido;70.0km;72.5km;75.0km;77.5km;80.0km;82.5km;85.0km;87.5km;90.0km;92.5km;95.0km;97.5km;100.0km;std_70.0km;std_72.5km;std_75.0km;std_77.5km;std_80.0km;std_82.5km;std_85.0km;std_87.5km;std_90.0km;std_92.5km;std_95.0km;std_97.5km;std_100.0km
2.272777777777778;;;;;;-6.0794888;-2.5641093;8.00575;19.513416;20.777737;17.480883;4.064433;-11.428186;;;;;;22.194572084183108;16.135390605746114;10.353749755523358;8.573684155600787;8.088285974172774;9.679145106877984;12.649257290449903;16.540146613618635
2.3088888888888888;;;;;-64.66222;-48.167355;-33.547142;-17.581823;-5.336774;-0.6582298;3.3035398;-1.7904758;0.3958149;;;;;24.544055084683947;22.22267378152323;17.120994422053876;12.910249029356482;11.121042217346359;9.4197131060346;10.165427684067208;13.670432326740805;19.33134087434185
2.344444444444444;;;;;-19.834726;-22.162996;-31.380367;-41.56067;-39.856636;-32.08293;-26.731773;-33.15557;5.067523;;;;;24.057359165128663;22.75402601738866;20.436381773689785;17.609827369965895;15.312457020347845;12.894030789477743;11.764689966165705;15.506816243188027;16.742053637472317
3.927222222222222;;;;;;;;;;;;;;;;;;;;;;;;;;
3.962777777777778;;;;;;;;;;;;;;;;;;;;;;;;;;
3.9983333333333335;;;;;;;;;;;;;;;;;;;;;;;;;;
3.9980555555555553;;;;;;;;;;;;;;;;;;;;;;;;;;
16.009722222222223;;;;;;-14.173208;-46.08959;-41.42555;0.27606487;40.514084;61.26712;29.878698;-69.13721;;;;;;19.274051727646683;13.642296727457587;12.914288211124918;10.593968095100154;10.474757753762137;11.760800142847424;12.120274749361089;12.830799273622825
16.045277777777777;;;;;;-22.955626;-30.397099;-12.654503;-24.33916;-57.420685;13.6362095;40.928215;-29.721287;;;;;;20.083371977832808;15.563485792071132;11.999517906982764;10.925691282477278;11.718373607288683;12.269528923312418;11.682873362319734;11.614681226792236
