tempo_decorrido;70.0km;72.5km;75.0km;77.5km;80.0km;82.5km;85.0km;87.5km;90.0km;92.5km;95.0km;97.5km;100.0km;std_70.0km;std_72.5km;std_75.0km;std_77.5km;std_80.0km;std_82.5km;std_85.0km;std_87.5km;std_90.0km;std_92.5km;std_95.0km;std_97.5km;std_100.0km
0.8283333333333334;;;;;;;;;;;;;;;;;;;;;;;;;;
0.8641666666666666;;;;;;;;;;;;;;;;;;;;;;;;;;
9.74472222222222;;;;;;16.85503;14.144335;42.03398;41.744278;32.250553;15.217221;5.2715693;-5.011202;;;;;;20.899909090711375;16.68340672644529;13.691366622802853;9.708797041858482;8.688430813443818;10.212847105484347;11.07159518768637;11.486179086188757
9.780555555555557;;;;;;26.92247;41.585556;80.33336;80.839005;52.661327;32.578205;-5.0876474;-39.9079;;;;;;13.690401747209611;11.693088984524149;20.281849521185194;14.38177527289312;11.798682129797378;13.526888038273992;15.243828259331709;14.70095745181245
13.016944444444444;;;;;;64.36796;71.05835;67.399506;64.21245;27.867878;-30.18275;-63.124557;-69.40719;;;;;;24.848984888723322;23.755202167104365;21.733408154267934;15.762900113874984;14.211006297936821;14.099244660619235;14.020767454030468;13.092893492272822
13.052777777777775;;;;;;46.5109;57.135235;60.230335;45.884945;9.925191;-26.842495;-47.13731;-46.71871;;;;;;21.249638820459985;19.980999224263034;17.888012745970414;14.127223718763712;12.759549365083393;13.078211269130042;12.969158415255787;12.655308372378762
13.08888888888889;;;;;;5.757538;21.605509;29.65333;4.1074038;-7.199558;-11.71447;-22.451662;-29.383036;;;;;;23.298401232702645;20.84207211387582;17.445456715145063;16.505170402028572;15.122924651005837;15.217610522023488;15.490270817516393;16.446952909277755
21.82777777777778;;;;;;;;;;;;;;;;;;;;;;;;;;
21.86361111111111;;;;;;;;;;;;;;;;;;;;;;;;;;
