tempo_decorrido;70.0km;72.5km;75.0km;77.5km;80.0km;82.5km;85.0km;87.5km;90.0km;92.5km;95.0km;97.5km;100.0km;70.0km;72.5km;75.0km;77.5km;80.0km;82.5km;85.0km;87.5km;90.0km;92.5km;95.0km;97.5km;100.0km
4.012777777777778;;;;;21.50130461158113;21.0871849709723;20.596650698596605;19.472432565039224;16.703842971005205;12.39427287096746;10.205663133770386;12.73407633085337;17.02560718447363;;;;;21.50130461158113;21.0871849709723;20.596650698596605;19.472432565039224;16.703842971005205;12.39427287096746;10.205663133770386;12.73407633085337;17.02560718447363
4.048611111111111;;;;;23.939153493805918;21.258470076654152;20.359140453368852;18.10073202939594;13.909578713965423;10.545683951266508;10.581945945807888;13.288244805089949;17.396255344182553;;;;;23.939153493805918;21.258470076654152;20.359140453368852;18.10073202939594;13.909578713965423;10.545683951266508;10.581945945807888;13.288244805089949;17.396255344182553
5.630555555555556;;;;;;;;;;;;;;;;;;;;;;;;;;
5.666388888888889;;;;;;;;;;;;;;;;;;;;;;;;;;
5.7025;;;;;;;;;;;;;;;;;;;;;;;;;;
14.44277777777778;;;;;26.334851433034515;24.22987267816321;19.75045417199311;16.32142150671932;14.92963227946355;16.214041445611272;19.318708548968793;21.652701448087257;17.713985435242968;;;;;26.334851433034515;24.22987267816321;19.75045417199311;16.32142150671932;14.92963227946355;16.214041445611272;19.318708548968793;21.652701448087257;17.713985435242968
14.47888888888889;;;;;26.543081961219197;23.60580225283606;18.573812209667675;16.08358013627563;16.605523177545475;19.3287076650251;17.823157688804752;14.686779429132855;13.806183397304268;;;;;26.543081961219197;23.60580225283606;18.573812209667675;16.08358013627563;16.605523177545475;19.3287076650251;17.823157688804752;14.686779429132855;13.806183397304268
17.715555555555557;;;;;;20.473065720599834;15.002911717396726;15.60877765874061;14.466644393224021;14.779213781524374;15.010897374907337;14.08549253664919;14.13781312650581;;;;;;20.473065720599834;15.002911717396726;15.60877765874061;14.466644393224021;14.779213781524374;15.010897374907337;14.08549253664919;14.13781312650581
17.751388888888886;;;;;;27.52999818379943;20.50687933353098;15.610722917277085;16.074822860610315;15.686756834986639;17.78735646463521;18.16006002192724;18.703952256140948;;;;;;27.52999818379943;20.50687933353098;15.610722917277085;16.074822860610315;15.686756834986639;17.78735646463521;18.16006002192724;18.703952256140948
