tempo_decorrido;70.0km;72.5km;75.0km;77.5km;80.0km;82.5km;85.0km;87.5km;90.0km;92.5km;95.0km;97.5km;100.0km;70.0km;72.5km;75.0km;77.5km;80.0km;82.5km;85.0km;87.5km;90.0km;92.5km;95.0km;97.5km;100.0km
0.4369444444444444;;;;;24.095083730919054;21.06477676121919;16.6500906904437;11.417186168229017;10.977223692719393;12.618781240674553;14.649539241901092;17.66887517642252;21.435012246322604;;;;;24.095083730919054;21.06477676121919;16.6500906904437;11.417186168229017;10.977223692719393;12.618781240674553;14.649539241901092;17.66887517642252;21.435012246322604
0.4730555555555555;;;;;24.248948430808294;21.246882594865536;15.886259156894049;11.263093935504578;12.225434143620422;14.418701744609324;16.559920289663232;18.490238505762978;20.85071941204907;;;;;24.248948430808294;21.246882594865536;15.886259156894049;11.263093935504578;12.225434143620422;14.418701744609324;16.559920289663232;18.490238505762978;20.85071941204907
0.508888888888889;;;;;24.357990475406627;22.80857075750254;18.701189801721174;15.029751162278103;15.223352456013098;16.984166155569724;18.873473448202375;21.96601693525706;23.842993520109843;;;;;24.357990475406627;22.80857075750254;18.701189801721174;15.029751162278103;15.223352456013098;16.984166155569724;18.873473448202375;21.96601693525706;23.842993520109843
2.091111111111111;;;;;;;;;;;;;;;;;;;;;;;;;;
2.127222222222222;;;;;;;;;;;;;;;;;;;;;;;;;;
2.163611111111111;;;;;;;;;;;;;;;;;;;;;;;;;;
12.555;;;;;;17.734695937624643;16.107189699013293;12.864410596681063;11.599109448574058;12.504411221644943;10.997736585316089;9.75987294999274;10.429973873409272;;;;;;17.734695937624643;16.107189699013293;12.864410596681063;11.599109448574058;12.504411221644943;10.997736585316089;9.75987294999274;10.429973873409272
14.173333333333334;;;;;;20.718387002853287;18.45277106561505;17.771397525237006;15.745043664594899;14.841163027202416;15.259997378767796;15.206671562179542;15.710574146096635;;;;;;20.718387002853287;18.45277106561505;17.771397525237006;15.745043664594899;14.841163027202416;15.259997378767796;15.206671562179542;15.710574146096635
14.209166666666668;;;;;;22.352555111217153;19.451450331530552;17.384749063475144;15.658326219618749;15.67664696291908;16.185426160592744;15.344055852348818;15.179113610484638;;;;;;22.352555111217153;19.451450331530552;17.384749063475144;15.658326219618749;15.67664696291908;16.185426160592744;15.344055852348818;15.179113610484638
