tempo_decorrido;70.0km;72.5km;75.0km;77.5km;80.0km;82.5km;85.0km;87.5km;90.0km;92.5km;95.0km;97.5km;100.0km;std_70.0km;std_72.5km;std_75.0km;std_77.5km;std_80.0km;std_82.5km;std_85.0km;std_87.5km;std_90.0km;std_92.5km;std_95.0km;std_97.5km;std_100.0km
0.508888888888889;;;;;;;;;;;;;;;;;;;;;;;;;;
0.5447222222222222;;;;;;;;;;;;;;;;;;;;;;;;;;
2.163055555555556;;;;;;;;;;;;;;;;;;;;;;;;;;
2.1991666666666663;;;;;;;;;;;;;;;;;;;;;;;;;;
12.698055555555555;;;;;;;;;7.3383064;-21.427635;-30.786413;-4.042142;41.296227;;;;;;;;;15.427493315506574;12.480802458175516;11.868926236184974;12.606798562680376;12.821229660215902
12.734722222222222;;;;;;;;;-8.054139;-41.758507;-51.195576;-8.452047;44.908047;;;;;;;;;12.262552752180111;18.558667247407612;14.522125877432684;11.088296758294305;9.35616107172167
12.770555555555555;;;;;;;;;-14.648424;-19.179117;-30.941618;-32.456657;-22.731735;;;;;;;;;15.254884135908735;12.151341489728614;11.857702981606513;10.682214189951445;10.583569813630938
14.3525;;;;;;-9.892929;0.7065258;31.973946;35.98674;52.723118;33.19496;-37.969425;-89.12826;;;;;;21.096579580586045;19.105068960880512;15.658129517921353;13.06593203717209;13.970781653150263;14.61096300727642;14.633712447632693;16.174646827674476
14.388333333333332;;;;;;30.199781;26.117537;22.401701;16.640644;35.203205;0.0057401657;-39.691277;-68.14292;;;;;;20.061299808337445;16.782010010722793;14.075925546833501;12.698620791251308;13.754438192816165;17.051579105760265;14.19888375894387;13.711230798145001
14.423888888888888;;;;;;67.50766;50.43224;21.200665;-12.475584;6.70881;-3.7798443;;;;;;;;24.503859900023915;20.80233881081644;19.09615406305678;18.439975596513136;18.761944462128653;23.42579347642252;;
