tempo_decorrido;70.0km;72.5km;75.0km;77.5km;80.0km;82.5km;85.0km;87.5km;90.0km;92.5km;95.0km;97.5km;100.0km;70.0km;72.5km;75.0km;77.5km;80.0km;82.5km;85.0km;87.5km;90.0km;92.5km;95.0km;97.5km;100.0km
2.637777777777778;;;;;22.38061527304377;21.495761210061858;20.310141063025632;17.270328601390304;11.833503285164541;7.924010348302178;8.3634364946474;11.17000026857654;14.79938174384322;;;;;22.38061527304377;21.495761210061858;20.310141063025632;17.270328601390304;11.833503285164541;7.924010348302178;8.3634364946474;11.17000026857654;14.79938174384322
2.673611111111111;;;;;21.96962311920712;20.805354118591683;18.972117699402986;16.516631012406858;12.709107757824702;9.401386599858554;7.812949699057328;9.368294935579259;13.965602743884705;;;;;21.96962311920712;20.805354118591683;18.972117699402986;16.516631012406858;12.709107757824702;9.401386599858554;7.812949699057328;9.368294935579259;13.965602743884705
4.2925;;;;;;;;;;;;;;;;;;;;;;;;;;
4.328055555555555;;;;;;;;;;;;;;;;;;;;;;;;;;
14.826944444444443;;;;;;22.10796078339203;19.901427838223064;18.423386496515782;15.144035459546442;13.97649455335636;13.03230140842361;11.351092458437645;11.222284972321813;;;;;;22.10796078339203;19.901427838223064;18.423386496515782;15.144035459546442;13.97649455335636;13.03230140842361;11.351092458437645;11.222284972321813
14.8625;;;;;;19.51461170507884;16.69130701892455;15.156607470011222;13.664068574183899;13.262120871112584;12.250339995281763;11.663429169845376;12.470027666368667;;;;;;19.51461170507884;16.69130701892455;15.156607470011222;13.664068574183899;13.262120871112584;12.250339995281763;11.663429169845376;12.470027666368667
14.89861111111111;;;;;;20.717841103744377;16.80308394313377;16.152670057919217;15.20739491168688;13.822692574169478;13.932258251984852;14.276186815813247;15.635003677645873;;;;;;20.717841103744377;16.80308394313377;16.152670057919217;15.20739491168688;13.822692574169478;13.932258251984852;14.276186815813247;15.635003677645873
16.480833333333333;;;;;;24.058194030309092;14.782634406627258;10.055132023001986;8.41290377931425;8.433168443710821;8.603124781147836;9.690728042825265;11.374220852436443;;;;;;24.058194030309092;14.782634406627258;10.055132023001986;8.41290377931425;8.433168443710821;8.603124781147836;9.690728042825265;11.374220852436443
16.51638888888889;;;;;;20.598349448438825;12.861141862214257;9.715347909364851;8.594020595739808;8.131968396397026;8.618928587707407;10.288399583997503;12.407924886942217;;;;;;20.598349448438825;12.861141862214257;9.715347909364851;8.594020595739808;8.131968396397026;8.618928587707407;10.288399583997503;12.407924886942217
