tempo_decorrido;70.0km;72.5km;75.0km;77.5km;80.0km;82.5km;85.0km;87.5km;90.0km;92.5km;95.0km;97.5km;100.0km;std_70.0km;std_72.5km;std_75.0km;std_77.5km;std_80.0km;std_82.5km;std_85.0km;std_87.5km;std_90.0km;std_92.5km;std_95.0km;std_97.5km;std_100.0km
19.41916666666667;;;;;4.019431;-35.644638;18.818275;26.699362;-26.65688;-20.858738;-44.462505;-72.5446;-18.011925;;;;;22.36763778319025;17.39119518607045;11.066218414616621;12.324586402796648;9.36820954078206;10.640399898500055;13.510410430479157;12.358668213039786;20.229208091272383
19.455;;;;;-77.24023;-69.54981;3.879034;-28.791227;-26.148087;-39.48384;-43.996796;-31.925587;-33.685875;;;;;22.542264748689295;14.29915032440739;9.97971793188565;8.461729728607503;11.249592437061887;9.13346538833974;11.329589136416201;20.020074425436086;20.833077065090507
19.491111111111117;;;;;-40.40754;28.83228;28.349146;39.31009;103.16895;-63.715805;-144.91566;-166.86224;5.5922623;;;;;17.564696126036452;13.226394066411299;10.332015776217146;8.082543535298774;8.051387458072055;8.06230054016842;10.149629057261157;14.794052183225528;17.168281801042294
19.419444444444444;;;;;;28.085518;30.96606;15.965412;-10.065376;-50.14433;-62.33075;1.9139557;60.8702;;;;;;20.217461759578033;13.030814249309213;12.365450658993387;11.961392895478351;11.914462640001856;11.381686606123013;12.552354360836057;13.34203507715371
19.455277777777777;;;;;;80.18696;65.993805;22.208607;-12.766829;-27.461761;-29.18061;7.618534;47.142624;;;;;;17.020561095334077;11.272675813665538;9.959164121551566;9.814611556246126;9.590757790706634;9.544878731550234;11.270431668751646;13.281805976598212
19.491111111111117;;;;;;101.05903;83.56478;44.25225;0.9368849;-11.055554;-30.472586;-19.503868;10.062889;;;;;;14.3068060726355;8.830413920083249;7.30303361624469;7.325198086058833;8.26601838855927;8.24747355254929;9.292572840715321;12.457417870489856
19.419444444444444;;;;;;-16.007175;2.9215221;-4.108417;-23.042027;-36.367065;-57.58284;-29.60534;26.863628;;;;;;19.772476830179876;11.689624031593146;8.85365178895127;8.24618457227341;9.696867019816246;10.827570826367287;11.442525070979745;12.600522211400605
19.45555555555556;;;;;;19.60817;27.820507;-0.9235668;-20.393623;-17.651295;-40.85639;-18.982355;21.128626;;;;;;16.676230989045457;10.043319172464848;7.83768862611931;7.660289942293307;8.22190732129717;9.414952469343644;10.12784231709795;11.608450801032841
19.49138888888889;;;;;;23.84097;34.40551;19.094904;0.92826366;-5.3323984;-57.430973;-37.237;0.44900703;;;;;;14.213344082234835;7.347027289999677;6.477517811631242;6.576127812018255;7.847864040616402;8.832090918916087;8.165329142171796;8.706959285537058
