tempo_decorrido;70.0km;72.5km;75.0km;77.5km;80.0km;82.5km;85.0km;87.5km;90.0km;92.5km;95.0km;97.5km;100.0km;70.0km;72.5km;75.0km;77.5km;80.0km;82.5km;85.0km;87.5km;90.0km;92.5km;95.0km;97.5km;100.0km
1.3027777777777778;;;;;;;;;;;;;;;;;;;;;;;;;;
1.338611111111111;;;;;;;;;;;;;;;;;;;;;;;;;;
11.838611111111112;;;;;;;;;15.130112359133358;12.63553125119795;11.641809996731608;13.23141677977079;15.074499660021887;;;;;;;;;15.130112359133358;12.63553125119795;11.641809996731608;13.23141677977079;15.074499660021887
11.874722222222225;;;;;;;;;18.985624825114396;12.932743715082273;12.854556390634412;13.105271458462813;12.294928629317049;;;;;;;;;18.985624825114396;12.932743715082273;12.854556390634412;13.105271458462813;12.294928629317049
11.91111111111111;;;;;;;;;21.91288296870131;17.638614741526613;11.470180033460679;16.334815579001802;15.437397772940878;;;;;;;;;21.91288296870131;17.638614741526613;11.470180033460679;16.334815579001802;15.437397772940878
13.493333333333334;;;;;;22.347616203971285;19.745666106768848;18.45064768510851;17.796715427291634;16.692600156955777;16.7650225171337;18.533584111013173;17.36142995262775;;;;;;22.347616203971285;19.745666106768848;18.45064768510851;17.796715427291634;16.692600156955777;16.7650225171337;18.533584111013173;17.36142995262775
13.529166666666669;;;;;;19.193617689221593;17.13588340296467;16.866317321810353;15.085704822778418;14.203829765242894;14.794081248931953;15.327780008859731;15.667229493436292;;;;;;19.193617689221593;17.13588340296467;16.866317321810353;15.085704822778418;14.203829765242894;14.794081248931953;15.327780008859731;15.667229493436292
13.565277777777776;;;;;;22.485901805353503;20.13864295328759;20.634037413943012;17.562209428201225;16.396570678041186;17.666784087660098;17.444534100972717;18.430500535796636;;;;;;22.485901805353503;20.13864295328759;20.634037413943012;17.562209428201225;16.396570678041186;17.666784087660098;17.444534100972717;18.430500535796636
22.303611111111117;;;;;24.385628964617666;23.564963399080423;21.502877016808704;18.006131178018226;14.846192104374778;14.34656335154869;;;;;;;;24.385628964617666;23.564963399080423;21.502877016808704;18.006131178018226;14.846192104374778;14.34656335154869;;;
