tempo_decorrido;70.0km;72.5km;75.0km;77.5km;80.0km;82.5km;85.0km;87.5km;90.0km;92.5km;95.0km;97.5km;100.0km;std_70.0km;std_72.5km;std_75.0km;std_77.5km;std_80.0km;std_82.5km;std_85.0km;std_87.5km;std_90.0km;std_92.5km;std_95.0km;std_97.5km;std_100.0km
10.096388888888889;;;;;;29.308723;24.018822;19.003508;36.84089;56.308643;57.094963;55.28726;19.936897;;;;;;26.178231414669707;21.32662326764366;18.299308730113278;18.1919611367219;18.05377522846676;17.486397570683334;19.001110493863248;21.080201611939106
10.131944444444445;;;;;;71.678925;96.71669;92.54918;72.90103;59.515717;22.685387;21.783875;-14.856594;;;;;;22.48242869442712;17.17498122269716;16.138620758912456;16.876131073205137;16.16850023966354;15.559394911113992;16.981219626399042;20.177848497795797
10.168055555555556;;;;;;49.666935;2.3224106;-29.548824;-15.6958;-4.3099933;-5.009038;0.27140617;-13.713938;;;;;;19.008924219955215;16.040399932670006;13.898911827909407;12.785586415960747;12.702001810738336;12.924879883387698;14.161361869537831;14.398424913857765
11.750833333333333;;;;;114.66726;104.08163;110.27942;115.769295;112.79082;84.12758;31.853333;-9.221598;-8.853692;;;;;22.064402552527905;27.288399366763894;23.94330177732386;21.13211300367287;18.124863585693546;15.64985431242093;14.153591770289266;14.274819788704864;15.958494289875846
11.786388888888888;;;;;196.13586;112.042114;24.412563;22.549896;42.39909;62.234642;20.46004;4.0517597;-9.265301;;;;;25.46172500047866;21.123127609329067;17.67557721829757;17.404691321594875;16.34108809106664;14.839948113116838;13.625679799554957;14.585764292624503;15.624961759953207
22.18111111111111;;;;;;;;;;;;;;;;;;;;;;;;;;
22.216666666666665;;;;;;;;;;;;;;;;;;;;;;;;;;
23.834722222222226;;;;;;;;;;;;;;;;;;;;;;;;;;
23.87027777777778;;;;;;;;;;;;;;;;;;;;;;;;;;
