tempo_decorrido;70.0km;72.5km;75.0km;77.5km;80.0km;82.5km;85.0km;87.5km;90.0km;92.5km;95.0km;97.5km;100.0km;70.0km;72.5km;75.0km;77.5km;80.0km;82.5km;85.0km;87.5km;90.0km;92.5km;95.0km;97.5km;100.0km
1.8752777777777776;;;;;23.81001259974467;23.266199517755368;22.582199848553284;20.890965272097887;16.7807344892886;11.762764556004681;10.877279531206321;14.135902164347348;18.34589599883309;;;;;23.81001259974467;23.266199517755368;22.582199848553284;20.890965272097887;16.7807344892886;11.762764556004681;10.877279531206321;14.135902164347348;18.34589599883309
1.9111111111111112;;;;;22.95162957177551;22.757382099002513;22.31448318917559;20.329201410778534;16.519532681041557;12.825144443631034;11.435263879771206;12.714877113051466;17.60245096570361;;;;;22.95162957177551;22.757382099002513;22.31448318917559;20.329201410778534;16.519532681041557;12.825144443631034;11.435263879771206;12.714877113051466;17.60245096570361
1.9469444444444444;;;;;22.449897995313922;22.0268036718903;21.537463638971047;18.848842670042107;14.28843343407527;11.341658608863167;10.964378960980874;13.571081018106112;17.247289642143777;;;;;22.449897995313922;22.0268036718903;21.537463638971047;18.848842670042107;14.28843343407527;11.341658608863167;10.964378960980874;13.571081018106112;17.247289642143777
3.529166666666667;;;;;;;;;;;;;;;;;;;;;;;;;;
3.564722222222222;;;;;;;;;;;;;;;;;;;;;;;;;;
3.600277777777778;;;;;;;;;;;;;;;;;;;;;;;;;;
12.34138888888889;;;;;23.655897784696315;22.944705925332755;21.56504393689009;20.029820268789233;18.072534409982456;17.84897055855043;17.412827742787787;17.95253603254983;17.59729808805886;;;;;23.655897784696315;22.944705925332755;21.56504393689009;20.029820268789233;18.072534409982456;17.84897055855043;17.412827742787787;17.95253603254983;17.59729808805886
15.613611111111112;;;;;;25.880595820034745;21.82057813166278;20.294483486898603;20.057543468730163;18.017714338949876;17.856603820435733;18.426656234922277;19.819055224707355;;;;;;25.880595820034745;21.82057813166278;20.294483486898603;20.057543468730163;18.017714338949876;17.856603820435733;18.426656234922277;19.819055224707355
15.649722222222222;;;;;;22.415439545099268;18.656729348950744;17.70909653257331;16.23868529161151;14.54512530025094;15.577193585495431;15.152749585471279;16.18222234428881;;;;;;22.415439545099268;18.656729348950744;17.70909653257331;16.23868529161151;14.54512530025094;15.577193585495431;15.152749585471279;16.18222234428881
