tempo_decorrido;70.0km;72.5km;75.0km;77.5km;80.0km;82.5km;85.0km;87.5km;90.0km;92.5km;95.0km;97.5km;100.0km;std_70.0km;std_72.5km;std_75.0km;std_77.5km;std_80.0km;std_82.5km;std_85.0km;std_87.5km;std_90.0km;std_92.5km;std_95.0km;std_97.5km;std_100.0km
2.366111111111111;;;;;-16.795017;-4.6470184;11.985738;28.888634;33.795998;13.287008;-15.069933;-37.858704;-49.927513;;;;;23.867488347121906;23.227877647344364;22.330809882312824;19.657467283452362;14.81090645436666;10.645362840222967;10.429493276281452;12.174490954450622;15.554850690379514
2.4019444444444447;;;;;-1.0737921;5.553358;18.141949;32.145054;40.21093;29.02555;2.3865972;-24.837805;-40.131683;;;;;22.703790432436605;21.70347368510396;19.696640322654016;16.20911225206365;12.289458490918141;9.651331514355935;9.586078447415293;11.195694708234948;14.16513325034396
5.639444444444445;;;;;;;;;;;;;;;;;;;;;;;;;;
5.675;;;;;;;;;;;;;;;;;;;;;;;;;;
14.555555555555555;;;;;;22.563334;34.380665;39.642204;24.737747;3.3618722;-33.324207;-42.576115;-17.442097;;;;;;25.812345883317153;24.207053724069766;22.05275787741751;18.817382123983133;17.050842501178643;17.03616535491482;17.71082211530566;18.83577049127537
14.591666666666669;;;;;;-8.108622;17.994465;37.98262;37.020935;31.531826;6.1906977;-7.3416734;-7.9394407;;;;;;26.082829601099647;25.70614906982374;22.11488593685258;19.448208143682542;20.10168649641119;21.066927398175558;20.215721604731304;19.222909769335132
14.626944444444444;;;;;;-14.434466;-3.096263;12.905026;5.709094;10.583484;21.480984;11.091664;6.0944986;;;;;;21.75053746462372;20.134703871673903;19.928931732533986;17.269767514358726;15.939888017172517;16.144221876572434;16.736957011356633;16.88260998779513
17.826944444444443;;;;;;64.67734;62.479683;53.373352;25.942062;5.1048613;-4.35098;-4.796917;5.082238;;;;;;15.97943052802571;12.8789277503991;10.945652561633775;9.886678410871873;9.463978814431064;9.647503303964191;12.251963108008447;15.904451578095989
17.862777777777776;;;;;;64.20372;54.419125;51.75643;36.371674;22.858543;3.4984121;-13.484262;-6.6782446;;;;;;23.81853165079661;18.784553228650395;15.640025895119228;14.423276326826718;14.002529414359392;15.493748416700202;18.13091558636794;19.74473803320773
17.898611111111112;;;;;;57.651203;60.050682;48.932632;24.379993;17.280804;42.317802;31.632057;-0.9352584;;;;;;19.731675042935407;16.407945331454513;13.732639586037347;12.336982613264883;12.787316763105542;13.538445996494575;16.17761539906299;18.11476469623605
