tempo_decorrido;70.0km;72.5km;75.0km;77.5km;80.0km;82.5km;85.0km;87.5km;90.0km;92.5km;95.0km;97.5km;100.0km;std_70.0km;std_72.5km;std_75.0km;std_77.5km;std_80.0km;std_82.5km;std_85.0km;std_87.5km;std_90.0km;std_92.5km;std_95.0km;std_97.5km;std_100.0km
4.501944444444445;;;;;-65.97046;-83.03573;-65.38644;-89.458855;-127.1376;-171.49094;-147.92123;-20.937227;15.355157;;;;;24.628103053219508;22.77974099940559;20.6028451918661;18.940394135286628;15.324373722929105;12.11743372170857;13.293791031906588;18.64099326752735;19.369600667024603
4.538055555555556;;;;;-60.682266;-70.36444;-46.45026;-50.489464;-69.455505;-96.457;-90.07255;-27.994875;-24.68666;;;;;20.082938032070906;16.975364502713926;15.45845270394162;12.910857833622055;10.060857816309701;9.664776562342245;12.202332973657128;16.311704999784666;17.14348330999275
18.38138888888889;;;;;;-23.25602;-22.595222;17.460155;-17.879387;-52.546772;-79.92471;-100.99053;-72.24938;;;;;;16.552846582989886;5.107620385267488;10.23083085580052;9.517479183061027;10.795015516431645;11.50805978434245;11.046277653580866;11.493128816819203
18.34555555555556;;;;;;1.3472979;-17.641994;-27.810532;-52.627884;-56.92529;-87.050415;-80.31022;-70.04038;;;;;;21.754462760546396;3.720358316076558;12.679995662459826;11.139910008613175;12.687810291772177;13.428480182060813;13.845553076710226;13.69324176373148
16.76361111111111;;;;;;-10.604519;-11.889748;-5.26606;13.371452;2.7752647;-30.685635;-49.714233;-75.71754;;;;;;19.470593211302013;15.072537278109483;13.68161576715265;14.28876551700671;14.637125400842885;15.642300342340956;14.718611687248224;14.332696187389168
16.7275;;;;;;4.6962886;2.2223198;3.8869307;10.006873;-4.835733;-43.83337;-72.7356;-89.69487;;;;;;20.979819589310104;17.706697320505594;15.634571628285823;13.917434390001628;13.375329528650873;13.4198770486171;14.364424805748401;15.599876922591408
16.691388888888888;;;;;;-6.020013;-10.842377;-35.11407;-42.98267;-48.264606;-71.751114;-85.02013;-68.863144;;;;;;24.26103171755068;21.436363264322612;19.070823789233646;16.499571812625927;15.77301714955005;17.548887998958794;16.983605918649904;16.456539733491972
18.411944444444444;;;;;;19.172112;137.58665;109.273476;53.534286;-17.271612;-41.142612;-70.69067;-83.45031;;;;;;15.356729795109374;19.421948923833572;10.73367551214401;10.646632801031508;11.013137609237432;13.351707006971056;11.928115525932837;12.466119283883016
18.3775;;;;;;19.942696;121.73012;84.04673;3.7447205;-53.31058;-54.268333;-78.41597;-85.0177;;;;;;21.25028282164734;16.67104975698891;11.146566287426815;10.644461940370682;10.954086908546964;12.29553374197314;12.119344866782198;12.539747605115503
18.343055555555555;;;;;;32.544228;75.42658;0.503479;-45.66873;-58.082344;-67.90492;-60.770832;-82.97225;;;;;;25.458411969327543;16.613694953260698;12.941753358799572;11.876654832064457;12.816711746778111;13.540997009083194;14.346230515365352;13.868126044999736
16.76361111111111;;;;;;-15.000659;-16.219912;0.114610195;28.49428;25.131226;-7.03004;-34.069706;-62.906708;;;;;;19.44450179356622;15.028094024193487;13.423849671387117;14.015964112396977;14.638535104306031;15.686030728007644;15.001907212084735;14.60797316536418
16.7275;;;;;;2.648065;-2.9850876;5.7000985;22.308142;13.088504;-21.407478;-49.67805;-72.72655;;;;;;21.18765678408068;17.782837231443132;15.766553206075194;14.33799044496822;13.75458832535529;13.773695582522505;15.214011962661262;16.324219123743713
16.691666666666666;;;;;;-4.238221;-5.8239684;-31.254053;-45.456863;-43.247837;-68.99303;-81.61154;-67.63953;;;;;;24.418367062520787;21.508652445004547;19.364420208206596;16.976451337072774;15.871806135408786;17.4709650563442;16.969557448560643;16.52548940273782
4.538888888888889;;;;;;;;;;;;;;;;;;;;;;;;;;
4.502777777777778;;;;;;;;;;;;;;;;;;;;;;;;;;
18.4175;;;;;22.962835;62.57087;129.70311;107.23978;98.78725;11.272336;-93.31213;-32.685173;-40.73381;;;;;18.889578078930192;5.044072263558483;10.780620112034372;8.600224997056763;8.436237905606976;9.21457812382097;11.26230970982418;10.367332829614375;13.085293653563912
18.38138888888889;;;;;-136.91972;-72.33962;27.605576;51.24491;60.035957;-2.259612;-69.19069;-71.60638;-101.03506;;;;;19.466044796003114;7.08610330153322;11.986645068575278;11.694286211650542;8.876054866887653;10.21994520533256;12.575534581082428;12.565612599471622;12.260856821609165
18.34555555555556;;;;;-296.89877;-206.05933;-148.35353;-105.22926;-28.009579;15.914116;42.410885;-89.72772;-172.30122;;;;;24.743985733911178;10.414948871693994;16.577429233750326;19.592398015556952;11.101222905608193;14.768473854803007;19.355520401167208;20.524585257685477;15.552889120674653
16.763333333333332;;;;;-30.697865;-34.95035;-37.575493;-48.123398;12.812882;50.732433;42.33338;28.114828;-19.327099;;;;;19.0785809220707;8.11360191283748;14.373004209280674;12.931033214712581;14.230678128606522;14.522121401503295;15.815392186095165;15.184456855613902;15.1099338185182
16.72722222222222;;;;;-19.871124;-34.363647;-32.472805;-44.63742;-5.300423;20.863646;24.200489;7.144573;-43.82336;;;;;20.83797902868702;6.225740116644767;16.215656015098496;14.88863660648617;14.340260457885693;13.905955918238774;14.287399693436171;14.721272023843591;15.602269065748096
16.691388888888888;;;;;-41.55799;-31.286045;-11.703754;-23.89487;-32.18696;-24.48739;-27.147512;-37.722034;-54.101997;;;;;24.92168332998395;18.60859344496515;19.63498077411842;18.413281891069825;16.558982456660797;15.153732873453986;16.852653500265173;16.415452171658263;16.067225336068454
6.191666666666666;;;;;;8.464162;-24.758205;-20.94355;5.8261776;42.4498;65.68974;48.612946;19.35883;;;;;;26.18013177965306;25.485218068519643;23.228237126394248;19.407021925066196;18.13866670954621;21.21398123879627;23.33015773628631;24.320086348530918
6.155833333333334;;;;;;-6.209564;-31.099379;-25.703556;-5.9799843;21.187626;36.568924;20.085901;-2.018139;;;;;;23.924367703243487;23.157094809150824;21.251323252917686;18.414188551223212;17.763061954516736;20.330075012158712;21.99055547274784;22.28449999439072
18.416944444444443;;;;;;;;;;;;;;;;;;;;;;;;;;
