tempo_decorrido;70.0km;72.5km;75.0km;77.5km;80.0km;82.5km;85.0km;87.5km;90.0km;92.5km;95.0km;97.5km;100.0km;std_70.0km;std_72.5km;std_75.0km;std_77.5km;std_80.0km;std_82.5km;std_85.0km;std_87.5km;std_90.0km;std_92.5km;std_95.0km;std_97.5km;std_100.0km
3.267777777777778;;;;;;;;-15.354054;-60.82201;-53.474693;-119.14697;-111.08217;-91.78148;;;;;;;;0.9277990353519452;0.9277556251513649;0.927707518563906;0.9276702539156896;0.9277004203944288;0.9277636552484689
15.495;;;;;;-21.651964;-2.3221679;9.67609;9.764424;-3.779159;-65.95005;-97.452934;-94.06631;;;;;;20.758274976500335;19.000086841906803;18.113975267731817;16.438128543115848;15.522965567184642;16.085017252088978;15.319855417072317;16.221387117013144
15.495277777777778;;;;;;26.146826;21.282768;12.761845;3.7962093;-4.316823;-50.141464;-86.180885;-90.25864;;;;;;20.93893407029116;18.94674272797306;18.051961112300237;16.69824242248267;15.72602842423986;16.33181404498594;15.809260260998931;15.857663131748007
15.459166666666668;;;;;;27.80547;20.161919;13.625354;2.8892508;-9.684755;-45.93273;-60.219456;-63.156612;;;;;;23.12881968454076;21.418830500286425;19.824226088299135;18.113343976196113;17.809882088323885;18.298080773676784;17.366080444360495;17.0392077280606
18.80388888888889;;;;;;-135.61269;-75.8969;-1.7482128;-5.2758927;-50.036346;-82.14209;-73.99466;-58.880817;;;;;;22.77315524910854;19.889981397678582;17.267795458598645;16.83283398599297;13.630133895160386;16.92655605845442;14.791845388591648;13.299008609667114
18.767777777777777;;;;;;-63.578686;-29.329521;-9.161154;-43.40351;-66.423744;-73.24495;-50.51352;-26.925045;;;;;;19.4438530132276;14.543246198837453;11.25935855188918;12.039384535764276;10.755404687876696;12.218175395696363;11.244120241263875;9.161169685143923
3.303333333333333;;;;;;;;-50.23593;-35.31282;-26.275375;-7.051447;;;;;;;;;;17.49076899395793;14.05159421560415;13.973523177781615;12.508720957795804;;
3.2675;;;;;;;;-57.71734;-48.662994;-29.618927;-24.349216;24.032574;;;;;;;;;22.111930490122294;19.57301969548899;17.451907059115346;11.880466320814179;12.65502983007152;
18.80388888888889;;;;;-103.63108;-145.92163;-77.2803;-9.090379;-0.99658394;-104.0518;-117.73604;-82.877266;-62.992897;;;;;22.91810201565566;22.54302663796501;18.411561585047586;18.882023726285272;15.37548340703472;14.408849017183849;17.608803196128918;15.027406296497077;14.187891316189308
18.76805555555556;;;;;-85.13296;-88.49597;-46.805172;-16.944422;-32.004704;-101.44008;-95.6294;-54.48635;-30.878765;;;;;21.060985257105138;19.497568566362318;13.357723234144357;12.165013357986911;11.78819282163301;12.286283408744893;14.587503556126387;11.439594398404166;9.727072529800525
15.530555555555557;;;;;;7.2885;2.3063064;1.0262957;13.718525;-13.772366;-40.90345;-43.80176;-24.768381;;;;;;20.17452849510987;19.21668493783462;18.74144818310474;16.763400609661513;17.662534359485335;17.68630826373893;18.62897876964811;19.64990203537921
15.459166666666668;;;;;;-6.393198;1.5864382;8.053282;3.4377022;-16.05326;-55.15128;-75.38088;-94.27562;;;;;;23.6488001809817;21.77419435937872;20.04283288360206;18.196596385038603;17.8455131615765;18.238171509227563;17.35823435721502;16.690817834965426
3.303611111111111;;;;;;;;492.78714;277.07587;98.23459;-55.27776;-71.11381;26.830156;;;;;;;;0.815450427677857;0.8153012081433463;0.8152682993959719;0.8153422962167485;0.8154473618818078;0.8154792823855184
6.576388888888888;;;;;;;;-263.50552;-187.32596;-95.5943;-31.885832;-5.0317326;-22.59526;;;;;;;;24.010093710770892;22.693312891686837;22.637001568228953;21.94865531188642;21.338416061179423;21.874684683441725
3.303888888888889;;;;;;;;-41.302273;-17.137865;-32.31535;-22.573566;1.9913452;35.54488;;;;;;;;19.239221397967228;14.60586183694752;13.799067359789213;13.877272426525321;15.067969007135634;16.112673893553485
3.267777777777778;;;;;;;;-57.98835;-37.76724;-45.546646;-36.886353;-1.6221485;44.78463;;;;;;;;25.222126000795413;22.95174612093816;18.893963850923395;16.74594667374765;18.930672465604598;21.618239290006947
18.80388888888889;;;;;-63.262802;-31.672617;-10.854086;-6.531043;-13.19921;-25.071207;-18.883474;-7.456813;1.0033057;;;;;0.8279908815923035;0.8275052869921738;0.8264490304912941;0.8260282924936652;0.8249395129341303;0.8239596713432036;0.8248738933921961;0.8263955711401169;0.8261290456097038
18.767777777777777;;;;;24.23493;24.989252;-7.8843184;-7.8753915;22.671837;39.408974;21.954239;28.091217;2.4560032;;;;;0.8758752422577087;0.8755756392225631;0.8749540559366532;0.8742210818780338;0.8736246905851505;0.8734013052428992;0.8734945334688706;0.8734873553749934;0.8742650913767517
15.530555555555557;;;;;-18.027239;-5.2941794;-1.2337918;-4.283594;-16.69115;-34.505707;-36.35068;-20.536385;0.8145422;;;;;0.7719403798221725;0.7893898529877363;0.789331977054015;0.7892848661921753;0.7892493585680004;0.7892302895859992;0.7892471729439391;0.7893101418327273;0.7894163033533067
15.495;;;;;2.4266644;-3.092696;-10.595879;-24.83739;-40.17189;-58.114994;-76.099915;-69.883965;-57.58981;;;;;0.691569403603138;0.6914874763869553;0.6913918715171592;0.6913048531581418;0.6911833693022423;0.6910867094656068;0.6911153449316547;0.6911804395380413;0.6912743811251796
15.459166666666668;;;;;20.249878;7.7939696;-11.649315;-31.083317;-52.142166;-53.709404;-62.11678;-68.0991;-72.94097;;;;;0.7756073297745452;0.7755392317607149;0.7754000902759813;0.7752214522315543;0.77508541464796;0.7750367733211115;0.775102380334366;0.7751235385407929;0.7752150024348083
6.576388888888888;;;;;;;;12.941345;-75.40749;-218.30284;-323.66248;-251.54654;-138.05956;;;;;;;;0.6965484333483207;0.696525397957605;0.6965327558701027;0.6964624541208234;0.6963559578261681;0.6964280077653396
15.530833333333334;;;;;;22.3038;8.095202;-1.4856379;7.356865;-16.089056;-44.576508;-54.193974;-47.72813;;;;;;20.27956113923573;18.774414504852075;18.015035387142596;16.368785232875407;17.526864522783303;18.10045220429589;19.412682194895172;20.318098582298493
