tempo_decorrido;70.0km;72.5km;75.0km;77.5km;80.0km;82.5km;85.0km;87.5km;90.0km;92.5km;95.0km;97.5km;100.0km;70.0km;72.5km;75.0km;77.5km;80.0km;82.5km;85.0km;87.5km;90.0km;92.5km;95.0km;97.5km;100.0km
2.395833333333333;;;;;;;;;;;;;;;;;;;;;;;;;;
2.431388888888889;;;;;;;;;;;;;;;;;;;;;;;;;;
4.049444444444444;;;;;;;;;;;;;;;;;;;;;;;;;;
4.085277777777778;;;;;;;;;;;;;;;;;;;;;;;;;;
14.585;;;;;;21.19727057901559;20.075892010070188;17.619643583228353;16.558032189846713;14.397352881693218;14.412372462575341;15.377691309166016;14.897974694568386;;;;;;21.19727057901559;20.075892010070188;17.619643583228353;16.558032189846713;14.397352881693218;14.412372462575341;15.377691309166016;14.897974694568386
14.620833333333334;;;;;;25.950928692437966;22.041117258433157;19.955905391637835;18.65932019126099;17.397105218972495;16.361571440421;19.14794662620512;19.41374332785926;;;;;;25.950928692437966;22.041117258433157;19.955905391637835;18.65932019126099;17.397105218972495;16.361571440421;19.14794662620512;19.41374332785926
14.65638888888889;;;;;;24.92643476311845;21.69892808412434;19.825238207900554;17.65483786388309;15.537920388520467;17.761809310990817;18.54914634154359;20.152668309680482;;;;;;24.92643476311845;21.69892808412434;19.825238207900554;17.65483786388309;15.537920388520467;17.761809310990817;18.54914634154359;20.152668309680482
16.239166666666666;;;;;;19.971148439686687;15.211765512260568;12.718166927666894;10.540772267723082;11.971195011359558;12.179254082249864;11.119943570000704;13.108114280856725;;;;;;19.971148439686687;15.211765512260568;12.718166927666894;10.540772267723082;11.971195011359558;12.179254082249864;11.119943570000704;13.108114280856725
16.275;;;;;;16.19244576955563;12.014418421213737;10.046122436044666;8.827238243074671;10.174196774193037;11.514642851604213;12.325099188241854;13.65159660992076;;;;;;16.19244576955563;12.014418421213737;10.046122436044666;8.827238243074671;10.174196774193037;11.514642851604213;12.325099188241854;13.65159660992076
