tempo_decorrido;70.0km;72.5km;75.0km;77.5km;80.0km;82.5km;85.0km;87.5km;90.0km;92.5km;95.0km;97.5km;100.0km;std_70.0km;std_72.5km;std_75.0km;std_77.5km;std_80.0km;std_82.5km;std_85.0km;std_87.5km;std_90.0km;std_92.5km;std_95.0km;std_97.5km;std_100.0km
0.9338888888888888;;;;;;;;;;;;;;;;;;;;;;;;;;
0.97;;;;;;;;;;;;;;;;;;;;;;;;;;
2.588611111111111;;;;;;;;;;;;;;;;;;;;;;;;;;
2.6244444444444444;;;;;;;;;;;;;;;;;;;;;;;;;;
13.125555555555556;;;;;;-26.487247;-11.778573;-27.634527;-31.09682;-1.4351902;36.452972;28.997478;35.81876;;;;;;28.862031286796153;16.622163818227758;12.46130972249707;10.460880460076007;9.894478055966369;15.390653657333726;11.871135581737747;11.190107238092047
13.161388888888888;;;;;;15.256662;7.390421;-3.6658697;-11.589703;-15.556851;33.436348;49.43577;30.286564;;;;;;28.01474379679386;17.187254870979253;13.216557796945466;10.695358339017913;12.493367840578456;12.484599312753293;10.144530546062741;12.027094412201146
13.197777777777778;;;;;;6.730282;4.18563;1.4575799;-5.9138527;-9.681223;0.36164904;-2.4998693;2.627966;;;;;;20.22978052278373;16.64216091738089;13.671174784926128;11.440907306678085;9.074409071669626;9.14973824762217;10.277530345369941;11.347720916554126
14.780277777777778;;;;;-104.429535;-106.93172;15.040538;82.60487;89.5827;27.358465;2.0491571;8.458038;-36.009483;;;;;22.618732502065626;21.483958201411582;19.718608470173546;18.38321680229007;17.982082749225686;17.05409422983232;14.904383918834082;10.013778507636365;10.059981610321165
14.816666666666666;;;;;24.150139;-27.022255;38.473988;59.758095;65.46536;32.579445;0.27820396;-0.936121;-45.484062;;;;;25.938172641880538;19.717294439146563;18.97662693947478;16.45331425579661;15.379982119625497;15.321975721165987;13.235076123694943;10.768003064635522;11.215874464347397
14.852777777777778;;;;;152.72983;78.20862;82.7599;60.07193;33.261368;4.075005;-24.902262;-20.120237;-39.316116;;;;;34.06337475940985;23.84128226417363;23.637933496818203;19.416975047622635;17.42958777481556;18.02219881146582;14.605793713454945;13.39165262392958;13.773033071912664
