tempo_decorrido;70.0km;72.5km;75.0km;77.5km;80.0km;82.5km;85.0km;87.5km;90.0km;92.5km;95.0km;97.5km;100.0km;std_70.0km;std_72.5km;std_75.0km;std_77.5km;std_80.0km;std_82.5km;std_85.0km;std_87.5km;std_90.0km;std_92.5km;std_95.0km;std_97.5km;std_100.0km
0.9963888888888888;;;;;;;;;;;;;;;;;;;;;;;;;;
1.0322222222222222;;;;;;;;;;;;;;;;;;;;;;;;;;
11.425;;;;;;;;;;;;;;;;;;;;;;;;;;
11.460833333333332;;;;;;;;;;;;;;;;;;;;;;;;;;
13.079166666666667;;;;;;-55.770836;-37.59017;-20.462593;-21.327099;-15.519567;-37.493546;-65.87796;-47.980312;;;;;;23.730356086666717;21.78333766896157;18.931818718760223;17.469896965923983;16.906720557222208;17.365939940009007;16.78350291208602;16.97929621627469
13.115277777777775;;;;;;-52.404396;-35.640957;-27.02075;-41.033165;-32.329704;-33.04969;-7.121092;11.935293;;;;;;22.641325932904195;20.32483997476979;17.844033176387;15.705706606198907;15.398464858550023;15.932855990060288;16.348360774095976;15.395750387688157
23.615;;;;;;;;;;;;;;;;;;;;;;;;;;
23.65083333333333;;;;;6.7066193;3.0363703;-12.099009;-29.572828;-48.36071;-57.127327;-42.847847;0.7156668;52.7315;;;;;23.163610685728596;23.0137141722061;22.615361151217552;21.006137198447504;17.336065874355693;13.913667022032689;14.017681334657311;16.431184680357045;17.21438148758183
23.68638888888889;;;;;-61.314228;-30.760328;-12.950872;2.2270343;3.1896143;-23.535107;-36.13391;-26.772621;52.461594;;;;;23.325437830831817;23.022574573665736;22.23726534446176;20.475481923510372;17.4192479745826;15.42861562162983;14.907825461817025;15.476400421286598;21.562942285319043
