tempo_decorrido;70.0km;72.5km;75.0km;77.5km;80.0km;82.5km;85.0km;87.5km;90.0km;92.5km;95.0km;97.5km;100.0km;std_70.0km;std_72.5km;std_75.0km;std_77.5km;std_80.0km;std_82.5km;std_85.0km;std_87.5km;std_90.0km;std_92.5km;std_95.0km;std_97.5km;std_100.0km
0.5561111111111111;;;;;;;;;;;;;;;;;;;;;;;;;;
0.5919444444444444;;;;;;;;;;;;;;;;;;;;;;;;;;
11.09138888888889;;;;;;7.8625917;42.00678;2.6622481;21.270142;18.214958;18.700392;0.39774936;1.8587774;;;;;;17.20960197099282;15.343123541182871;17.5460776243581;13.7176295328311;13.31486011943047;15.315966832035123;15.810862721559504;18.657840175111374
11.127222222222224;;;;;;-17.756306;55.55616;51.92982;38.64302;6.3918467;-8.9779415;-12.921007;-8.859108;;;;;;15.793548366342504;14.563828480176495;12.679828468871335;10.83522034847469;9.517262736732658;9.43310500312596;10.6421764691251;11.992525171956071
11.163055555555555;;;;;;-40.292114;-17.643562;4.999432;31.443438;21.287458;-2.3632212;-24.670519;-37.263718;;;;;;16.402649176276373;13.807799607468237;11.84916283962711;10.59306112509505;10.657730527649871;9.695322325740387;10.245127134399066;11.4782272150363
12.745555555555557;;;;;;-49.36813;72.17209;85.867035;71.96668;3.2194595;-86.87064;-116.27316;-108.20155;;;;;;22.632745083175394;20.52065154911023;18.581200714700866;16.14517575004992;14.717952303224793;14.623181254432977;14.961838122369858;15.10819479620249
12.78138888888889;;;;;;-178.18343;-91.83511;-76.15558;-66.74083;-54.702816;-48.48394;-29.667263;2.4376297;;;;;;19.442513212031;17.614305549751315;15.810963601248345;13.819448614181391;12.956778148907235;12.503295965464467;12.93986707814265;13.565893262148276
12.81777777777778;;;;;;-203.28487;-189.55524;-157.92075;-114.14819;-42.057312;4.749504;51.291336;70.818405;;;;;;19.914536148251106;17.64181254860169;15.352658401723136;13.72386498039091;13.454332759375323;12.639931566270443;13.034578627635033;13.521110531313617
21.55666666666667;;;;;;;;;;;;;;;;;;;;;;;;;;
