tempo_decorrido;70.0km;72.5km;75.0km;77.5km;80.0km;82.5km;85.0km;87.5km;90.0km;92.5km;95.0km;97.5km;100.0km;std_70.0km;std_72.5km;std_75.0km;std_77.5km;std_80.0km;std_82.5km;std_85.0km;std_87.5km;std_90.0km;std_92.5km;std_95.0km;std_97.5km;std_100.0km
2.4280555555555554;;;;;;;;29.292763;-8.494614;-34.946762;7.24925;27.954016;36.376514;;;;;;;;27.97901713784814;27.006089313338205;19.075190169432126;15.920974216422813;19.39004254765832;24.396556314365352
2.463888888888889;;;;;;;;-51.929085;-40.400745;-27.901146;0.7723961;14.483754;20.105904;;;;;;;;25.415674297566845;21.92451299345096;14.59102875057136;14.372006470914213;18.620763142256013;21.46980554173698
2.499722222222222;;;;;;;;-25.675587;-22.585983;-15.170852;-5.9039326;7.575878;-25.154854;;;;;;;;19.84713001922444;13.439239561820452;11.007315521960837;12.96918193256614;17.695541811428097;17.94097461120772
4.083055555555555;;;;;;;;;;;;;;;;;;;;;;;;;;
4.119166666666667;;;;;;;;;;;;;;;;;;;;;;;;;;
14.513055555555557;;;;;29.189957;23.212662;23.165726;22.702509;28.242188;20.298893;1.9541817;-1.2675352;39.990494;;;;;24.74123683246252;22.436995342514113;21.724404249599115;20.556735635795874;18.64856428790163;17.138820554518915;15.722905583892565;15.83616588698161;19.111724150374293
14.548888888888888;;;;;29.522926;-15.38555;5.965561;18.034975;24.583149;23.779837;22.418213;-9.020222;12.788458;;;;;22.018533102820452;24.988637417834532;21.519925650429183;17.51033808925459;16.21031245843213;14.590991398804949;15.235830794544812;15.166853661850897;14.871142525038216
16.166944444444443;;;;;;59.195023;29.883661;13.211963;27.726469;57.094307;102.78799;70.85508;18.187786;;;;;;23.671693222074335;20.54513275693297;19.42267746733184;19.091007045203245;17.288060619977013;15.698793584221686;18.16465248773012;19.353636092476265
16.203055555555554;;;;;;32.163273;17.036076;13.672865;30.593794;45.988926;60.209015;56.075436;1.2946482;;;;;;26.28220120157366;22.693439580636515;20.55542507466095;19.903810690418055;18.34796936993301;17.201980699907786;17.466777607790167;19.19078815473716
