tempo_decorrido;70.0km;72.5km;75.0km;77.5km;80.0km;82.5km;85.0km;87.5km;90.0km;92.5km;95.0km;97.5km;100.0km;std_70.0km;std_72.5km;std_75.0km;std_77.5km;std_80.0km;std_82.5km;std_85.0km;std_87.5km;std_90.0km;std_92.5km;std_95.0km;std_97.5km;std_100.0km
0.4572222222222222;;;;;;;;;;;;;;;;;;;;;;;;;;
0.4930555555555555;;;;;;;;;;;;;;;;;;;;;;;;;;
0.5291666666666667;;;;;;;;;;;;;;;;;;;;;;;;;;
9.268611111111111;;;;;20.004509;-5.9937344;-32.467667;-15.23539;-22.652039;-30.331074;-23.620716;-34.69512;3.71579;;;;;21.863124662316682;18.455786626421535;15.71507047391134;14.084776888541757;12.413690829080608;11.232798671746949;13.826035585083671;15.56838655737967;17.119681655918722
9.30472222222222;;;;;-48.50971;-49.185635;-18.633583;-9.164652;-46.72101;-62.10495;-73.31338;-77.83156;-35.543427;;;;;23.287564707371185;19.330093895271176;14.979771360070888;12.853315525575493;13.233987683234407;12.6365612410972;13.317251217875256;15.56831847053496;17.908358383726856
12.541666666666666;;;;;;23.71253;44.492493;-27.87507;-42.13424;3.639882;47.26003;79.60508;94.65282;;;;;;24.263806379049434;24.019645292968004;20.89972535704716;17.627758791179325;18.729045891342142;19.118714391924996;19.707323511831838;19.250107791905997
12.5775;;;;;;20.78606;15.914507;-28.412794;-6.5530787;17.96879;28.240625;53.627075;86.84665;;;;;;28.12303913164436;26.19496325632086;23.863526562517954;22.287628182469305;20.182820665110217;22.12087475666367;22.583830498832565;21.098897601533594
21.461111111111112;;;;;;;;-64.658806;-49.70211;-30.473785;-19.342432;;;;;;;;;;24.288982070066254;20.504856985602217;14.114819517089122;14.322492450687486;;
21.496944444444445;;;;;;;;-20.845228;-13.2844925;-11.346046;-12.524095;;;;;;;;;;20.750822875250034;18.206515317325277;16.20648758985117;15.93722340936463;;
