tempo_decorrido;70.0km;72.5km;75.0km;77.5km;80.0km;82.5km;85.0km;87.5km;90.0km;92.5km;95.0km;97.5km;100.0km;70.0km;72.5km;75.0km;77.5km;80.0km;82.5km;85.0km;87.5km;90.0km;92.5km;95.0km;97.5km;100.0km
1.7280555555555557;;;;;18.876974068955015;13.621497715009168;8.902084587331217;7.540405824622439;7.672617089363968;8.751573001466651;10.536021070593964;12.55909312012615;15.335432175194802;;;;;18.876974068955015;13.621497715009168;8.902084587331217;7.540405824622439;7.672617089363968;8.751573001466651;10.536021070593964;12.55909312012615;15.335432175194802
1.763611111111111;;;;;18.199630765485328;13.281236764699289;11.275341059143178;11.295695197729088;10.420718785189436;9.857228565879966;10.932472730357025;13.443830183396397;17.168607980846904;;;;;18.199630765485328;13.281236764699289;11.275341059143178;11.295695197729088;10.420718785189436;9.857228565879966;10.932472730357025;13.443830183396397;17.168607980846904
1.7997222222222222;;;;;21.567740957272274;20.1802024271314;19.139323917003964;17.43956507485207;13.990448170090907;10.420027831056883;10.318619578218785;13.582676098619153;17.523027706421058;;;;;21.567740957272274;20.1802024271314;19.139323917003964;17.43956507485207;13.990448170090907;10.420027831056883;10.318619578218785;13.582676098619153;17.523027706421058
5.0;;;;;;;;;;;;;;;;;;;;;;;;;;
5.035555555555556;;;;;;;;;;;;;;;;;;;;;;;;;;
5.071388888888889;;;;;;;;;;;;;;;;;;;;;;;;;;
13.810833333333331;;;;;22.920410118494825;23.164338971790237;21.726785772405453;17.40939229266777;14.858383492156877;14.587181701754455;15.475181097486388;16.411146821596596;16.513616199972677;;;;;22.920410118494825;23.164338971790237;21.726785772405453;17.40939229266777;14.858383492156877;14.587181701754455;15.475181097486388;16.411146821596596;16.513616199972677
13.846944444444444;;;;;22.824116631317846;21.546753119669795;19.85371929891223;17.0582900667095;25.30904778927884;21.400525694477693;19.797624099876227;19.695274560157824;20.2440440623903;;;;;22.824116631317846;21.546753119669795;19.85371929891223;17.0582900667095;25.30904778927884;21.400525694477693;19.797624099876227;19.695274560157824;20.2440440623903
15.464722222222225;;;;;;18.970119925820185;13.871773498727551;11.109353716575955;11.16760404025859;11.545720852333128;12.559884553609558;12.653359237767653;12.570424813823914;;;;;;18.970119925820185;13.871773498727551;11.109353716575955;11.16760404025859;11.545720852333128;12.559884553609558;12.653359237767653;12.570424813823914
