tempo_decorrido;70.0km;72.5km;75.0km;77.5km;80.0km;82.5km;85.0km;87.5km;90.0km;92.5km;95.0km;97.5km;100.0km;std_70.0km;std_72.5km;std_75.0km;std_77.5km;std_80.0km;std_82.5km;std_85.0km;std_87.5km;std_90.0km;std_92.5km;std_95.0km;std_97.5km;std_100.0km
3.9733333333333336;;;;;;;;;;;;;;;;;;;;;;;;;;
4.009166666666667;;;;;;;;;;;;;;;;;;;;;;;;;;
5.630277777777778;;;;;;;;;;;;;;;;;;;;;;;;;;
5.665277777777778;;;;;;;;;;;;;;;;;;;;;;;;;;
16.162222222222223;;;;;;-4.5618553;0.7257767;-3.441514;-8.311677;-43.161995;-77.696655;-85.993416;-76.4384;;;;;;20.170912225281235;18.324444057051227;16.42777039040904;13.604154144966163;12.88468470704658;12.934665051712782;13.177587032533687;14.519527196158972
16.198055555555555;;;;;;-53.15371;-38.730785;-33.93482;-26.164684;-28.730305;-42.525826;-26.233822;3.987021;;;;;;22.156265479543254;20.235626997945975;18.350723418982696;16.308376068756814;14.75532039638584;16.26476191033856;17.164694579281043;17.558413937483078
16.233888888888888;;;;;;1.9463558;-19.904465;-24.978422;-25.35325;-7.561634;31.351795;45.653656;40.29853;;;;;;27.73613761863753;25.658970166396;23.351535281432785;20.975345050797138;20.85459038197586;21.209006577395368;21.36432236229364;22.653706098561443
17.816388888888888;;;;;;3.4996543;13.734903;-8.152134;-32.877106;-44.368767;-30.575773;-31.218035;-52.693733;;;;;;19.060680470539346;14.708567571317065;16.342832373857355;12.393869452273572;10.526620540325371;9.455081966857822;10.606221758948848;12.68206095238467
17.852222222222224;;;;;;5.6563463;8.034286;-14.319675;-44.211235;-29.546501;-10.183977;0.89531136;-3.6977959;;;;;;18.296005028420822;13.242206387154672;10.71094925765219;10.622109018457682;10.333624727074232;10.988482606802451;11.6254771945069;13.097510068711534
17.888055555555557;;;;;;26.199379;31.75916;-3.3841105;-33.954403;-21.08656;-8.032484;21.252312;22.802994;;;;;;14.750380673053831;11.955684422064678;10.418210978858125;10.417280355255876;10.319267125140234;12.139010668089883;11.694175900849105;13.591868892834421
