tempo_decorrido;70.0km;72.5km;75.0km;77.5km;80.0km;82.5km;85.0km;87.5km;90.0km;92.5km;95.0km;97.5km;100.0km;std_70.0km;std_72.5km;std_75.0km;std_77.5km;std_80.0km;std_82.5km;std_85.0km;std_87.5km;std_90.0km;std_92.5km;std_95.0km;std_97.5km;std_100.0km
2.3694444444444445;;;;;;;;;;;;;;;;;;;;;;;;;;
2.4052777777777776;;;;;;;;;;;;;;;;;;;;;;;;;;
4.024166666666667;;;;;;;;;;;;;;;;;;;;;;;;;;
4.060277777777778;;;;;;;;;;;;;;;;;;;;;;;;;;
14.559166666666666;;;;;;6.4088693;20.749838;15.781492;0.08119297;-15.835678;-39.909462;-47.137047;-52.210857;;;;;;21.79036782617494;19.806502720066458;19.001834911397374;16.440795905308235;14.501458892125301;15.211795751981422;16.06147969522111;16.613214619693565
14.595;;;;;;-32.260376;-16.547184;-16.605091;-17.24594;-1.8662008;-3.6338472;-7.5870514;-37.553413;;;;;;24.76666307761302;23.22790929033433;21.33941001996072;20.88049161298651;18.779498395857114;16.079024535089186;15.483004230445719;17.538742258212245
14.630833333333332;;;;;;-24.776794;-23.540548;-30.891043;-18.565382;-2.6226387;5.549979;5.62145;-7.66063;;;;;;25.843790356679495;23.622440602105446;21.60936995842313;18.505376786220808;18.387311657770965;19.49441920140223;20.234534093969152;20.791157976409107
16.213055555555556;;;;;;11.387934;39.36857;-2.513896;-56.430206;-36.367016;-22.294943;-25.928087;6.2812624;;;;;;24.016346516487474;18.6112533162063;12.391745639739383;12.539349664157228;12.844529185610503;12.359084108460465;13.142471228806247;9.754552783187961
16.249166666666667;;;;;;24.484798;31.794443;-6.087909;-34.04038;3.8962579;20.28106;0.08620626;-12.801156;;;;;;22.72215350709523;14.89645931085639;10.413901286261552;10.209419180345177;11.002669221602547;11.758280911765972;12.319086410931616;11.327588004513581
