tempo_decorrido;70.0km;72.5km;75.0km;77.5km;80.0km;82.5km;85.0km;87.5km;90.0km;92.5km;95.0km;97.5km;100.0km;70.0km;72.5km;75.0km;77.5km;80.0km;82.5km;85.0km;87.5km;90.0km;92.5km;95.0km;97.5km;100.0km
1.1730555555555555;;;;;26.24837328292936;25.307690530745788;23.931821075714236;21.83787993372983;20.268704941362188;19.23552520728249;18.33577923078264;19.594973845351262;17.788066224297683;;;;;26.24837328292936;25.307690530745788;23.931821075714236;21.83787993372983;20.268704941362188;19.23552520728249;18.33577923078264;19.594973845351262;17.788066224297683
1.208888888888889;;;;;19.595793426141235;16.84499332145905;13.87689446526131;11.307482478429936;10.30668714961311;10.741212687587934;11.587135107523343;13.563634100048557;16.246722746449514;;;;;19.595793426141235;16.84499332145905;13.87689446526131;11.307482478429936;10.30668714961311;10.741212687587934;11.587135107523343;13.563634100048557;16.246722746449514
4.444722222222223;;;;;;;;;;;;;;;;;;;;;;;;;;
4.481111111111111;;;;;;;;;;;;;;;;;;;;;;;;;;
13.364444444444445;;;;;;20.38043105530401;25.329772995429707;23.31433679091044;21.96134399348091;19.074552681517854;19.033374635098212;18.84579210327865;19.195496867755207;;;;;;20.38043105530401;25.329772995429707;23.31433679091044;21.96134399348091;19.074552681517854;19.033374635098212;18.84579210327865;19.195496867755207
13.400555555555554;;;;;;25.06340559461144;20.897148848586976;18.712781728006128;16.40372000492571;15.16315138749198;15.925077707816687;16.193170782771357;15.865719964754199;;;;;;25.06340559461144;20.897148848586976;18.712781728006128;16.40372000492571;15.16315138749198;15.925077707816687;16.193170782771357;15.865719964754199
16.637222222222224;;;;;56.69677415867679;19.390990949407406;14.964399085830344;12.858685780436506;12.35213706206339;11.671924005921218;8.23454309600721;14.743379870301112;14.515184463175107;;;;;56.69677415867679;19.390990949407406;14.964399085830344;12.858685780436506;12.35213706206339;11.671924005921218;8.23454309600721;14.743379870301112;14.515184463175107
16.673055555555557;;;;;18.930723705130767;16.04652610380203;12.682752067276251;11.536785947567893;11.297961586056132;10.466750689683977;8.962636888773304;12.112415943980787;11.473871186308482;;;;;18.930723705130767;16.04652610380203;12.682752067276251;11.536785947567893;11.297961586056132;10.466750689683977;8.962636888773304;12.112415943980787;11.473871186308482
16.709166666666665;;;;;24.06602293691253;16.345611643496245;13.028051274077793;12.72452042318295;12.78035954110838;12.179575526265273;13.251973437945006;14.500076896347826;12.639706483933873;;;;;24.06602293691253;16.345611643496245;13.028051274077793;12.72452042318295;12.78035954110838;12.179575526265273;13.251973437945006;14.500076896347826;12.639706483933873
