tempo_decorrido;70.0km;72.5km;75.0km;77.5km;80.0km;82.5km;85.0km;87.5km;90.0km;92.5km;95.0km;97.5km;100.0km;std_70.0km;std_72.5km;std_75.0km;std_77.5km;std_80.0km;std_82.5km;std_85.0km;std_87.5km;std_90.0km;std_92.5km;std_95.0km;std_97.5km;std_100.0km
0.8758333333333332;;;;;;;;;;;;;;;;;;;;;;;;;;
0.9113888888888888;;;;;;;;;;;;;;;;;;;;;;;;;;
11.410833333333333;;;;;;-30.857218;-6.4857664;-18.901272;-16.32343;3.6717548;-0.6617476;16.365538;36.64295;;;;;;20.371924798604574;19.503812447826707;17.913372100193754;15.034002128508563;22.357925440433867;18.873384699094117;19.108240369013572;19.335511371567083
11.446111111111112;;;;;;-46.120895;-31.733799;-50.45192;-37.046204;11.443382;35.0635;43.559464;47.877037;;;;;;21.23363487488659;21.842096511095267;16.40154413462342;14.647217824556307;14.530652084473015;12.624797028071383;13.33664013160736;15.555700884241764
11.4825;;;;;;-85.339294;-64.339355;-74.736206;-45.34095;24.095507;42.802597;38.48008;31.750612;;;;;;20.641510603635577;16.192087573873852;14.626438732651225;14.256678084322449;12.492270410137621;11.46656705383089;12.480961902033032;12.337144726394353
13.064722222222224;;;;;-36.983917;60.413437;73.313866;74.08952;74.19913;63.12009;36.946968;-8.616133;-57.68717;;;;;28.629138303483742;21.954013300533457;17.623663069861497;14.802707860388248;13.074290038086199;12.600160316440421;12.45493396208908;13.019107112240839;15.356693980150805
13.101111111111113;;;;;-36.06104;51.949013;93.548805;115.94771;104.76169;72.46751;13.130337;-37.31348;-79.05324;;;;;31.264278338064994;21.055775929658825;18.90515723288225;18.367735843048266;17.420781842385836;15.977678805133115;13.472854189072187;10.88379942850841;10.684961862355896
23.494444444444447;;;;;;;;;;;;;;;;;;;;;;;;;;
23.530277777777776;;;;;;;;;;;;;;;;;;;;;;;;;;
