tempo_decorrido;70.0km;72.5km;75.0km;77.5km;80.0km;82.5km;85.0km;87.5km;90.0km;92.5km;95.0km;97.5km;100.0km;70.0km;72.5km;75.0km;77.5km;80.0km;82.5km;85.0km;87.5km;90.0km;92.5km;95.0km;97.5km;100.0km
9.576666666666666;;;;;;20.190025260013915;16.669703956579433;14.043074805753903;14.548523980115647;16.966639325452757;19.241998336971136;19.810086824645673;17.264068755655487;;;;;;20.190025260013915;16.669703956579433;14.043074805753903;14.548523980115647;16.966639325452757;19.241998336971136;19.810086824645673;17.264068755655487
9.6125;;;;;;;16.507764839614115;15.006303009069223;12.947666585141896;13.785911649216384;15.289164136734225;17.086531245399108;18.736245088063935;;;;;;;16.507764839614115;15.006303009069223;12.947666585141896;13.785911649216384;15.289164136734225;17.086531245399108;18.736245088063935
9.648333333333332;;;;;;;;13.57359495491154;10.509937678216746;10.2640006819953;12.108175337349556;14.240200490161646;14.958630953399446;;;;;;;;13.57359495491154;10.509937678216746;10.2640006819953;12.108175337349556;14.240200490161646;14.958630953399446
11.231111111111112;;;;;21.83711290441115;21.822245988898576;19.93521507283029;18.744569880368022;18.044036410958608;17.15447463491669;16.031527063882592;11.729814576539562;10.703448976848538;;;;;21.83711290441115;21.822245988898576;19.93521507283029;18.744569880368022;18.044036410958608;17.15447463491669;16.031527063882592;11.729814576539562;10.703448976848538
11.266944444444444;;;;;23.179782138751865;19.47763974407577;16.57893030324936;15.455313972870302;14.682938057486997;14.15069150253796;13.724478132154971;11.458844182551747;11.257075108570609;;;;;23.179782138751865;19.47763974407577;16.57893030324936;15.455313972870302;14.682938057486997;14.15069150253796;13.724478132154971;11.458844182551747;11.257075108570609
11.302777777777775;;;;;26.345438884178794;23.981872320567465;18.937528085787754;17.131112047966997;16.158737574451788;15.958413454977284;16.613003942695013;15.529953638050566;14.636134394026314;;;;;26.345438884178794;23.981872320567465;18.937528085787754;17.131112047966997;16.158737574451788;15.958413454977284;16.613003942695013;15.529953638050566;14.636134394026314
21.696944444444444;;;;;;;;;;;;;;;;;;;;;;;;;;
23.314444444444444;;;;;;;;;;;;;;;;;;;;;;;;;;
23.350277777777777;;;;;;;;;;;;;;;;;;;;;;;;;;
