    tempo  70  72.5  75  77.5        80      82.5        85      87.5        90      92.5        95      97.5       100 dia
14.294618 NaN   NaN NaN   NaN       NaN 22.198161 18.395358 15.208481 13.900262 14.100743 15.257601 15.677792 16.124993 183
13.462847 NaN   NaN NaN   NaN       NaN 21.715724 17.461683 15.093477 13.893852 14.407433 15.684408 16.029310 16.109923 184
12.406583 NaN   NaN NaN   NaN 26.799050 22.415182 19.389725 17.183451 15.771646 14.697612 14.680318 15.924785 17.503739 185
11.231389 NaN   NaN NaN   NaN 23.351366 22.998965 21.701984 17.859038 15.211025 14.804927 14.785539 16.359899 19.110836 186
12.142889 NaN   NaN NaN   NaN       NaN 22.317382 18.355577 16.822704 14.911096 14.524355 14.715613 15.180263 16.091918 187
11.950198 NaN   NaN NaN   NaN 23.338222 23.637149 20.634492 17.844246 15.016290 14.777447 15.946057 16.170881 17.436853 188
11.606574 NaN   NaN NaN   NaN 23.200593 24.957935 22.697981 20.163906 17.453628 15.759705 16.286621 18.323397 18.872618 189
11.340611 NaN   NaN NaN   NaN 25.402302 21.573819 20.174789 17.428947 15.860107 15.287043 15.098048 15.863850 17.665796 190
12.131944 NaN   NaN NaN   NaN       NaN 23.629446 19.950919 17.373224 15.527998 14.494961 15.473642 15.482784 14.911033 191
10.978785 NaN   NaN NaN   NaN 25.518599 23.227594 20.314144 17.329580 15.107256 15.015716 15.948933 17.382263 18.169742 192
 9.900710 NaN   NaN NaN   NaN       NaN 24.252619 22.013920 18.891919 16.965326 16.177440 16.904136 17.481205 17.273397 193
10.811667 NaN   NaN NaN   NaN       NaN 23.334227 20.330709 18.229182 14.736729 14.164693 14.232841 15.879562 15.990935 194
10.619008 NaN   NaN NaN   NaN 29.259959 25.105990 24.455422 20.434612 17.244726 15.403046 15.820959 16.969947 18.530767 195
 8.910333 NaN   NaN NaN   NaN 25.644908 24.689678 18.750715 16.939614 15.477795 14.314085 13.928918 14.752848 15.766112 196
10.009861 NaN   NaN NaN   NaN       NaN 23.269746 64.135466 50.740572 45.322071 22.702502 25.437638 17.064406 15.782771 197
11.653009 NaN   NaN NaN   NaN       NaN 25.572895 24.417245 22.706484 17.901156 15.044794 14.115710 14.151091 13.347561 198
 9.647847 NaN   NaN NaN   NaN 26.742534 24.805091 21.733865 18.835858 16.364398 15.521819 15.705158 16.312801 17.333754 199
 8.569506 NaN   NaN NaN   NaN       NaN 26.607261 26.002692 24.197166 19.854850 15.587902 15.360466 13.657292 12.356483 200
 9.480028 NaN   NaN NaN   NaN       NaN 32.687807 29.511320 27.003223 22.529757 17.975918 15.963575 14.805975 14.942443 201
11.034524 NaN   NaN NaN   NaN       NaN 24.568668 24.378597 22.392008 17.521655 15.751747 15.150171 14.850750 14.594122 202
10.671556 NaN   NaN NaN   NaN 20.394904 23.817732 22.233398 20.345785 13.586026 14.530636 14.825027 14.650097 13.329633 203
 8.678389 NaN   NaN NaN   NaN       NaN 24.530245 25.685703 22.873172 18.016538 16.692188 16.843239 15.943589 15.685514 204
13.604618 NaN   NaN NaN   NaN 24.436253 25.363373 22.729426 20.137954 18.042093 17.025000 17.294793 18.127349 19.094585 205
16.233565 NaN   NaN NaN   NaN 28.566536 26.020385 21.775000 18.651356 16.607082 16.581047 17.868846 18.262459 19.039513 206
10.331528 NaN   NaN NaN   NaN       NaN 25.062445 23.154710 20.232059 19.051010 18.646807 18.444338 17.590739 19.413962 207
10.186632 NaN   NaN NaN   NaN       NaN 39.854657 21.413340 19.548415 17.365089 15.633017 16.514485 16.936121 16.632826 208
12.641080 NaN   NaN NaN   NaN 31.482172 28.903059 27.048102 24.287331 20.667660 18.698591 18.322118 18.544496 18.253401 209
13.299008 NaN   NaN NaN   NaN 21.511176 22.673582 20.648744 17.741558 16.127514 14.982605 14.701188 16.192450 15.980245 210
10.951944 NaN   NaN NaN   NaN       NaN 26.142892 21.519249 19.289018 17.269778 16.683531 16.076251 16.789101 16.539846 211
12.353413 NaN   NaN NaN   NaN 22.920778 24.870537 22.986498 20.967820 19.105079 18.250700 19.491138 20.702134 21.003556 212