    tempo          80       82.5         85       87.5         90       92.5         95       97.5        100 dia
15.512994  -67.923175 -50.259248 -32.828116  46.730826  27.096409  16.502773  -1.964400  -9.476456   1.400055 032
15.789414  -58.105865 -35.295348 -19.933171  20.000028  33.568090  28.295163 -10.764885 -32.847348 -24.581211 033
 8.915000  -53.581798 -74.959888 -70.918648 -34.018471 -11.144556  23.124153  25.933192  21.150935  -1.975820 034
16.005732   17.254037   2.367975  10.597254  20.602813   4.832465   3.320166   0.319998 -10.612380  -5.074229 035
18.530995    5.679232 -10.440054  -9.350459  -6.918952 -29.837565 -42.882339 -38.851036 -23.543362 -27.944353 036
12.880694   -3.074979  10.022788  -2.739557   2.810806   1.197668  -8.597762 -28.272938 -32.808275 -32.301787 037
18.523722  -53.534128 -24.865761 -35.459528 -32.831429 -24.089152 -24.116011 -30.272661 -52.086581 -54.993047 038
17.741574  -60.680477 -11.770102   2.943738  10.274031  20.957173  13.468338 -16.881963 -20.422883 -12.410167 039
16.267963 -114.089200 -34.181192 -38.683968 -27.106922 -25.738518 -10.388614   3.651230 -19.239933 -56.909065 040
14.821389  -32.467982 -23.287411 -26.429282 -36.042716 -37.855990 -39.979791 -48.609341 -45.854302 -15.448207 041
14.703283   16.161591 -30.626576   5.315484  -4.980921 -30.417422 -49.474323 -66.089611 -64.030741 -51.633283 042
17.222654         NaN -23.532442 -31.106378 -40.671396 -36.173331 -29.018107 -36.019116 -44.076841 -19.260712 043
10.486111         NaN -85.617217 -59.576078 -32.054868  -3.350168   0.423608  13.738093 -23.064061 -44.334137 044
12.372995         NaN        NaN -26.810327  16.641197 -22.066801 -70.080500 -83.696810 -71.114555  21.027573 045
15.732083         NaN -68.747782 -51.000935 -83.369220 -72.531970 -22.789419  47.304637  81.753135  77.787785 046
14.983704  142.074795 109.038720  75.662447  29.719441  18.834199  48.085035  44.052069  24.432074  42.225252 047
18.891852  -36.664886 -30.043707  -9.818341 -24.254031 -49.286815 -64.107419 -62.697728 -31.154292  -5.169877 048
19.168148    0.650834  20.661345  23.233034  14.320154  -9.685059 -40.659225 -63.518023 -72.541935 -45.073354 049
16.810116  -38.949537 -21.593996 -12.826556   5.946792  -5.581254 -38.608073 -49.088788 -49.290497 -25.869515 050
19.169398         NaN  -6.579607  10.412805   5.897421  -1.188496  -7.597713 -11.838271 -26.401849 -41.504436 051
16.020802  -20.141117 -18.667958 -26.578615 -23.605441 -37.661468 -30.008371 -16.531982 -26.468146 -44.930192 052
18.046250  -76.866901 -22.128996  -7.218701 -32.284974 -44.399460 -35.880541 -24.355360 -13.676240  -9.837608 053
17.086587   64.861916 -21.948816 -20.327535 -27.887013 -51.763304 -71.386292 -68.589160 -53.241170  -7.646983 054
16.055799  -15.158334 -46.916249 -59.786728 -58.468044 -68.656351 -59.330147 -38.527610  -2.787856  18.864308 055
15.230671  -23.055447 -32.291774 -26.977676 -32.784944  -5.708058   4.382825  18.723147  23.393174  27.427084 056
15.920370  -37.486380 -29.626507 -32.261988 -36.872507 -61.879636 -66.405092 -56.503997 -40.687338 -36.391394 057
14.479325  -25.732834 -15.885416 -19.023935 -20.113334 -33.723197 -35.023588 -33.176058 -22.987154  -1.987847 058
13.556852  -26.554556 -28.502623 -28.147576  -6.833872 -18.495824 -18.696198 -14.525743  -6.640986   0.874646 059