    tempo          80        82.5          85       87.5         90       92.5         95       97.5        100 dia
11.503117         NaN   12.832930   -2.560883  -2.812787   0.695162  -7.332787  -6.033172   2.344387   5.392735 306
12.413444         NaN   45.038880   15.190295  10.458582  12.619058  -3.137881   1.719928  -5.297519 -13.565703 307
11.743009  -10.469784  -20.256767   -5.363913 -14.434308 -31.476870 -33.048282 -19.934788  -6.538970 -16.236961 308
11.876713 -102.508625  -17.837835  -10.264722  -3.617799  11.924306  27.450561  21.836452  -7.588961 -33.133914 309
11.610111  -63.747601   -4.448443   10.103870  28.557404   9.720240  -3.262155 -13.313388 -33.690151 -39.293798 310
12.400313         NaN   21.917784   21.935110  27.454400  20.689302  13.319430   5.554990 -12.391239 -37.395271 311
11.344500   -8.934405   23.432356   32.044505  38.203244  28.521054  16.629244   2.891172 -11.021469 -13.984688 312
10.168580  -54.145698  -29.848917  -32.829035 -35.373382 -21.155530  -2.586270  12.798422  15.255317  11.117987 313
11.078611         NaN    6.482680    8.190216   8.293984  15.271340  21.381823  17.853449  18.103739  21.155279 314
10.885913   27.599821    6.779046   -6.583840 -13.417868  -6.300825  12.346621  31.117693  29.568514  18.811202 315
10.541667  -38.032781   -5.395028   -8.015299   4.574907   6.319717  -1.222275  -6.003623   1.100512  17.797025 316
10.275417         NaN  -14.635416   -2.279405  12.234401  18.587897   5.670592 -24.566865 -70.729727 -94.812697 317
10.560317         NaN   26.696631   11.947477  -2.029234  -1.434408   7.445139  24.433296  20.711101  16.351513 318
 9.911944  -14.395932   -0.727652    9.385519  10.653063   4.353849  11.834919   8.782777   0.255257  -0.028582 319
 8.833210  -25.361967   29.651036   41.334881  45.416045  33.480873  36.691804  29.128713   4.550705 -26.489948 320
 9.743222         NaN    9.953776   -1.690362  -2.003788   6.889849   6.126225 -14.405734 -36.160334 -37.748475 321
11.103472         NaN   -0.535568   37.239678  46.038488  41.346655  30.360687   6.229096 -16.938262 -26.198041 322
 8.924676  -13.730317  -14.781751   -6.633931 -10.299039   3.508824  18.671952   9.519708 -16.187663 -42.127085 323
 8.939444         NaN  -25.703856  -11.975936   6.654103  14.157295   2.773907  -5.074918   3.120535   6.598082 324
13.865451         NaN   95.641979 -114.211394 -66.019547 -55.496161 -31.087692   7.789733  -6.109933  -2.935125 325
11.645069  -47.116447  -46.545250  -27.634067 -33.692348 -30.702317 -10.654867  -2.462244 -14.961537 -15.210218 326
10.174444         NaN  -18.959415   52.222077  78.464923  70.336825  25.323942 -25.128939 -61.200003 -73.624994 327
11.828704         NaN    0.644153    1.483368  21.122992  29.532130  24.668603   5.001257  13.475569  11.551312 328
12.899136 -225.523047 -114.078083 -104.507919 -68.560613 -12.867228  18.245447  42.524214  35.476839  -4.293565 329
13.555873         NaN  -23.261501  -25.878308   5.060124  -5.512470 -10.790990  -8.499271   4.564188  24.355742 330
11.208364         NaN   32.371700   21.669312  12.377691   8.292082   2.576152 -19.042196 -24.416212 -18.907733 331
12.609524   25.529345   -1.565485   -6.056428  -0.897522  12.050597  30.470120  22.087243 -13.248207 -41.273534 332
15.157130   94.983475   37.700664   20.935073  18.795375  20.193080  33.843525  21.145694  -4.337945 -15.170010 333
11.654556         NaN   35.221665   58.732479  60.729035  69.147800  49.328154 -16.529338   5.081935  40.572745 334