    tempo         80       82.5         85       87.5         90        92.5          95        97.5        100 dia
11.567806  -8.332546 -25.216825 -25.950432 -16.650162  -8.975610   -9.680786   -9.247014  -22.191558 -23.891080 091
13.012659        NaN  -1.794404   5.657604   8.354975 -18.644773   -7.698172   -3.397115    8.529482  -2.689548 092
15.769757        NaN -32.211339  -9.675661  -3.677662   5.409781  -16.689728   -9.422536   -3.155463  -3.643830 093
11.485126  -8.197432 -18.481247 -13.498839 -18.439309 -24.780348  -13.915072   -8.886784  -23.666779 -24.032654 094
11.914861        NaN -20.591980 -14.720432 -21.252412 -20.913852  -31.718856  -23.916078  -21.355091 -19.710586 095
12.475278 -93.899380 -62.290689 -58.362361 -53.730048 -47.426298  -34.567208  -17.894192   -1.981151  11.583757 096
11.905635  -6.977409 -40.648017 -45.097015 -44.697616 -41.517011   -6.809238   20.155024   16.704620   5.748102 097
10.733833   8.261062   8.251464 -31.499677 -30.868750  -8.891051    1.009424    8.474720    2.355475  -3.573796 098
18.265417 -49.126583 -27.468740 -21.078364 -15.126234 -17.820395  -27.042457  -38.718892  -15.980755  -4.798173 099
14.351713 -49.982395 -30.650149 -18.270989 -20.389009 -21.640027  -23.266234  -50.964376  -63.352118 -43.077395 100
10.441056  -5.965198 -20.731716 -16.153258 -26.912488 -46.103569  -55.167428  -84.051504  -86.023225 -77.881492 101
10.871076 -15.706879 -19.305939  -9.870915  -9.215991 -13.229287  -10.671133  -24.868182  -46.860965 -36.468793 102
11.137937 -26.772552   1.303298  -2.606385   1.586968  15.877666   -5.995532  -45.215117  -62.281029 -45.866146 103
 9.784861        NaN -49.529455 -58.268492 -27.912858 -23.708979  -33.714977  -70.576755  -74.859919 -18.883726 104
10.054000        NaN   0.606625  17.919222  28.258743  30.993221   13.248243  -32.993112  -86.365790 -75.296096 105
13.652049        NaN  -6.618456  -6.576464  -4.247114 -43.503858  -47.165029  -51.101238  -74.130664 -77.558487 106
17.211111        NaN        NaN -13.493143 -22.865032 -42.655544  -72.988000 -127.507744 -149.852250 -70.738174 107
 9.278120 -52.058660 -42.683698 -17.337768  -8.713152   2.639643  -27.170913  -80.690920  -45.510624  30.623700 108
12.070833 -18.515701 -23.504596  -9.803736  -5.245541  -7.519772  -52.877491  -27.739380  -44.706699  -7.998936 109
 9.848194 -30.713150 -54.025028 -65.566654 -71.923814 -78.776128 -126.033392 -131.273432 -120.630960 -38.845556 110
16.270069 -45.151147 -39.223209 -45.670562 -70.851290 -41.554021  -19.456566  -34.896286  -17.780477  38.133648 111
 8.739097  62.138295   5.446665  -4.595825 -12.080310 -35.551800  -42.420043  -51.096730  -24.289984 -43.161403 112
 9.038889 -44.545662 -11.252666  -8.050884 -39.497267 -61.990151  -54.675674  -16.774282  -25.085858 -22.201220 113
15.099167 -16.013721  -8.606516 -17.310518 -57.002381 -82.135501  -58.960849  -30.350676  -21.421898 -30.454338 114
 7.971296 -57.034644 -29.081831 -43.527302 -49.593875 -41.303807  -50.015891  -69.107329 -122.864202 -89.355457 115
13.255278 -59.019487 -82.959939 -82.129379 -31.384501 -32.657949  -52.801601  -62.511897  -48.959483 -35.037231 116
11.334484 -54.786708 -54.986670 -37.816719 -26.080986 -19.104052  -33.755760  -31.812752  -13.587434  -2.563939 117
11.411204 -49.281429 -17.154831 -17.301183  -4.022765   7.947820    4.892255    5.709640  -19.153327 -27.467924 118
 9.614306  -9.321051  -5.211149  13.544362  14.614702  -8.196545  -28.231466  -45.490563  -60.048249 -76.073274 119
 8.436296 -49.899561 -37.374155 -51.360097 -84.350232 -66.653099  -83.548727  -75.422053  -82.173880 -47.978359 120