    tempo         80       82.5         85       87.5         90       92.5         95       97.5         100 dia
14.717037        NaN -14.817183 -23.629724 -32.521386 -38.934461 -21.033344   7.265295  11.693043    8.516049 060
12.419944  -9.838572  -7.177979   4.573607   0.306244 -18.157175 -15.965651  -3.892442   4.662752   20.320152 061
16.257917        NaN -37.723249 -35.052227 -34.612110 -45.382835 -52.018030 -60.943272 -71.456002  -67.192373 062
13.913299        NaN -47.978205 -36.068449 -35.379401 -36.399322 -36.401605 -22.619620  -8.233054    4.611989 063
14.230069 -37.151432   3.093164   3.896028   7.976089  19.430089  23.348129   7.425250  12.102491   -4.429319 064
15.490486  -5.860178 -23.128137 -14.753604   3.084168   9.475559  -3.928434  -2.921569  -2.196107    4.567341 065
13.417531  22.675934  17.131561  29.107761  28.014017  19.821042 -14.526143 -17.947985 -20.049907  -12.944165 066
13.936250 -22.686608  -7.871422 -20.322786 -22.541021 -18.598292 -40.015010 -43.336440 -27.182787  -12.293622 067
14.802738 -10.350047 -12.946385  -7.077585  -2.174735   7.530042  -1.164378  -2.967427   6.759540   14.397468 068
12.845222   9.662980  32.044491  34.114963  24.237137  25.335514  14.694970 -11.339827 -49.444201 -103.158169 069
12.623032 -16.750420  16.398159   0.075137 -16.261670 -37.438610 -64.239130 -49.602252 -41.072208  -27.004233 070
16.096574        NaN -19.945874 -18.867466 -19.735898 -24.303049 -37.365848 -48.468193 -19.893537   12.186435 071
14.190556 -30.315494 -24.759618 -13.101214  12.082294   2.852452   0.270755  -2.844811  -5.107797  -43.824946 072
12.304907   2.101470 -28.505829 -17.530720 -21.251966 -15.120235 -17.614527 -12.713451  -3.165075    1.138510 073
14.742901 -24.623520 -11.217027  -2.079455  19.400993  26.860342  24.097254  -8.817137 -22.721217  -15.838530 074
 9.818611 -30.226934 -12.074545  -7.743551  -3.084061  -7.813421 -22.555057 -34.508256 -21.877842  -16.634074 075
 9.425667  -7.957111  -2.726815 -11.307507  -9.800074 -14.801883 -26.095153 -12.899221  15.589035   23.842325 076
10.428117        NaN   5.702255   7.551502  14.223918   1.144198 -14.695254 -39.696643 -55.515122  -21.239420 077
15.858889        NaN -21.177260   6.113213   9.424843  -5.459609  -8.689990 -42.255720 -65.078730  -57.002410 078
12.871556 -36.683083 -43.442583 -45.883136 -44.935849 -22.904075 -13.708781 -10.833487 -13.272447  -12.726638 079
11.245606 -18.877625  -9.191114  -6.448388  -7.494028   3.752715  -9.319958 -16.524839 -11.109241   27.502454 080
12.880306  19.690662   1.090328   0.148354   9.117220  21.301694  12.020232  -2.812745  -6.078598   -4.830472 081
12.917604 -34.955527  -4.457692  17.063079   9.916696   2.974407  -4.400532   7.218580   6.333131    3.414116 082
12.385222 -21.255375 -29.928933 -36.692557 -46.219452 -49.457566 -36.231229 -49.993327 -52.126689  -24.351447 083
10.730934 -29.235744 -19.306171 -29.873751 -27.780564 -13.773607 -11.388981  -2.678618 -20.102754  -23.322146 084
14.572778  10.183117  24.503523  10.677022 -10.641616 -26.723920 -21.352174 -28.773610 -45.761107  -42.464130 085
      NaN        NaN -42.021824 -50.520195 -45.805916 -24.633390  19.212965  -1.912985 -47.397780  -61.064520 086
12.407438 -17.718979 -38.275337 -37.226149 -23.614218 -28.278300 -43.732912 -45.197829 -42.438329  -33.979748 087
13.602438 -12.753853  -8.923223  -8.585116  -8.059894   9.233866  17.099262  12.476871   0.763456  -17.533586 088
12.259846        NaN -22.962549 -19.615658  -2.193560   3.530106  31.946854  29.301332  -0.982846  -29.575309 089
12.010437 -35.147210 -64.825591 -67.901851 -55.075349 -53.801970 -57.641912 -65.671732 -65.610107  -69.455035 090