    tempo         80       82.5         85       87.5         90        92.5          95       97.5        100 dia
16.429944        NaN -32.007693 -46.671854 -48.030993 -41.806771  -21.142918    2.403751   0.395016  -3.765070 275
11.209194  40.537439  18.902759  12.405915   1.018343 -10.445300   -9.364468   -2.983191  14.720150  25.396488 276
14.355707  21.375360   2.656179  -5.365466  -9.811930   4.042708   22.867696   36.458357  48.087220  41.428077 277
18.231278 -34.715793 -32.253777 -36.453949 -28.619520  -5.223154   13.405161   18.894255   7.571244 -14.776557 278
 7.754206  -9.397397  -8.246286  -2.223204   1.064933   5.012331   21.651556   45.493627  51.214666  28.878592 279
16.333167        NaN -92.354623 -29.814806 -10.761371  -1.406181    0.724680    5.385253  18.394719  39.641392 280
17.434333        NaN -16.056740 -12.686789  -7.422488  -5.177706   -0.164421   -6.030907 -19.778560 -35.559974 281
17.042593        NaN -12.544001 -32.384181 -47.402498 -40.012004  -19.864167  -11.578561 -12.678909 -25.316823 282
14.864861  12.026320  52.042341  56.371768  21.430608 -35.459602  -65.077644  -38.886137   1.791442 -16.345635 283
14.190714  86.456345  14.004859  22.938015  -2.554313  -8.462156    2.431730   -1.846782  -9.817001  33.181074 284
14.464960  52.747769  58.123384  62.509204  46.976791  15.585711   -8.642045  -13.886842 -12.910504 -10.663008 285
12.090625  72.929985   6.267200 -16.104969 -45.492381 -39.926471   -1.349804   24.667444  37.146741 -11.214906 286
15.014778  75.697916  71.725485  86.060890  89.232362  59.101906   12.945610  -21.865248 -33.876360 -27.301316 287
15.950444  22.694669   6.338133  15.092667  28.638608  49.370708   38.428856   11.186208  -7.413261 -23.325120 288
13.421667        NaN  -9.163584   2.593447 -15.200598 -18.794919   28.151235   81.402630  91.158662  39.072952 289
16.872153  -8.920235  32.645600  32.867781  18.999269  41.857568   48.247158   26.010943 -17.986035 -33.195667 290
15.153611        NaN        NaN        NaN        NaN        NaN         NaN         NaN        NaN        NaN 291
14.375833        NaN  48.522940  59.627865 -11.367612 -84.280655   20.563126   44.312775   7.840660 -73.080570 292
13.827708        NaN  18.208953  59.932850  55.828775 -44.805017 -118.450705 -105.264205 -40.118545   5.940430 293
15.936111        NaN  -2.678286   8.931066  38.684462  53.036206   46.994648   -2.926876 -56.730433 -76.495315 294
16.834931        NaN  30.309136  62.004902  70.192167  19.841960  -19.110027  -41.874147 -45.181809 -26.769945 295
15.898611        NaN        NaN        NaN        NaN        NaN         NaN         NaN        NaN        NaN 296
18.610069        NaN  41.055567  47.592169  66.102551  56.153663   29.794263   32.823054  46.264511  47.805923 297
16.038785        NaN  37.049905  44.428530  57.220965  63.270339   60.196159   41.410023   9.896778 -16.034777 298
16.029484        NaN   4.121694   6.141547  -1.202283  -0.801280   10.133272   16.629739  20.422330  11.357424 299
14.712381        NaN   2.797707   0.241787  -1.412770 -13.728937  -17.149233   -9.420947   4.170996  12.853973 301
15.102639        NaN  18.200861  10.755190   7.801178   2.499320   -0.002111    2.796419  12.621919  14.205812 302
14.579778        NaN -25.541792 -21.221132 -17.571292  -8.152661   12.154578    5.171541   1.939089  -6.800105 303
12.945694        NaN  -9.673720  -7.268476 -16.714352 -20.860840  -30.792514  -51.642439 -56.128586 -48.660884 304