    tempo         80       82.5         85       87.5         90       92.5         95        97.5        100 dia
10.204833  10.707831   3.825806  -4.237127   1.975721   1.315435   9.838333   3.869726   -5.423336   0.187169 002
10.186806   3.772375 -30.564143  -9.749680  10.344023  21.444751  -6.006698 -26.726199  -40.089724 -58.375933 003
 7.730243  54.751636  18.917069   4.214101  -0.136172   5.530476   1.761857  -4.979321    3.441150  13.089632 004
 9.857623 -26.079951 -16.969047  -6.963958 -10.453251 -10.747606 -21.286551 -30.711468  -31.100346 -27.618131 005
 8.090486        NaN -22.539903   1.238491  28.905232  39.507641  31.158513   3.568137  -40.239976 -36.056484 006
 9.738413  57.770259  36.923241  20.049163  15.447065   1.826150  -4.136933 -27.684929  -43.452950 -62.506860 007
 9.835938  -3.380560 -24.748795  -4.453698   5.157965   7.582684  -6.066300 -20.445553  -29.448347 -21.800424 008
 8.906000  42.732871 -25.183749 -32.195462 -38.682846 -46.903904 -53.308290 -53.840259  -70.603176 -78.844055 009
 9.455432  37.465503  29.043816  21.691800  10.915275  -9.693690 -35.500582 -37.015860  -28.165378 -28.504048 010
 7.739653  51.525943  30.806465   1.500537 -36.527439 -37.153390 -39.409389 -30.245007    1.414026  29.524690 011
 8.558426  39.885010  37.043528  30.720135  43.768169  27.312155   4.197511 -16.151783  -28.048831 -17.351802 012
 6.791771        NaN  14.528313  14.022179  13.720990   8.330584  -1.455720   1.384786   24.575403  39.827309 013
 7.051343  -9.936413  14.021786  10.780851 -27.792453 -33.650450 -41.582563 -44.654268  -48.996982 -45.923618 014
 8.324931  14.491945   6.162789   0.858031  11.579056  22.428949  24.943999  34.715961   31.884951  17.896630 015
 6.895895  12.641714  41.294911  48.377058  56.074964  53.174550  51.409456  37.445397   12.922867 -11.784349 016
 8.897569   4.101029  -5.106616   5.397434  16.533659   7.761395 -10.896821 -10.681011   -4.164298 -10.025340 017
 7.349877  -3.569857  54.476889  36.175013  66.818132  52.981532  16.403902 -27.797829  -65.554532 -76.217486 018
 6.818306 -22.139914 -21.121875  -5.219269  17.874804  15.848830 -21.535925 -75.360499 -113.951903 -96.734755 019
 5.587083  -5.101386 -15.372515  -8.089511   7.455709  31.559138  40.943656  41.329885   29.139340  -2.013645 020
 4.943889 -12.973273   2.392130  16.737893  21.321187  10.043325  -5.443138 -26.871302  -54.425275 -92.516205 021
 7.025035  20.188977  28.209917  16.933953 -13.323188 -33.263807 -42.496797 -34.141135  -18.782739  -8.695060 022
 4.704167        NaN   8.958623   0.700913  15.383830  24.986206  13.652765   1.512548   24.195280  23.477181 023
12.880741  32.254520 -23.995169 -34.580166 -18.407215 -16.620664 -11.546615  -9.423132   -3.386974   9.628840 024
15.551111  59.169941  45.316866   2.345913  15.031803   6.167836   0.691280 -14.789061  -23.096290 -21.877308 025
 7.941230  -4.385595   0.232714 -35.261989 -51.158625 -46.590389 -24.213030  -1.191833    1.283745   8.105324 026
 8.954472  -8.429342 -56.501781 -49.036365 -28.637518 -19.911398 -11.088820  -0.093877   11.623177  35.767675 027
12.184846 -27.174086 -34.917297 -27.483447  58.896212  59.542700  37.429751  23.480232   20.548772  31.703599 028
13.261080 -91.303370 -83.053175 -75.277408  -3.542519  19.122536  41.059115  40.437734    6.595140   8.712673 029
 5.831167        NaN   9.803824   9.835434  10.350974   1.626724 -14.784222 -25.484840  -35.488630 -56.337947 030
11.356250 -50.507746 -71.382564 -52.390707  19.493989  21.649514   1.408671 -25.957166  -35.803671 -32.834643 031