    tempo         80       82.5         85       87.5         90       92.5         95       97.5        100 dia
11.391288 -15.781394  -8.836024 -10.889405  -9.114390  -4.439895  -1.720141  -4.201723 -14.061758 -15.620949 244
11.902747  -5.832218  -0.441554  -4.223562  -4.811741 -32.277907 -44.646267 -57.896696 -57.927866 -23.834481 245
 9.138549 -31.628778 -19.936001 -18.522634  10.363167  42.360911  12.263017 -34.789191 -35.003767 -14.324590 246
 6.664802 -31.238697 -33.329812 -26.094666 -19.474317 -15.515001 -17.203646 -11.453657   6.506891  33.902411 247
10.553788 -17.695597 -13.423654 -26.389255 -26.875327  -8.977621   2.658555  -3.079176 -26.564078 -26.891426 248
 4.867562   0.628082  -3.412820   2.205091  -7.018964 -16.488852 -29.808516 -31.711541 -36.166837 -27.423801 249
12.154960 -18.617647 -13.533528  -0.166407  -1.831151  -5.489779  -3.080007 -16.987606 -18.356817   3.984584 250
10.058662   7.664068 -10.556925 -18.969377 -15.195748 -25.516459 -40.984298 -48.006471 -43.769150 -50.254105 251
 7.390718 -36.773845 -31.656495 -39.135890 -18.227241  12.409718  -0.843099  -9.722570 -25.823935 -28.965706 252
 7.989938  -5.150182 -25.375479 -30.948931 -13.607729   4.387154   7.662544 -15.355400 -16.494400 -35.521635 253
 6.721412   2.879393  -4.417069   0.600783   6.640466   7.320340  13.399259  17.575899   5.108495   6.420452 254
 9.182222  -2.043472 -12.882658 -13.952423 -14.367462 -12.009883  -9.905881 -15.485516 -28.094947 -15.655013 255
 3.857731 -15.811741 -19.792265 -19.919976 -29.405273 -24.981378 -10.514539  11.402776   4.076415 -11.476368 256
 8.305317  -4.416380  15.545951  25.334235  25.390797  22.062192   3.688648 -13.549034 -30.875034 -39.931339 257
 8.725859  14.422750   5.115527   3.559536 -13.584680 -20.239326 -15.672138  -8.864909  -4.287881  -3.071321 258
 7.095076  37.073893  17.704800  22.589857  25.197261   9.862865  -6.049972   0.715343  16.912150  16.705024 259
 7.393519 -13.812654  -9.192825  -5.169604   2.181554  -1.587215 -12.522009 -20.433362 -27.648872 -17.202826 260
 7.302847  22.150824   3.267428  -1.015353 -14.853572 -31.289037 -21.129371 -16.941976  -7.814462 -14.500740 261
 9.058272  -2.372739 -13.053990  -8.455870 -13.973133 -27.907713 -31.977932 -43.987672 -74.127865 -82.114112 262
 2.524907  29.732191   7.253099   8.191331  -5.135895 -12.156973  10.255852   5.836894 -23.111235 -41.616902 263
 3.201451  45.586163   6.010471  29.415435  23.275278  23.698947  29.622081  50.960152  74.145819  76.708068 264
13.092407  44.997447 -40.868896 -55.156947 -55.837422 -31.142318  -9.838848  19.833852  29.862904  21.068308 265
 2.726250  -4.337968   6.488102  10.029757  15.093433  12.953465  36.243010  27.447275  -4.059513 -11.654498 266
 9.815324 -27.647213 -11.342026   1.202196  -0.549838   3.426020  -1.855918  27.143244  34.044341  -9.446107 267
14.100064  -5.682263  -8.099496 -14.630371 -23.818764 -21.334315 -12.078982   2.162835  11.320722  17.356361 268
12.638485 -19.577892  -9.719153  11.722128  18.799557  27.731591  12.582442   6.852688  -2.011727   2.959231 269
 5.053095  79.451463 -33.475108 -45.837327 -34.928086 -15.823591  19.188485  18.165643   4.302735  -7.932096 270
11.513935  15.246175  40.608602  23.848019  17.604997   8.396115  25.788864  39.507045  48.182916  55.024561 271
14.806505  -8.583650 -18.211380   3.158858  14.213899   9.020173  11.416116  -9.305529 -25.835621 -35.844575 272
 7.546667  16.543516 -15.568469 -12.363362 -12.955144   0.356166  22.426996  38.135963  40.577869  20.383567 273