    tempo        80       82.5         85       87.5         90       92.5         95       97.5        100 dia
11.563086       NaN  32.082780  41.105797  55.930102  47.357616  23.101078  -4.188858 -26.505921 -38.085608 336
16.700174       NaN   9.288755  18.616179  20.418797  20.001990  -0.532649 -17.427553 -55.155004 -21.895555 337
11.150556       NaN -14.876174 -33.993895 -47.830957 -30.906568 -34.944787 -14.224457   1.004420  14.654775 338
21.059444       NaN        NaN        NaN        NaN        NaN        NaN        NaN        NaN        NaN 339
15.366389       NaN  -7.472955   5.665802  22.234471   4.711996   6.420629 -14.006419 -30.462559 -45.841575 340
13.570139       NaN  28.296146  48.837092  19.288065  18.588543  17.671503   4.897153  -7.195195 -46.448430 341
15.149167       NaN   3.733639  -5.060694   7.496570   9.999236  26.982758  53.546723  46.996016  11.898280 342
11.567421       NaN  70.619468  31.312224  33.721322  38.040346  44.202644  24.113607   0.958357 -29.795315 343
14.059896       NaN  42.615128  33.540164  30.513934  30.118155  23.771802  -5.679751 -36.411833 -62.828457 344
12.583210       NaN -38.934299 -42.208187 -42.644934 -34.233823 -14.284672  -3.539764  10.963797   8.893481 345
15.856852       NaN  50.939968 -35.362279 -66.018315 -63.978220 -10.909491  12.124619  -7.076951 -16.808837 346
13.395333       NaN  -0.730503  16.419983  37.848343  26.622104  32.677527  34.375798  17.860222  -9.315580 347
12.627444       NaN  35.922997   7.761378  14.482704  25.357653  28.940994  19.726386  -2.454240 -17.155877 348
11.406010       NaN  24.832650   3.395538 -18.112879 -58.985172   9.270824  59.652670  39.522427  -2.741819 349
11.098710       NaN        NaN        NaN        NaN        NaN        NaN        NaN        NaN        NaN 350
12.929965       NaN  31.673035  38.870470  36.978752   6.527281  -6.556268   3.365292  11.480150  15.518027 351
 9.800884       NaN        NaN        NaN        NaN        NaN        NaN        NaN        NaN        NaN 352
11.161944       NaN  34.584225  18.384534   4.633574  14.468404  22.048089  21.393325  -4.393042  -2.926524 353
13.433056       NaN -19.063842  -5.553331  22.324830  71.167475  81.324833  48.669619  14.982828 -49.734240 354
13.502986       NaN -11.158506 -23.604771 -27.968728 -19.262225  -2.887515   5.242153   0.437602 -45.184340 355
15.459583       NaN   1.342852  -3.099629 -20.778546 -14.487246  -2.208807  11.287875  26.528774 -10.014747 356
11.646865       NaN -24.378279 -26.619797 -26.975544 -12.844435  20.904828  46.204568  50.913835  45.344903 357
13.407698       NaN  -7.069568  -5.590261  13.279860  33.943427  47.495364  30.837166  11.916904 -11.972092 358
10.705040       NaN  27.512037   4.771161 -27.778772 -54.888832 -25.554790  -2.026902 -31.206376 -64.413742 359
11.797847       NaN  -1.332748  14.772845  11.667049  22.263902  20.840003   7.565175  13.809320  17.536001 360
12.603333       NaN -54.238340 -24.845064  13.499567  34.090829  32.176795  -6.877446 -15.482040 -22.284842 361
11.384683       NaN  -0.481406  -8.888434 -19.108559 -19.250606  -2.122666  32.137378  66.069673  64.353833 362
14.109722       NaN   1.189542 -13.927119  -4.710389  -7.125562  -2.941193  -4.861813   9.990905  24.052720 363
11.287292 35.569278  12.641493   9.721076  12.655962  25.417833  46.428823  79.870355  84.635720  44.157323 364
12.070198       NaN -35.342180 -18.534003 -14.105994  -7.132102  -8.315796   3.674364  19.319786  11.372121 365