    tempo         80        82.5         85       87.5         90       92.5         95        97.5         100 dia
11.780556 -61.105483  -16.539608   1.080440  19.110384  20.177958  -0.228559  -3.378128  -26.588958  -46.193723 092
12.487222 -57.079380   -1.032688  11.060231   8.623439  -1.739394  -8.038251  -9.254349   -6.822266  -26.236032 093
12.985357 -45.664953  -32.693556   3.770870   2.650746   4.087999   3.806966  -2.022835  -15.935724  -25.551414 094
15.997722  58.609309  -78.013089 -47.959176   7.670388 -18.589606 -58.668630 -82.126835  -69.216421  -29.707560 095
16.343438 -24.708942  -54.476877 -37.196072 -23.380295  -9.220784   0.435812  -2.950654  -28.287368  -41.290574 096
15.412722  68.306232  -53.258381 -41.264153 -24.717655 -17.314354 -33.852825 -42.940314  -37.157778  -51.877175 097
14.794722  32.966425  -23.976811 -22.180383 -12.081316  12.617435  15.127426  -8.882900   -6.777148   -9.940674 098
13.536825  43.952627   -6.006294  -5.914000 -15.681363 -46.631010 -56.512169 -54.538811  -73.394137  -76.202646 099
12.882143 173.150610  -21.144719 -28.603017 -22.265458 -24.121105 -37.810305 -42.805648  -52.833961  -64.273189 100
10.070926  26.922513  -67.633041 -35.974333 -22.040373 -23.296042 -37.109149 -40.243686  -38.907678  -14.680913 101
14.690778  -0.048229   -3.686940  10.286224   5.992962 -25.319095 -56.737437 -76.585730  -78.716656  -50.772259 102
12.750046  94.023720  -30.048349 -19.271816  -0.036810   6.097874  12.935787  -7.801083  -30.090941  -38.153603 103
12.088819        NaN   -5.660542  -5.212254  -2.895318   1.538771   1.028350  -5.688744    9.587601  -28.847165 104
12.426825 -13.538539   -3.686051  21.991876  54.732471  28.185256 -29.179718 -83.801537 -109.018483  -98.111160 105
15.063681        NaN  -39.382291 -37.033748  -6.760642   3.374103 -24.889099 -92.079705 -106.669621  -66.246450 106
15.551333        NaN  -67.626747 -41.273817  21.155475  56.434452  20.605491 -36.106240  -57.620585 -102.390530 107
12.803056   6.465799  -33.225942 -51.750393 -10.313089 -11.065958 -22.294410   3.271063   45.980790   62.044500 109
18.935417        NaN -101.992520 -96.737285 -26.136463  -1.741892   8.723207  30.535353   25.689563  -11.821366 110
14.559167  19.581076   -2.585648  -3.212047  31.747732  -1.378882  -5.858305 -63.301306  -92.039964  -86.489289 111
15.035675  -7.623138  -18.619195 -20.483611  -2.094112   1.457739 -18.345125 -18.712409    9.519365   28.449198 112
15.771065   5.983684   -8.563183 -15.238307  -4.663853 -42.190278 -41.586126 -29.565622    0.414336   26.828309 113
14.430357 -74.704535  -54.361954 -10.253728   1.372433 -13.090967 -30.451773 -17.224556    9.215835    3.434909 114
13.768009 -15.494583  -13.612112  -3.655413  -6.466483 -13.078112  -8.964606 -19.454105  -11.602107    0.996496 115
12.076167 -50.880368  -35.125244 -52.230923 -23.583604   3.064031   0.950781 -12.289153   -8.974648   22.118831 116
16.200111        NaN  -31.478262 -16.634406  32.215333  23.177479  -5.550573 -31.226206  -23.813351  -11.753156 117
19.012315 -24.948318    8.717979  16.542112  14.127378  17.456460  -1.155419   4.207387   35.525230   10.505440 118
18.197083 -29.319643  -18.700798 -18.248458 -22.380207 -39.761417 -47.785792 -40.491848  -47.095075  -48.062706 119
11.630313 -92.403090  -23.349735 -11.664698  -5.749488 -24.489276 -43.105174 -57.108694  -60.501572  -56.012431 120