    tempo         80       82.5         85       87.5         90       92.5          95        97.5         100 dia
10.482569        NaN  12.219846  -3.916845 -23.372578 -37.796614 -47.986319  -39.093488  -17.475430   -4.256928 153
11.247861  -1.748003  -6.310873 -10.286967 -15.457014 -13.200302  -9.273655   56.885652   53.303238    3.633134 154
17.353580        NaN  26.426896   0.084556 -17.413671  -1.695245  47.399881   86.137767   83.002310   35.646488 155
15.864417        NaN        NaN        NaN        NaN        NaN        NaN         NaN         NaN         NaN 156
13.442222        NaN   3.161026  -5.631591 -18.301033 -25.469536 -22.935900   16.324814   12.607541   16.623323 157
16.365111        NaN        NaN        NaN        NaN        NaN        NaN         NaN         NaN         NaN 158
13.204514        NaN        NaN        NaN        NaN        NaN        NaN         NaN         NaN         NaN 159
17.069537        NaN        NaN        NaN        NaN        NaN        NaN         NaN         NaN         NaN 160
12.105278        NaN  24.817188 -12.651670 -35.213726  -6.835770   9.845559  -10.461098  -22.436314    7.850056 161
10.165139        NaN        NaN        NaN        NaN        NaN        NaN         NaN         NaN         NaN 162
13.943519        NaN        NaN        NaN        NaN        NaN        NaN         NaN         NaN         NaN 163
12.113264        NaN        NaN        NaN        NaN        NaN        NaN         NaN         NaN         NaN 164
15.830833        NaN        NaN        NaN        NaN        NaN        NaN         NaN         NaN         NaN 165
15.968500        NaN        NaN        NaN        NaN        NaN        NaN         NaN         NaN         NaN 166
13.438333        NaN        NaN        NaN        NaN        NaN        NaN         NaN         NaN         NaN 167
13.560880        NaN        NaN        NaN        NaN        NaN        NaN         NaN         NaN         NaN 168
15.166944        NaN        NaN        NaN        NaN        NaN        NaN         NaN         NaN         NaN 169
12.731071        NaN        NaN        NaN        NaN        NaN        NaN         NaN         NaN         NaN 171
18.991319        NaN -18.748270 -42.753338  11.415809  47.520924  -3.776831 -126.046906 -177.730560 -139.528990 172
15.839048        NaN   9.406395 -16.789684 -60.880013 -52.808890  -0.596031   -1.548292   -2.609780   -4.801687 173
20.786574        NaN        NaN        NaN        NaN        NaN        NaN         NaN         NaN         NaN 174
14.268148 -46.715150 -40.758393 -48.380019 -41.372300 -17.550123 -29.788285  -38.674027  -31.700856    0.343266 175
18.886065        NaN  12.967413  23.599559 -10.986791 -41.936224 -85.986083  -93.483005  -78.507799  -33.962473 176
19.300586        NaN   5.608482   0.101322 -22.555359 -76.981139 -99.054066  -46.568281   53.263720  118.106723 177
16.576713        NaN -40.820792 -17.607298   7.952752   6.188288 -60.567616 -128.381575 -182.218590 -169.648400 178
17.661111        NaN  -0.577213  -3.982142 -18.748420 -22.478644 -44.134723  -67.498499  -69.437861  -57.787739 179
18.355972        NaN -23.555838   5.022073  19.010142  14.928867  19.129498    5.843337  -11.291658  -24.626728 180
19.455278        NaN  69.777169  60.174882  27.475423  -7.298440 -29.553882  -40.661315   -3.323793   39.358571 181