    tempo  70  72.5  75  77.5        80      82.5        85      87.5        90      92.5        95      97.5       100 dia
13.473819 NaN   NaN NaN   NaN       NaN 23.220857 17.772073 13.786731 12.298758 14.361568 15.458369 15.432593 15.646475 306
11.699475 NaN   NaN NaN   NaN 22.176463 21.241251 19.247251 16.657839 14.087835 12.832732 13.782509 15.273398 16.699117 307
11.246111 NaN   NaN NaN   NaN       NaN 25.812936 21.141157 18.698965 15.910487 15.738647 16.657584 17.808498 17.830195 308
12.158389 NaN   NaN NaN   NaN       NaN 20.995303 18.267654 15.920731 14.235499 13.753826 13.769849 14.156813 15.760063 309
11.967540 NaN   NaN NaN   NaN 20.666632 20.956123 17.909374 15.771447 13.847502 13.560816 14.873202 16.357920 16.869206 310
10.260833 NaN   NaN NaN   NaN 22.356722 22.398989 16.721467 18.987277 16.948021 14.555653 14.503826 15.393914 16.204367 311
11.361806 NaN   NaN NaN   NaN       NaN 19.589084 18.441138 14.705964 13.515606 14.286910 14.740242 13.787622 13.095325 312
13.006574 NaN   NaN NaN   NaN 20.138878 20.458401 16.640533 14.109169 13.288953 13.228336 13.376441 14.833114 13.766877 313
11.003194 NaN   NaN NaN   NaN 20.880814 21.996783 19.302680 16.563150 15.168827 13.617417 13.157702 14.579635 16.948115 314
 9.926481 NaN   NaN NaN   NaN       NaN 21.647646 18.208424 16.033015 14.448040 13.895554 14.445930 15.303965 16.244819 315
10.838556 NaN   NaN NaN   NaN       NaN 21.265089 18.073820 16.052137 14.915449 15.113094 15.236476 15.400564 16.045391 316
10.647817 NaN   NaN NaN   NaN 24.318846 21.983308 18.361198 16.236033 13.706676 12.806299 13.298613 13.891404 15.836290 317
 9.056627 NaN   NaN NaN   NaN 21.935614 22.315283 20.488536 18.709728 16.958148 15.189143 14.601707 15.295185 16.932156 318
10.041694 NaN   NaN NaN   NaN       NaN 22.625962 18.994370 16.242778 15.141369 14.554506 14.828680 14.895754 16.060003 319
11.687130 NaN   NaN NaN   NaN       NaN 21.937721 16.637836 14.301799 14.119517 14.643338 15.094623 14.946360 13.673967 320
 9.509028 NaN   NaN NaN   NaN 22.189153 22.277259 16.258751 18.942889 19.188668 16.586484 14.826226 15.464870 16.922329 321
 9.244306 NaN   NaN NaN   NaN       NaN 20.874574 18.531847 16.050453 13.861240 12.840682 12.707908 11.334780 13.610184 322
 8.653384 NaN   NaN NaN   NaN       NaN 22.750665 19.817893 16.889427 15.547934 14.906191 14.841484 14.126938 14.274633 323
11.074484 NaN   NaN NaN   NaN       NaN 21.101824 19.261467 17.516531 15.678063 15.162348 15.767152 12.444427 12.701955 324
10.712778 NaN   NaN NaN   NaN       NaN 23.151085 16.032821 14.765927 13.450698 12.560629 12.490657 11.441710 15.567862 325
 8.721361 NaN   NaN NaN   NaN       NaN 21.473114 17.968230 18.783114 15.970428 14.116940 14.561444 12.637594 12.552819 326
13.730000 NaN   NaN NaN   NaN       NaN 25.459432 24.036562 21.153318 19.671439 18.157057 17.950019 17.839864 17.179304 327
16.279583 NaN   NaN NaN   NaN       NaN 19.035847 18.755530 16.603027 13.815815 13.621140 12.055550 11.502117 12.821398 328
 7.979056 NaN   NaN NaN   NaN       NaN 22.049882 18.998029 16.785916 16.042766 14.689994 13.759950 13.806489 14.373952 329
 9.952381 NaN   NaN NaN   NaN       NaN 20.918434 18.001411 15.515536 14.464313 14.987822 14.021068 12.863732 12.163076 330
12.516889 NaN   NaN NaN   NaN       NaN 21.915110 18.929319 16.883265 14.643106 13.142091 12.963251 12.990467 13.439626 331
11.881821 NaN   NaN NaN   NaN       NaN 19.931650 17.277177 15.532847 14.349351 12.923267 13.674845 11.857142 12.367966 332
 9.438472 NaN   NaN NaN   NaN 26.979211 23.825587 19.358024 15.548587 13.929894 13.726238 15.077382 14.356583 13.585578 333
15.763565 NaN   NaN NaN   NaN       NaN 22.972773 20.226240 17.530582 15.753787 14.340294 14.452694 14.214412 14.590131 334