    tempo          80       82.5         85       87.5         90        92.5          95        97.5         100 dia
16.429944         NaN -53.721944 -74.840184 -89.871986 -99.012897  -90.312615  -64.371951  -44.279643  -24.870780 275
11.209194   -0.322984 -30.985359 -20.713921 -12.877526   6.771191   13.135231    3.275895  -35.389954  -55.173114 276
14.355707  -10.905233  -5.959880   3.243040  35.728387  35.183274   28.885060    3.322155  -15.668766  -17.364492 277
18.231278   93.866974  25.789020  16.107543  11.998134  10.572709   26.397600   29.263124   24.959851    9.389801 278
 7.754206  -25.325317   7.033014  17.308548  20.505342  16.684514   -2.208557  -16.054406  -29.046461  -21.227967 279
16.333167         NaN  -1.339274  25.557938  35.664914  30.533741   11.104791   -3.967968  -22.612260  -42.702069 280
17.434333         NaN  12.897729  17.948939  17.457283  10.937164   -6.086361  -30.569139  -47.258081  -52.505462 281
17.042593         NaN  10.571718  -8.583499 -21.193852 -28.030790  -27.450860  -32.141979  -33.551288  -33.001298 282
14.864861    6.056136  26.855120  33.684651   9.315625 -40.994273  -73.582126  -70.034172  -34.492985  -30.230257 283
14.190714  -18.959104 -26.375078   0.682445  33.941933  51.388180   20.848312  -31.705868  -63.223393  -61.661907 284
14.464960  -26.349278 -16.312452  -1.296059   6.180030  -6.109167  -30.004190  -74.611191  -88.750364  -65.778766 285
12.090625 -132.207200  19.544705   6.636454 -21.846793 -65.315885 -105.405816  -82.529258  -24.246159   24.908648 286
15.014778 -109.605183 -56.781951   4.986997   9.564375 -36.836201  -68.782138  -51.372824  -18.479115   14.581660 287
15.950444 -123.839470 -55.095255 -17.180581  -0.138707   8.475014    1.756627  -13.215674  -26.722445  -30.775341 288
13.421667         NaN  -8.626354  24.146031  30.599935  15.139343  -21.277774  -35.508120  -33.707246   -7.690203 289
16.872153 -123.841670   3.552952   7.155817   4.028124 -32.406208 -101.618167 -101.266847  -67.227120   -6.183562 290
15.153611         NaN        NaN        NaN        NaN        NaN         NaN         NaN         NaN         NaN 291
14.375833         NaN -24.445461  13.852600  22.581870  39.749947 -138.559050 -252.777790 -220.600740   15.594883 292
13.827708         NaN -33.537954 -41.986460 -19.166085  12.400642   23.357311   21.510697  -22.486154  -99.177275 293
15.936111         NaN  -9.847681 -31.689638 -33.062446  -8.044858  -33.839815  -78.617873  -74.020388  -43.337603 294
16.834931         NaN -13.790174   0.128143  12.632817 -32.781123  -83.416640 -119.093139 -136.201165 -117.828815 295
15.898611         NaN        NaN        NaN        NaN        NaN         NaN         NaN         NaN         NaN 296
18.610069         NaN -39.920684 -18.036504  10.279954  -3.601941  -62.981518 -109.555653 -128.166527 -108.291777 297
16.038785         NaN  16.226889   8.565947 -11.839633 -38.185217  -67.360314  -86.617370  -75.997079  -41.454555 298
16.029484         NaN  28.837054  35.194588  13.061186 -18.393833  -37.936017  -51.381762  -36.687345   -1.421184 299
14.712381         NaN  26.065046   9.675235 -10.327328 -40.634492  -65.338665  -74.743254  -73.313550  -55.148686 301
15.102639         NaN -36.612433 -28.229221 -11.733285  -4.735528  -13.362300  -32.025310  -49.503784  -55.991155 302
14.579778         NaN   0.310972  10.379336   1.982399  -2.458226   -0.988853   -3.078517  -10.696762  -21.640488 303
12.945694         NaN -18.804641 -23.037553 -26.712660 -31.372408  -43.656482  -66.617956  -68.028025  -56.778967 304