    tempo          80       82.5         85       87.5         90        92.5         95       97.5        100 dia
10.694316    5.725634   6.782062   6.401114   6.942960  15.504907   10.995039  17.572455  28.840863  29.753191 274
15.670241   17.304517   4.831339  -8.662783 -12.654945 -18.047113  -22.366928 -21.075056 -28.914601 -19.455910 275
15.046917  -84.004323 -44.130110 -51.632488 -47.265314 -52.320957  -57.873084 -53.609373 -55.356435 -35.383774 276
12.327176   58.957565 -39.987723 -39.523301 -33.110046 -24.511302  -18.892301 -23.803953   0.676720  45.031152 277
13.384074    0.283432 -15.260587 -29.902835 -34.678331 -17.317686   -3.893876   2.156255 -11.983365 -32.659727 278
19.172060  -25.852281   6.122076   7.358397  10.083299  13.750136   10.269080   1.916289  -9.058256 -14.269341 279
19.857245   68.971328  30.227807  20.899158  17.632675   3.630281    6.898631  17.200203   7.420017   4.625406 280
 9.620833  -88.463060 -27.117728  -9.826438   5.990572  -4.897118  -12.481770 -38.578328 -37.444522 -32.883495 281
16.198005  -58.274398  -7.040109 -13.533445 -26.955057 -18.973647  -19.352417 -14.642108 -23.538024 -27.429067 282
15.989190  -58.507354 -83.321589 -52.144696  -9.416564  -8.995474  -10.929987 -34.511591 -49.185943 -39.513312 283
11.011481  -11.091699 -16.983999 -33.859354 -47.823211 -51.031496  -53.452727 -38.803587 -39.326336 -26.351804 284
15.303056  -40.219726 -31.473552 -25.361569 -17.930583 -15.306128  -22.317152  -5.459727  77.219295 119.599793 285
15.186435  -18.990606   6.267443  31.503580  31.698581   0.813975  -18.393403 -43.381494 -16.718579   3.443272 286
15.494167  -32.142704 -42.374687   0.477050   8.925270  16.818633   36.445949  31.408221   7.191660  36.272708 287
16.412994  -87.184486 -60.299490 -46.058428 -51.627676 -64.873987  -86.832653 -84.217899 -48.498778   5.880990 288
15.440639    0.723928  17.578144   3.010478  -2.127332  26.771422   35.284370  26.396003  16.354125   0.753182 289
18.966717         NaN        NaN        NaN        NaN        NaN         NaN        NaN        NaN        NaN 290
14.122361         NaN        NaN        NaN        NaN        NaN         NaN        NaN        NaN        NaN 291
18.848333  -46.418102 -11.095133   2.408973 -18.706962 -59.175806 -105.338457 -58.872160  51.305539 119.758187 292
15.614167   16.659670   7.609474   1.227940  10.158836   6.886551    9.631023  36.514453  29.030469  30.086993 293
16.877222    0.669115  -3.232397  10.424943  17.188820  10.650313   44.336913  64.550674  49.594098   8.570838 294
18.058715   33.812351  14.370505   3.127079  -9.405652  -5.274634  -15.434880 -32.199110  -7.460808   8.147323 295
 1.722905         NaN -13.342150 -11.941633  -3.947409 -39.790278  -85.164803 -73.110997 -38.921564  11.631339 296
19.011296   15.918865  -0.609344  -0.812126  10.943292   1.426309  -40.433254 -29.943767 -47.754621 -17.411426 297
15.406995  -11.598876 -10.521565  -1.845868 -28.960943 -77.790623  -93.604527 -63.560712  23.834247  59.903907 298
14.875868  -80.703500  14.735490   9.293078  -7.274092 -24.044218  -42.290625 -31.399833  -7.855749  20.789941 299
17.195394   22.805733  23.790896  29.640934  20.569677  15.554459   10.295608  31.379225  27.758996  12.856759 300
19.715222   88.486630  39.622151  43.562710  39.934912  16.222692  -30.807416 -46.462790 -41.827456 -46.667194 301
16.718690 -115.795957  -6.094568  -5.964840   1.569670  -1.704907  -57.240267 -97.452031 -99.011909 -60.755389 302
13.756368   -2.224999 -23.582599 -27.165054 -29.868475 -28.229023  -48.158535 -58.027929 -38.063509  12.326471 303
17.823580   22.889518  20.882666  20.256949  14.353957   2.105707  -33.195862 -48.583779 -43.959650 -27.463983 304