    tempo          80       82.5         85       87.5         90       92.5         95       97.5         100 dia
11.678549  -37.394690 -26.206409 -21.059949 -18.807852 -27.104776 -22.569916 -11.178760  -3.509095    7.580324 335
12.063889   -9.279566 -13.313206   3.483901  25.082895  13.376277   4.934357 -17.274371 -36.819365  -41.388799 336
15.988586  -69.122980 -49.363637 -44.923973 -34.395176 -27.720915 -46.907649 -49.376123 -61.855666  -60.153801 337
11.150486  -21.901064  -8.879455  -4.548673   4.588579   0.802701  -7.202019  -3.257521 -20.471060  -41.968745 338
21.059028         NaN        NaN        NaN        NaN        NaN        NaN        NaN        NaN         NaN 339
15.080694  -43.975505 -30.404467 -25.363983 -14.311141 -24.265630 -28.419647 -33.696860 -41.635124  -31.481636 340
10.879470   35.999443 -33.029022 -19.485823 -26.116323  -1.756720  -4.448595 -14.433545 -23.414135  -47.271423 341
13.638565    9.370239 -55.490288 -58.197492 -53.449421 -24.274512  -4.326777  12.872998   8.286874  -15.498206 342
10.830404  -18.887628  23.194237   8.594482  17.968769  15.543300  17.486176  24.814805  13.124707    0.424903 343
 9.818302  -40.056363 -17.740447   7.234743  40.953862  49.697474  27.337900  19.050728  12.423601    3.065520 344
10.042778   60.932750  15.443267  22.466490  20.700895  20.308693  16.115598   1.281286 -15.275027  -27.585172 345
15.317500   93.658295  56.610338  39.680634  50.464451  32.302605  24.861468   9.166415 -24.346796  -60.009471 346
13.322179  -11.790587  13.220970  23.979907  29.644558   2.633562 -10.327669 -35.734322 -51.998202  -55.466404 347
11.578750         NaN -47.539027  -9.851562   1.921863 -14.101467 -32.412114 -29.170885  26.935803   31.160151 348
10.580481         NaN  38.895700  70.972620  51.494923  -3.143447 -35.157555 -32.304580 -41.968697  -50.785114 349
 9.698275         NaN   7.215409  10.277395  34.834225  19.230824  -7.264538 -51.316910 -61.279387  -41.852710 350
11.131369         NaN -31.212311 -35.659460 -37.682226 -75.695037 -86.430330 -53.906631  -7.170921    8.585408 351
 8.718413         NaN        NaN        NaN        NaN        NaN        NaN        NaN        NaN         NaN 352
 9.586361         NaN -85.175087 -72.976477 -56.361757 -60.633898 -44.069958 -40.937718 -85.328417  -31.525848 353
11.873283 -155.868450  -9.358936 -38.525036 -48.299741  -8.262903  -6.490822 -16.219775  26.970161   16.162831 354
10.755530         NaN -23.827608 -37.355885 -32.216732 -35.941993 -40.483244 -25.847028 -21.997065  -52.239653 355
16.312460         NaN -18.012617 -26.869911 -32.433243 -13.571397  10.262604  22.636092  18.017511   -9.650488 356
10.268207  -67.029470 -51.379983 -47.926885 -48.942261 -47.316764 -45.753305 -18.462478 -53.338282  -57.530396 357
12.785227         NaN  11.524799  -3.587404   5.761682  22.096309  12.711291  -2.143208  -4.907085   -5.249418 358
 7.247716         NaN   3.312549   4.566745 -20.388296  14.220440 -29.447235 -53.062233   9.071957   54.202675 359
12.618935 -143.945040 -36.818383 -23.689427 -24.886951 -47.161618 -53.949113 -58.676892 -81.320814  -95.603785 360
12.648111 -154.680820 -16.557885 -17.624218 -42.862155 -44.443726 -44.342338 -40.400164 -60.589955  -58.670832 361
10.090617 -126.552720 -40.956571 -24.834361  -8.531886  15.630783  -6.934073 -40.133866 -90.547175 -127.184468 362
14.637284 -102.676760   1.152070 -11.727066 -24.327551 -21.499576 -11.948061   2.292162  17.078129   34.346753 363
11.294606 -121.945687 -57.291750 -50.619641 -47.330104 -43.324327 -47.048786 -32.726983 -26.742061  -29.392738 364
10.353111 -119.412430 -33.607352 -29.862572 -19.110243   6.067041   8.244221  -3.422163 -40.736244  -58.729899 365