    tempo          80        82.5         85       87.5         90       92.5         95       97.5         100 dia
14.958704         NaN   -5.164862 -23.046861 -28.272752 -29.497759 -42.249299 -33.612261 -21.614280  -21.521946 335
14.295475 -273.022406 -142.718020 -92.252345 -80.772111 -57.579353 -31.033514 -16.181037 -14.543767  -15.525514 336
11.100440   53.559526  -15.930381 -82.922535 -64.462116 -28.640031  -2.102701  11.095437  16.617432    0.587142 337
11.130497   45.992465   -8.133071  -2.519016  -7.433633 -13.524691 -25.804183 -36.617542 -24.767694  -22.811876 338
14.449722  148.092042  -19.810369 -64.087557 -72.237108 -74.078018 -70.482984 -54.607535 -40.573371  -29.065112 339
14.185231 -111.174620  -47.230383 -27.028917 -23.715247 -23.659943 -17.483068  -6.906285  -3.960953   -3.373204 340
13.640608  -34.121700  -50.089056 -59.466034 -67.364415 -49.731189 -27.312256  -5.229415  -5.380636   -7.389297 341
14.858796  -27.376076  -31.973363 -27.292362 -21.113436 -11.112949   3.207383   7.494444  28.044113   32.491185 342
12.006878 -485.963813  -20.103321 -12.651094  -9.198318  -8.276957 -12.878096 -26.540681 -29.757380  -20.716200 343
16.277280  -37.665126   30.816698  18.912814  12.535477  -1.644325 -19.219875  -7.297894 -11.460109   -0.508614 344
13.177444 -100.113580  -60.668829 -22.846132   6.510553   0.442586  -0.786179   0.436293   1.427304  -30.637776 345
11.166516  -71.667164  -13.972084   9.669190  21.001615  27.108627  22.293776  -2.189903 -30.476445  -38.432267 346
12.536845  -21.916969  -27.453734  -8.010678  23.932003  20.116824  28.179964  27.859438   7.956565  -31.453290 347
11.795356   -7.041853    8.084686  16.760518  15.385721  11.267862   5.962993  -7.468139 -26.879474  -50.249921 348
13.003250  -46.489315  -43.496025 -30.462585   0.607086  34.983350  36.702582  -7.569858 -73.530925 -122.999505 349
11.756688  -53.863740  -16.954831  -7.145684   4.144983   9.095812  12.408795  -1.411355 -29.036055  -38.232299 350
14.650856  -35.294044  -22.845174  18.761874  31.449634  30.691133  16.370424  -5.989710 -34.982338  -50.156816 351
12.654852  -27.859029  -52.352745 -48.952816 -32.807661  -0.433484  -5.065606 -25.256146 -16.565631  -18.282139 352
13.239406  -20.313595    9.933673   3.721027  13.263448   5.460414  -8.789778 -16.395278 -37.345326  -64.787094 353
11.997046  -30.396705  -25.750919 -24.134892  -9.523331 -23.767151 -18.598926 -35.174633 -57.162438  -64.797888 354
10.920770   23.682973   12.000258   2.097589 -10.611270 -41.368523 -54.746017 -82.721367 -92.479438  -45.365493 355
14.255031  100.887660   11.988458   3.723192 -15.341841 -46.351856 -64.446271 -75.732348 -76.450004  -57.007358 356
11.547716  -33.460320  -27.228324 -15.987161 -26.784849 -42.897266 -70.847503 -78.856975 -64.502656  -57.852271 357
16.047222  -37.581722  -20.407437 -17.942991 -28.888669 -46.231299 -61.320484 -69.111059 -73.535880  -60.554419 358
16.597370  -67.293718   -7.018080   0.312486  -0.414429  -6.412730  -5.983966   5.947064  20.112128   29.747045 359
12.847976   33.415162   30.696666  12.728276  -2.354090 -25.195563 -51.150590 -48.599674 -30.106121   -8.452056 360
13.962333    7.444205   27.042347  33.269811  26.495188  10.100796 -10.895255 -14.096827  -7.627225   -3.498833 361
12.389907   31.544608   10.722862  11.405002  12.899148  13.694943   6.437285  -4.930742   0.678805   16.181187 362
11.746944  -16.866464  -11.881540 -14.074549 -15.906625 -19.285541 -10.599256  -5.534271 -12.357443  -12.856590 363
10.047178  -43.536976  -66.517821 -53.446594 -34.993623 -35.133765 -33.392686 -36.420982 -23.168539  -22.054516 364
10.587201   36.809018   -8.118617  -5.191601  -3.848253  -6.179112 -16.125121 -20.532065 -15.805648   15.646083 365