    tempo          80       82.5         85       87.5          90       92.5         95       97.5        100 dia
11.312536   -1.946510 -35.676586 -40.312609 -36.378261  -25.670730 -13.045576   7.683676  26.946999  17.905819 001
10.838889   27.702981  42.451779  58.352014  54.412012   52.998891  39.405088  33.553706  32.767604  16.402415 002
12.227553   95.907551  43.517428  23.731758   9.681841   27.589826  59.498360  75.756735  67.458253  53.776304 003
 9.257311  -23.208104 -64.002586 -29.448121 -11.005988   -4.923788 -13.163874 -26.937922 -27.396663 -21.852056 004
11.103346   50.083153  44.617119  41.306035  42.637815   46.954905  50.101750  64.106053  67.985803  54.257404 005
 8.439352  -35.649097 -22.497310 -14.349442  -0.744702    5.453774 -15.627185 -29.056263 -42.591790 -35.049478 006
 8.829889   45.912133  37.794285  39.970768  47.876147   60.543969  72.923970  63.263680  49.343727  24.639820 007
 9.842319   -2.029290 -15.405437 -17.761486 -20.136973  -15.311673  -8.164745  -0.392004  25.922596  43.424375 008
 8.977319   54.982366  60.814246  65.086388  64.476652   67.584335  85.102037  87.558559  64.340722  31.415029 009
10.904233  -17.849065   5.393797  27.511837  35.229267   48.053257  54.510301  52.519441  47.291854  39.528919 010
 9.807311   -2.520910  13.929701  26.879018  34.921754   49.184727  58.695935  38.496149  12.216152  10.586363 011
 8.547521  -81.266932 -46.857540 -32.918099 -10.780992    8.919173  21.274481  48.062329  69.272981  50.007176 012
 7.729211   25.480213  -5.419944 -11.151234   2.039355   24.404870  26.256986  15.886945   6.037590  -6.844318 013
 6.222778   -3.161714  -4.502345  -5.180513  -5.418820   -4.617835   5.546926  25.407979  29.722662  39.564072 014
 7.866283 -127.661757   6.347480 523.762205 -78.816184 -702.586940 -74.263436 -61.700698 -32.897509 -23.118774 015
 6.867551   10.964751  20.399253  22.709529  34.381049   32.079187  31.218082  33.341814  19.093587  -1.820172 016
 9.170775    7.909780 -18.181822 -29.963272 -13.418148   13.051120  25.580501  35.340503  46.394202  57.647313 017
 8.009626  -35.700603   0.864649  19.115144  29.264497   30.395357  11.561454 -16.265373 -23.483427 -21.724691 018
 7.457212   55.879234 -14.356364 -23.157723 -17.369238  -10.842484   0.847973  18.841287  11.255376  -3.074817 019
 6.376511  -61.842933 -54.995308 -34.322508  -7.355827   27.591659  36.166785  16.807756 -10.485895 -39.520188 020
12.120000    5.323042  19.149650  43.717371  62.343907   84.927984  88.826156  88.607142  95.632575  56.654321 021
 9.467978    0.740773  -9.939099   1.305477  -0.437128    8.405009  33.128380  23.130769   1.134966 -20.895697 022
 5.376972  -30.903050  -7.714285  -8.104569   4.398110   29.106108  39.554201  26.380785  -3.320584 -35.830482 023
12.825278    3.723438 -23.614356 -32.072375 -33.578767  -27.497992 -15.305429  -1.617266   2.316354   2.522328 024
15.491285   52.976827  60.103446  53.831158  64.201758   74.652128  70.743521  52.453072  22.515856 -17.556273 025
 6.376474  -42.013716 -41.231824 -44.706198 -24.369731   -5.708962 -10.694711 -14.954543 -16.925170  -8.701478 026
12.189919   20.699681  12.338209  23.942696  47.062412   61.351140  59.915185  31.194232 -12.542920 -57.182223 027
12.010132    3.298048 -10.488830 -14.808278 -35.595560  -21.866866 -13.464344   5.062351  22.336583  25.453769 028
12.953081  -30.476194 -26.795674 -11.835706  -2.968789   -3.460559   1.036548  -1.017156 -11.409857 -24.421236 029
 5.757204   66.478222  70.875248  51.314603  43.283176   48.527214  62.064776  65.202504  69.714164  67.353272 030
11.277708   28.318428  30.088279  35.276180  35.796706   28.514499  24.213305  31.293534  18.853851  26.930564 031