    tempo         80       82.5          85       87.5         90       92.5         95       97.5        100 dia
12.026587        NaN  16.115225    2.114219 -21.547270 -34.452069 -37.113544 -30.361946 -17.596590 -15.800185 092
16.862118        NaN -38.121599  -18.428844  -1.718203   9.143335  18.074151  25.674288  17.347724   6.259600 093
12.367840  24.269625 -36.872847  -32.778273 -22.453228 -20.932949  25.129067  51.521900  73.077720  57.145507 094
12.747103        NaN -13.848095    6.474444   7.810798   7.844083  12.600944   9.086423  -8.847810 -34.632887 095
14.047500        NaN -13.257444  -16.496078 -15.453526  -1.032580  12.816284  22.623692  15.730477 -12.929814 096
14.318426        NaN  11.188347  -11.161295  -3.936511   4.866813  18.113777  33.986401  42.354962  18.745830 097
10.575417        NaN  86.552843  -74.982875 -64.633421 -39.932192 -11.077602   1.338224   9.671667  17.471008 098
16.620324 132.124140  31.785849   16.811676  18.377023  23.496117  32.985914  39.152833  18.263335   1.628344 099
13.249398        NaN   7.583385   -5.469272 -27.175653 -30.624008 -20.521245  -6.286790   1.888681   0.258477 100
12.585347        NaN -50.326892  -39.088697 -15.549065  17.436162  39.323166  29.962791   3.155332 -34.953126 101
11.792824   6.570771 -33.322264   -5.913206 -32.224208  10.868040  70.524675  98.931905 100.615884  79.020293 102
12.119028        NaN  -3.026535    4.420228   1.312200   7.025717   6.536709   8.291770   1.620137   1.146295 103
12.063333        NaN  22.523116  -10.691187   1.411399  32.133043  47.400440  41.228689   9.817975 -29.592863 104
 9.671250        NaN -20.477785  -18.324546  22.029120  43.338866  16.232973 -16.796710   1.660959  13.521760 105
14.741574        NaN   8.866067  -36.096962 -52.452091  -8.969751  32.643910  38.413498  50.007360  20.384177 106
17.229028        NaN -72.402560 -100.553800 -84.951340 -35.538810  31.324608  95.450640 129.414250  90.672500 107
11.878160  90.816830  64.752180   49.775589  30.978896   6.843067 -30.204916 -54.711485 -15.513467  41.164125 108
13.066056 -10.900677 -26.435273  -24.283971  -8.815458   4.514062   7.113687 -11.407735  -1.685846  56.179035 109
14.225903   8.028016  14.408397   25.389804  49.267893  55.789219  14.624800 -21.407460 -28.096950   3.346752 110
15.961065  53.428257  36.840781   66.786863  39.945454 -21.355783   0.285490  14.740293  20.917132  35.929229 111
13.574056        NaN  65.827038   49.703217  44.533143  70.400455 128.276603  85.317750  58.002680 -10.703533 112
12.537722  43.619309   7.906484    4.996189  27.996206  35.807502  -4.868025 -33.034520 -47.186384 -23.972659 113
16.659111 -32.397961  -2.608384   -3.598849  10.884303  25.636476  36.844138  33.067420   6.299187 -15.238547 114
12.889444 104.258920  51.422662   16.443466  16.459374  20.510014  39.555729  53.691079  40.377498  16.891144 115
14.179921 -13.745069 -26.255848  -32.907474  15.306717   8.672997  21.827689  19.034722   8.895401   2.066054 116
12.588135 -18.996696  -6.012113   -9.504386  -1.765390  11.715411   9.443506 -33.489536 -47.416089 -25.971509 117
12.860714  24.922774   0.679304    5.530096  17.097626  30.551540  29.868724   8.509939 -23.183895 -31.189122 118
15.637917 -44.820040  -2.486250    0.635159  -1.731900 -20.081182 -30.122867 -16.986086 -18.810570 -23.489358 119
10.444236  -9.399853 -14.268842  -14.885368 -21.428760 -34.204863 -30.416586 -25.921308 -33.365949 -19.319482 120