    tempo         80       82.5         85       87.5         90       92.5         95       97.5        100 dia
11.708364   9.613914  -0.433732 -13.148888 -14.058888  -2.018944  15.764128  45.791753  44.501287  26.777863 091
12.282000  13.690223 -39.088950 -15.516955 -15.618197 -15.780384  -6.152933   3.173872  17.344288  12.266954 092
11.892593        NaN  21.192062  18.568582   0.619357  19.069489   7.744474 -11.822376 -14.844454 -26.634548 093
11.535278  10.145813  -8.217588  -5.467162   7.184745  20.663956  33.731924  39.696326   5.747368 -13.163150 094
12.515926        NaN -56.682060 -17.065071  37.324440  14.848998   4.256252   2.031557 -20.921560  -7.710247 095
17.291605        NaN   4.507226  13.224243  25.318841  51.242263  62.063040  63.642881  42.917557  -9.398194 096
11.413025   1.009743  17.717782   9.276366 -12.149093  -7.262093  14.899068  49.510217  63.182220  47.766679 097
11.678611   2.965846  17.456528  17.017544  30.032867  46.959010  59.868470  50.451530  26.477627  -3.428172 098
11.973542 -41.462136   2.027161 -10.552224 -20.804761 -21.316883  -5.980425  21.135943  33.934282  40.581362 099
10.334120 -20.236061   0.960542  -3.056773 -10.989197 -12.271445 -11.355021 -14.567081  -8.836752 -12.934291 100
 9.279537 -10.505964 -12.931103 -21.688668 -22.401878 -13.003035  18.936721  28.398432  25.107959   2.913379 101
14.116528  -3.514589  35.811812  37.146781  38.199254  33.201613  31.965292  15.609992  12.089825   9.068980 102
 8.212130        NaN -27.097476 -21.999339 -27.847681 -11.654732  16.983346  68.496898  46.744590        NaN 103
10.106481        NaN  10.338033   1.268448  -3.349132  -5.217168 -18.835667  -8.550078 -22.217115  -4.276754 104
10.382063 -52.782671 -16.199536  -6.317211  -4.352517  20.690299  15.580055  -0.163240 -28.681367 -57.188343 105
10.675694        NaN -53.613770 -54.646523 -64.491070 -37.253200   6.314750  -6.738434  17.622378   1.330710 106
15.254405        NaN -81.479702 -72.197652 -37.402611 -17.220457 -13.913494 -32.555236  -0.663719  31.862771 107
 9.590278        NaN        NaN        NaN        NaN        NaN        NaN        NaN        NaN        NaN 108
 9.895741        NaN        NaN        NaN        NaN        NaN        NaN        NaN        NaN        NaN 109
18.917500        NaN   2.120618  59.216550  42.811937  48.547565  27.776395  10.904874  10.909726  25.808806 110
14.031667        NaN        NaN        NaN        NaN        NaN        NaN        NaN        NaN        NaN 111
13.481574  35.338045  28.043665  23.491677  19.743057  41.290249  31.928996  26.240565  11.530670   0.631696 112
13.757361  18.544435   8.876339  -1.570923   4.520680  21.941910  28.255146   8.731400 -23.950508 -15.398897 113
11.133417  27.712135  30.285744  42.104287  31.104917   5.756145  -9.095802  -0.143350  11.079005   8.787638 114
 8.277176        NaN  19.891018  22.297247  14.963432   9.036033  13.767771  16.761855 -16.155668  -2.985578 115
 8.594583        NaN        NaN        NaN        NaN        NaN        NaN        NaN        NaN        NaN 116
17.610000        NaN  -6.195246  -9.469314  20.421188  45.874961  52.444118  37.566550  17.694535   2.734035 117
      NaN        NaN  36.334663  25.821430  33.612373  14.238083  52.429672  40.872160  31.885807  22.189243 118
      NaN        NaN  -8.973338 -10.963230  15.202324  44.862118  21.216730   3.249634 -17.062877  -8.887076 119
15.077556        NaN  22.497285   1.099762   8.052259  21.936194  28.646014   8.852617 -20.105367 -41.417853 120