    tempo         80       82.5         85       87.5         90       92.5         95       97.5        100 dia
10.680000 -23.719706 -12.754352 -17.134126 -20.839920 -21.796299 -39.547771 -65.679267 -80.643608 -37.166871 122
 8.222326 -30.461836 -36.518128 -38.300849 -41.681291 -45.518368 -49.107368 -41.373885 -30.783822 -39.794074 123
10.347562 -11.545574 -24.448155 -26.078219 -25.406058 -37.266376 -52.056118 -64.378384 -65.241403 -50.483805 124
 8.579757        NaN -27.134419 -48.972000 -60.080689 -54.732853 -40.704345 -48.829726 -72.209437 -71.533905 125
11.404167 -72.348248  -2.806787  -0.492416   3.073852   2.120328 -23.576356 -37.836613 -52.094231 -36.756804 126
10.322153 -41.371228 -29.829289 -28.710729 -27.155856  16.828700 -13.057382 -42.148018 -63.247738 -63.733088 127
 9.391028 -10.534553 -27.126450 -19.586487 -16.075380 -13.694318 -34.195577 -50.731942 -51.320633 -47.712629 128
 9.938827 -35.953947 -23.972836 -28.478509 -29.421570 -26.767264 -28.180153 -48.586917 -70.358267 -74.051875 129
 8.221979   3.991469   1.869753 -13.934893 -31.346432 -35.730617 -45.469579 -54.021940 -59.363856 -51.220986 130
 9.039228 -12.478707   5.592580  13.133378  17.834137   8.967775   1.942073 -19.589192 -48.157729 -46.561269 131
 7.608175   2.887368  -0.985071  -2.154424  -8.594815 -10.992134  -6.807938 -13.085394 -30.727665 -26.132253 132
 7.530185  29.414132  -5.968828 -25.347669 -30.634187 -39.853358 -31.879110 -41.222862 -35.507353 -15.694308 133
 8.802049 -17.942669  -6.754512   7.107338   0.349987 -22.935641 -47.530471 -61.006109 -49.209481 -32.607260 134
 7.371667   3.835094   1.429496  10.463384  14.571733   1.726757 -20.505698 -39.081181 -37.734214 -17.625430 135
 9.370035   9.144247  -4.400984  -0.834884   3.093752   4.562067 -12.902430 -32.759323 -42.481961 -40.515193 136
 7.821883  22.604409  -6.227828  -2.447967   4.965454   3.548857  -1.720280 -13.862428 -31.239178 -23.210903 137
 7.289611  45.784571  -0.982125 -22.427741 -28.116699 -20.558792 -10.681627 -12.352697 -22.520407 -35.927208 138
 6.670247 -27.482072 -36.179145 -38.887326 -49.727502 -63.772310 -55.484939 -30.598100  -7.558057  -4.070101 139
 5.413016   2.624269   5.060580   3.373139   2.957985   8.391181   3.887345   8.554300  -6.028492   4.688877 140
 8.211151  21.853639  11.618642   8.149594  -1.936954  -2.865332  -7.811989  -6.370264  -3.376614  30.158649 141
 6.062191  70.148409  12.270943 -11.924967 -21.014775 -23.738184 -22.012168 -20.609827 -20.433258 -18.581364 142
 6.320917  17.635970  -8.948462 -18.486245 -18.972181 -15.486598 -50.009293 -36.749150   4.173633  24.752749 143
11.027056 108.667265  19.246094  23.451729  11.652047 -24.537500 -41.719975 -24.626684  10.204635  51.532841 144
 8.402063        NaN -44.710079 -43.922472 -49.962166 -55.801922 -41.337218 -12.020731 -10.602628 -14.243598 145
 8.576181   3.902660 -19.202002 -31.071416 -32.735692 -37.371245 -25.730637   4.451293  21.857708  20.674306 146
12.604375   6.762784 -23.509976  -8.514939   3.811007   5.211675 -21.622124 -21.810898  -1.284063  -5.995335 147
13.719074  64.211662  60.854075  63.700372  51.150434  34.763063  12.041937   7.440212   6.638932  -4.687325 148
 5.260926        NaN -18.354264 -23.494430 -33.514490 -31.528766  -6.389983  21.101121  51.279543  66.681490 149
12.035370  28.344050   9.217673  19.246426 -10.619053 -24.492555 -14.434298  -1.873464  11.138074  16.275099 150
16.511627  31.326315  31.623076  16.369757  -4.162357 -22.933598 -32.972238 -28.445336 -10.622721  11.869008 151