    tempo          80       82.5         85       87.5         90       92.5         95       97.5        100 dia
 9.861171   29.121808  11.957936   5.164664   1.188760  -7.435499 -20.636261 -33.253470 -47.950959 -30.747743 244
12.529061   28.246010 -15.734087 -21.499972  -1.478834  14.077631  23.334817  11.550168 -16.540010 -50.477507 245
 9.559823  -50.676807 -56.057783 -54.456077 -50.913862 -36.107734 -29.503109 -38.713459 -46.071501 -47.669919 246
10.170484   -3.674442 -37.064419 -36.115709 -31.643917 -20.792776 -25.113543 -29.988985 -19.490663  -1.221781 247
 8.743849  -15.414383 -36.262489 -41.225643 -38.570462 -22.464792 -14.943733 -20.602814 -32.645862 -40.023156 248
 9.135296  -22.491713  -6.055784  -8.226485 -13.428543 -17.103264 -26.826242 -28.970839 -33.955198 -19.925286 249
10.804762  -35.969661 -24.919010 -39.692892 -52.430285 -42.893616 -25.142660 -17.061165 -13.297852  -2.213207 250
 9.398308  147.076428 132.790107  86.165270  48.822715  18.470456   4.517641  -1.670081 -20.377803 -37.424527 251
11.580278   -3.103357   6.516901 -15.447370 -28.903734 -28.236256  -9.949600   3.316162   7.008840   5.751994 252
 9.500737    4.776768  13.307221  -2.570201 -14.660096 -13.718493  -9.773599   1.465575   0.139548  -1.415724 253
10.364206   -9.579980 -10.915635   0.712018   7.571049   2.588239   1.934095  -0.605639 -11.685642  -7.040309 254
 7.794064    5.699932 -19.115919 -26.611563 -23.556118 -11.222464   3.853424  23.503496  21.805437  11.527025 255
 6.777861  -26.833156 -27.406777 -20.894376 -27.483743 -37.118211 -30.373950  -6.453811  24.412702  31.820007 256
 8.832645    7.582111   5.968198   4.587007   4.220198  10.470522  13.543069   0.749276  -9.817694 -26.562489 257
 7.727463  -29.256524   6.121759  -0.508661  -9.205829  -9.766957   2.878069  -0.427102 -26.427268 -41.511842 258
 9.401618   -8.028270 -60.631328 -36.062873 -27.136540 -19.729945 -27.466444 -39.910691 -30.933407 -24.715729 259
 8.352551    4.589971  -7.794495 -15.641554 -23.321011 -25.090584 -18.610625   2.677331  11.926746 -11.748938 260
 7.233582   17.247076   9.823475   0.984390  -7.920045 -18.259812 -35.392403 -50.091647 -64.474608 -73.194408 261
 7.309674  870.051621   9.135451 -36.856690 -77.818571 -98.725807 -71.169903 -51.398828 -21.722501 -22.483450 262
 8.315648 -195.752422 -33.737111  -3.701713  19.609247  24.220038  16.395733  14.130984 -16.825677 -36.623427 263
 7.503657  -89.178520 -69.655444 -58.755025 -56.915249 -59.440738 -41.627811 -18.251460   3.225555   2.799020 264
 5.315106    2.522568 -33.094986 -34.691453 -30.596646 -25.507522 -24.662612 -46.362712 -80.638719 -88.578308 265
13.147932   22.358051 -42.507753 -25.949920  -9.869009  -3.323241   9.014063   9.001512   3.882280  -6.623116 266
 8.000917 -106.865383 -32.461462  -9.249317   4.484590  14.449389  11.704629   6.853852   6.358710  -2.439952 267
 7.782500 -158.598333 -55.782351 -72.486062 -59.351316 -24.143532   4.533390  28.457145  28.749375   4.663399 268
11.353097  -41.248276 -10.990142 -10.849626 -21.351578 -31.660415 -32.273677 -19.527202  -8.265683   7.815108 269
13.515453    5.291684   8.255748  19.306474  13.125619  17.067326  22.951078  27.910096  26.555031  29.481229 271
 6.432401  201.534631  47.808272  25.851870  13.356531  19.929214  25.274490  -0.258112 -39.069472 -62.648174 272
11.606713   22.068772  12.442636   5.106330  12.044901  -9.262901  -6.210995  -7.310672 -22.377636 -31.699871 273