    tempo          80       82.5          85        87.5          90        92.5          95        97.5         100 dia
16.346429  -89.023257 -35.268930  -22.196888  -16.892431    2.610366   -2.382138    5.944060    6.946888   -4.867632 152
10.914638  -96.525199 -27.037158    2.758174   24.453603   26.912138   16.793891   16.329186   14.514207   10.544212 153
10.434113   24.401478   7.694662    8.952355   11.918939   17.718811   12.819830    6.101779  -10.965862  -25.730240 154
16.772817  -88.061636  -7.930968   27.432340   34.965727   16.640858   -8.656213  -11.998547   -4.502287    0.218970 155
15.864852   32.616775  -7.422072  -17.370521  -28.314439  -13.410905   23.398507    5.300224  -10.309684  -26.877951 156
11.554583  137.244237  73.632195   51.817810   41.973529   36.579217   28.233321   -7.416377   -2.648799   61.617198 157
16.364759  -60.787000 -74.289728  -77.672502  -72.585443  -85.385503 -113.388073 -157.735980 -136.645555 -184.524780 158
17.430227   90.780770  41.230660  -14.927208  -65.515230  -72.009010   -1.049751   84.601210  108.734634   59.358383 159
17.963684   61.261515  80.728002   63.098722   48.455419   46.725649   67.240290   92.606902  103.855308   74.487210 160
14.213815  224.183195  40.637479   28.699136   23.530221   20.261659    3.874603  -45.545120  -88.618346  -84.657418 161
14.218611         NaN        NaN         NaN         NaN         NaN         NaN         NaN         NaN         NaN 162
16.407451 -170.074720 -76.163240   24.188522  117.546170  151.361950  123.040570  106.036340   87.923300   70.049870 163
14.376536         NaN        NaN         NaN         NaN         NaN         NaN         NaN         NaN         NaN 164
15.974282         NaN        NaN         NaN         NaN         NaN         NaN         NaN         NaN         NaN 165
16.575960         NaN -67.356575  -80.286650  -82.804050  -43.139008   30.529835   81.569260  108.981995   56.077774 166
15.983868         NaN        NaN         NaN         NaN         NaN         NaN         NaN         NaN         NaN 167
14.243148         NaN        NaN         NaN         NaN         NaN         NaN         NaN         NaN         NaN 168
14.341836  -12.714958 -39.877792 -111.744040 -143.298800 -152.516110 -142.907900 -142.825960 -288.362520 -291.109500 169
14.700031   22.671492  26.726791    1.475625  -66.314125 -130.384410 -167.481170 -183.024950 -175.761400 -121.753710 170
13.530989   -8.544213 -34.008342  -44.331013  -36.251185  -36.933440  -41.091960  -38.944732  -23.342400  -10.450088 171
16.042969   14.719783  19.872242   28.067197  -20.395879  -56.514191  -43.839428   -0.658578   20.861639   31.221878 172
14.830873    1.182004   1.345513    1.538315  -12.000523  -36.216835  -29.080586   -2.426029    3.049523  -10.871374 173
18.565934         NaN  42.890291   61.237797   82.164870  102.870410  122.209660  135.797485  129.118545  104.514075 174
14.267840  -78.357635 -42.077541  -21.083032   -7.477727  -45.699008  -87.857472  -81.272216  -47.746370  -20.835909 175
16.667563 -133.621728 -72.329728  -70.757168  -26.639856  -11.819288    5.921062   54.807695   97.858591   72.803470 176
19.214854   14.724425  38.230519   50.444290   48.693066   39.186180   17.949834  -20.382529  -63.491002  -80.863203 177
15.725875  -14.418789   1.410273  -10.399805  -12.250415    5.742033   22.158081   40.433604   61.872068   50.131363 178
15.247759  -16.568515   6.536477   12.999083   20.572014   23.365565   24.881009   27.533760   18.439295   23.197602 179
15.235139  -27.921152   0.747555   -9.400654  -13.459349  -11.222493  -17.167517  -35.774963  -28.451898   -5.493855 180
19.455278   31.669749  11.821557   22.578154   13.225436  -15.046868  -34.923095  -34.471237  -45.640738  -51.764821 181