    tempo          80       82.5         85       87.5         90       92.5         95       97.5        100 dia
14.222222         NaN -22.746029 -23.689185 -28.574619 -40.277835 -33.872068 -17.250626  10.041404  23.279875 061
12.588380   41.392136  16.537171  17.095021  24.569678  35.804756  18.145262 -28.975850 -70.603624 -82.040778 062
12.323194   13.276124 -27.870644 -23.543324 -21.142459 -17.020899  12.265644  42.566044  45.874606  21.351374 063
13.503642   52.686333  45.004559  52.905690  50.970543 116.730477  81.971149  29.227941 -14.882438 -37.518716 064
11.695741  -97.288055 -18.982802 -12.166928 -14.467176 -21.767326 -17.189690  -3.364872   2.866814  -3.628381 065
10.812976         NaN  27.406461  16.040415   8.201121  15.018097  21.870442   5.900800 -28.027907 -46.593297 066
11.796806         NaN  10.495829   0.464917  -5.897819 -13.631048   1.773806  34.224025  34.577990  -0.008477 067
12.897111         NaN  70.072311  39.683695  15.501502  -3.328120  -7.411611  26.328673  41.393402  35.642298 068
11.262731  -47.848166 -17.680894 -11.619997 -13.467230  -9.591130  16.730106  18.448582  -9.205817 -45.340808 069
10.997639         NaN  39.226103  31.691298  22.833688   9.280425 -10.239062 -16.583491  -9.324335   0.880557 070
11.789861         NaN  11.731175   7.740252  13.070870  13.478338  30.132162  50.862925  32.539284   4.921915 071
10.734750   29.405506  16.346193  12.227493  16.952500  10.538113 -10.674550 -22.244848 -18.350626 -24.530434 072
 9.559506   -5.838711  -0.247190   6.483544   0.281315   1.051277  10.492324  25.045779   7.510868 -37.444435 073
10.471417         NaN   8.166247   9.111594  -9.287992 -32.965468 -15.087122  10.729602   1.470753   4.406731 074
10.279524   65.067474  64.895848  53.733878  53.913504  44.080736  33.462319  19.138336   2.486914  -8.015402 075
 9.937130  -16.114937 -10.053857 -12.425594 -16.228356  -7.704525   7.887584  21.125233  -2.111022 -43.674728 076
 9.671722   28.766697   6.589212  -1.804411  12.961379  30.855362  28.847543  19.372798 -11.434607 -29.821675 077
10.463542         NaN   3.775282  -2.512147 -16.520960   4.460652  10.893737   1.442302   2.155552   7.895463 078
 9.311597 -109.494933 -15.939022   9.581295  38.524280  47.719109  36.375630  15.344278  -9.571625 -20.899730 079
 8.233827    0.578809   0.095229  27.215194  19.833991   4.612876   7.883023   2.813998  -6.597677 -21.097220 080
 9.145472         NaN  15.895651  31.064852  32.915332  28.603452  12.641336 -10.192486 -36.732606 -24.292005 081
13.860694   25.052757   0.304650  -4.275615 -10.117805 -16.111105 -26.618730 -38.006559 -59.546899 -77.072884 082
12.533333         NaN -19.019185  -6.566395  14.574974  24.397648  30.276368  31.176144  28.103918  -0.829493 083
10.383646         NaN  38.069781  11.440201 -16.430300   6.705481  38.666983  39.736667  15.162801 -15.218721 084
13.272847         NaN  14.789841  30.002891  20.747174  15.193277  -0.114649  -7.025090 -11.030763 -10.783201 085
14.053194         NaN  28.074702  10.692427  -1.935943   6.285824  30.453786  83.906695  75.262823  47.750153 086
12.400611  -28.872057  -2.225591   6.876404   6.286898  21.028236  10.727676   7.717888  12.797789  30.811894 087
11.239691   -5.194561 -37.978339 -13.251770  14.428313  20.283916  48.205422  66.570419  64.048554   5.916371 088
12.312160         NaN -12.895734  -7.216127   3.375443  16.030198  20.222853  -4.009378 -27.733484 -32.274949 089
15.094074         NaN   2.712155  -5.181685  -7.071935  16.783969  35.644421  81.209593  90.248697  59.025236 090