    tempo  70  72.5  75  77.5        80      82.5        85      87.5        90      92.5        95      97.5       100 dia
11.733210 NaN   NaN NaN   NaN 25.145655 22.094267 18.698005 16.786891 15.661883 15.327190 16.172660 17.402912 15.903208 214
12.512028 NaN   NaN NaN   NaN 29.729695 21.274076 18.747146 17.045840 14.702690 15.461069 17.209256 16.462719 16.152477 215
16.226265 NaN   NaN NaN   NaN 23.763064 23.216222 19.232177 17.374729 16.463926 15.482816 14.749989 15.800855 17.447986 216
11.234120 NaN   NaN NaN   NaN 23.221175 21.570605 18.219021 16.196078 15.235608 14.241139 14.117751 14.509289 15.110841 217
14.715787 NaN   NaN NaN   NaN       NaN 19.326107 16.284113 13.747627 11.471712 11.799519 11.701687 11.135508 12.157724 218
14.164000 NaN   NaN NaN   NaN 35.554242 26.836322 23.630564 20.382778 18.251309 18.104703 18.747953 12.678702 12.998797 219
14.555556 NaN   NaN NaN   NaN 23.787445 21.367946 17.725828 15.658995 14.481973 14.713355 15.501391 14.975905 14.592601 220
14.202222 NaN   NaN NaN   NaN 22.228353 17.217492 14.300096 11.531802 10.997042 10.655685 11.904958 13.471664 13.678000 221
12.930595 NaN   NaN NaN   NaN 26.128150 18.137544 14.427047 12.458011 11.920846 11.599991 11.273811 11.016182 12.352239 222
12.732540 NaN   NaN NaN   NaN 20.210659 21.336629 17.489795 15.383359 14.382931 12.044697 11.227232 15.774927 14.318579 223
 9.919444 NaN   NaN NaN   NaN       NaN 19.153368 14.817260 12.738951 12.009537 12.381420 14.377998 14.087938 13.490611 224
12.593095 NaN   NaN NaN   NaN 19.536699 16.284937 13.827014 12.813221 10.030626  8.082160  9.672370 11.379739 11.570370 225
16.606296 NaN   NaN NaN   NaN 13.818837 14.192844  9.805052  8.771571  7.535280  6.370314  7.227919  8.818637 10.676816 226
12.558958 NaN   NaN NaN   NaN 22.349084 19.802488 16.981980 12.934561  9.692103  9.122557 11.824698 12.595744  9.369303 227
13.743722 NaN   NaN NaN   NaN 22.433221 21.877781 16.161509 15.283147 12.016005 10.154608 10.602200 11.580342 14.616382 228
16.375185 NaN   NaN NaN   NaN       NaN 16.481891  8.155218  6.842571  6.707352  7.152733  8.666724  9.304884 10.221064 229
13.322056 NaN   NaN NaN   NaN 19.534176 13.244534  7.305129  7.085250  9.346185 10.675396 12.437275 13.169321 14.002654 230
11.625278 NaN   NaN NaN   NaN 20.540312 15.084670 10.266030  9.888460 10.147405 14.235711 12.317201 10.480929 10.602625 231
13.223722 NaN   NaN NaN   NaN       NaN 16.905702 12.110369 12.013087 13.085064 12.486593 12.539247 13.414046 14.602908 232
17.346111 NaN   NaN NaN   NaN       NaN 15.671062 11.496221  9.726842 11.204674 12.884098 14.382631 15.317329 16.234406 233
13.463000 NaN   NaN NaN   NaN       NaN 21.492946 14.105790  8.579450  9.712021 10.797102 12.509607  9.030238 10.513879 234
13.856296 NaN   NaN NaN   NaN 21.152723 20.264341 14.740145 12.146687 12.023717 13.102686 13.068236 13.090041 13.464309 235
16.889278 NaN   NaN NaN   NaN       NaN 20.926364 14.988598 12.449132 12.706310 12.574596 12.247101 12.746397 13.872261 236
14.264405 NaN   NaN NaN   NaN       NaN 21.121925 18.672778 12.445511 10.927743 11.687320 13.060685 13.996892 15.221757 237
13.601157 NaN   NaN NaN   NaN 28.427480 20.868785 16.534191 13.674762 11.603519 12.443503 13.653840 15.359844 17.515246 238
11.423565 NaN   NaN NaN   NaN 25.221122 20.472297 16.344694 13.498323 12.936929 13.702944 14.244041 14.267092 14.219820 239
12.759921 NaN   NaN NaN   NaN       NaN 21.105885 17.532464 13.811517 12.681988 12.029406 13.120218 13.428040 14.501303 240
 9.717569 NaN   NaN NaN   NaN       NaN 22.287006 20.514525 18.627516 17.985084 17.324194 18.508169 18.322253 18.249518 241
 9.975278 NaN   NaN NaN   NaN 22.999253 21.161649 18.610407 16.006720 14.359576 13.763550 13.176986 14.843867 16.482379 242
11.965040 NaN   NaN NaN   NaN 23.460718 23.172160 19.209917 15.734547 13.838163 14.205468 14.996081 16.235873 17.639223 243