    tempo          80       82.5         85       87.5          90       92.5         95       97.5        100 dia
11.212971  -66.875926 -34.284421 -25.158722 -21.110577  -22.841430 -34.121256 -39.767849 -49.851379 -54.089557 244
10.922344    7.621562 -52.595588 -44.493103 -54.687582  -62.392313 -35.092017 -12.926573  -2.612008  -3.140221 245
10.543108   53.633677 -40.829891 -49.664740 -70.444415 -100.090696 -99.211027 -64.234934 -36.314300 -28.231515 246
 8.405132  -59.889274 -54.582291 -58.441628 -59.034007  -54.559692 -41.754826 -40.933563 -48.184284 -49.489273 247
10.535906  -24.412780 -37.679711 -37.970850 -24.869978  -12.911195 -22.486876 -25.561270 -28.123457 -38.915125 248
 8.468056   -2.432170  24.402588   9.958350 -16.090715  -25.185769 -26.600180  -7.354824 -15.282119 -21.173095 249
11.800481  -62.572090 -38.132806 -12.549818   2.719578    5.858332 -15.541780 -43.664705 -59.009290 -46.487339 250
 9.880374  -19.058579   4.521093 -10.264703 -27.201171  -45.945966 -61.636704 -59.224874 -40.522881 -14.263811 251
 8.791417   22.570637  -4.429810  -3.839789  -8.356997  -19.672798 -41.346866 -32.191184 -30.218746 -38.967200 252
 9.297910  -74.614184 -38.639487 -41.870811 -42.441045  -40.872869 -43.302395 -43.468465 -39.702674 -41.275182 253
 7.611285  -22.168286 -33.680637 -38.813361 -39.388681  -61.680136 -75.272890 -76.434794 -75.898273 -32.482179 254
 8.786078  -41.567258 -26.116028 -22.430554 -19.764398  -19.032304 -35.576125 -58.693716 -54.410767  -4.999784 255
 6.658090   -4.506918 -27.528905 -16.802967  -3.363044   -5.915340 -21.251128 -46.373192 -42.596445 -48.225654 256
 8.927562   -5.337953 -21.466585  -7.371134   0.450686   -4.342721 -16.364672 -33.879365 -51.184628 -64.611695 257
 8.547536  -15.494280 -25.341484 -23.436597 -40.569015  -45.991858 -45.169770 -60.054989 -58.867224 -44.688714 258
 7.902932  -19.241563 -18.267037 -20.999668 -36.399484  -29.691620 -29.039529 -18.809032   4.474828  21.217653 259
 8.169722  -75.589391 -16.852858 -14.844645  -7.626125  -10.417605 -27.727884 -43.901129 -44.780339 -49.183030 260
 7.227458  -42.068333 -41.167047 -34.525020 -45.418802  -56.866190 -78.955923 -78.528301 -52.957075 -25.380422 261
 8.369921  -40.743084 -17.220189 -16.637835 -14.592336  -12.584250 -17.391393 -24.122041  -2.983182  29.962609 262
 5.325266  -23.650549  14.832703  58.437934  54.830850   50.215329  36.315519  12.686237   4.439262  -8.478352 263
 4.856204  -49.262496 -23.132977 -21.024963 -23.099344  -25.512455 -25.905639 -27.779438 -41.285151 -54.847854 264
13.092431 -110.632290 -51.205199 -39.366247  -8.654232    9.811436  10.150685  -7.778271 -38.635502 -53.120275 265
 5.415195   50.196438  38.861486  25.406057  16.760089   14.170445  10.417821  11.577049  16.754068  14.662557 266
10.604528   15.442918   4.656549 -12.666874 -12.877464   -9.899980  -2.476141   4.356045  17.922615  16.964411 267
13.949640    8.833563   7.429290   8.729560  -7.786723   -4.076675  -5.987316 -24.899855 -44.987102 -83.811400 268
13.853776  -32.664482 -13.372948  10.548030  22.555589    5.249682 -32.842509 -74.120991 -95.442669 -79.284712 269
 6.421648  -54.748255   6.086608   3.178574   1.635482   -2.576086   6.159532  12.153675  10.923428  11.931124 270
11.940880  -33.875754 -60.341449 -52.485482 -35.420687  -23.666874 -13.063358  -1.061833   3.897395 -13.931805 271
14.617535   10.404026  -6.939632 -12.575234 -25.678763  -44.930920 -37.819939 -13.262971 -13.707537  -0.080745 272
 8.240708  116.627662   5.579699  -8.457420 -13.527052   -6.982994  -6.903912  11.980024  21.040201  26.518248 273