    tempo         80       82.5         85       87.5         90       92.5         95       97.5        100 dia
13.452160 -66.041667 -54.180921 -45.094926 -28.595207 -34.895123 -44.397924 -41.150255 -19.365845   5.787011 060
16.885884  86.296542  25.721721  31.566998  32.968471  31.015420  13.309367 -13.954444 -31.151117 -47.963440 061
12.588395 -67.428535 -37.430055 -32.629832 -25.933092 -22.393282 -23.808768 -26.407198 -20.655802 -24.711857 062
12.323130 -91.003233 -64.053946 -69.984948 -51.381108 -13.368435 -16.590509 -59.216894 -73.478202 -58.975457 063
14.096200   7.538462 -20.909562 -23.605534  -8.352161  16.337075   9.704681  -7.729833 -17.963377 -15.559546 064
12.026763  -1.355671  14.256314 -16.998209 -34.061891 -36.360974 -33.752058 -30.985452 -27.709288 -25.774260 065
11.872238 -18.601206 -28.023575 -32.809427 -27.315154 -17.857113 -19.842950 -24.906941 -14.878948 -20.700047 066
11.796972 -18.530817 -35.708162 -36.149350 -24.454958 -17.138468 -18.786528 -23.212538 -36.895576 -22.083319 067
14.023868  85.187729  34.766884  25.211985  15.451397  20.413441  22.345210   0.989131   5.347024  14.457489 068
11.262731 -74.487435 -63.660118 -64.889484 -51.257178 -28.805384 -37.269602 -37.889584 -38.565251  -8.914809 069
11.461687 -60.394204 -29.348055 -15.568209   6.310924  13.725974  -7.192092 -29.249433 -61.115677 -37.781297 070
12.427285 -10.366310  -7.000150 -14.635607 -26.871470 -24.173467  -7.207032   8.701757  27.996273  42.367390 071
10.734593 -26.446131  -1.207491  -3.261240  -1.881321  -7.577270  -6.626970 -19.611445 -30.776509 -16.462469 072
10.360162 -41.386972 -26.528692 -23.873057 -19.097955 -23.603070 -37.455329 -57.671306 -68.815503 -45.504990 073
10.935367 -76.268156 -30.668338 -43.317415 -41.445238 -36.611412 -32.420244 -11.150030  -4.784841  21.610781 074
10.279590  27.857969  18.724930  15.237733  13.937919  20.120799   7.168906 -19.183115 -29.849445  -2.050496 075
 9.936975 -73.919523 -80.895566 -88.621787 -89.168358 -70.795420 -52.880741 -60.115570 -61.257408 -48.933577 076
10.135823 -30.406092 -14.229091 -12.240122 -11.137337  -3.051266   1.015465  -5.471855 -14.654227 -14.857376 077
10.309529  19.506881 -28.278703 -41.067433 -37.125178 -21.084255  -1.917862 -20.594408 -34.885689 -38.690968 078
 9.311412  -8.960101 -26.496693 -40.643537 -60.704332 -60.781159 -49.641614 -40.497782 -17.253223 -18.703846 079
 8.233683 -19.579488 -48.519909 -53.302185 -40.477656 -17.655702  -7.703711 -21.702182 -34.963540 -44.416692 080
 9.145213   6.596519 -15.703894 -20.928831 -15.264936 -11.545587 -11.097066 -22.494404 -37.039105  -9.539049 081
14.335628  13.257925 -21.804010 -26.102880 -23.335069 -36.516456 -34.001847  -9.548475  13.259509  10.526688 082
12.533310 -91.614390 -49.322422 -50.701831 -47.623766 -38.830669 -25.382091 -37.150463 -71.936351 -96.379536 083
12.090597 -99.267612 -10.562877  -0.231318 -12.549322 -15.396880  -2.681870  11.604596   5.195491  -1.495298 084
13.272650  31.550030 -24.116418 -14.873938 -12.730345  -7.713136 -16.766571 -27.809112 -18.725884   2.691035 085
14.053194 -56.506728 -34.033910 -35.340019 -30.296976 -22.018715  -8.128920   1.426058  -1.247520 -14.005765 086
12.400593   0.931177  -7.181312   0.417425  14.855569  -2.144274  -3.666838   0.669163 -11.942302 -27.064195 087
11.621827 -15.542263  -7.877280 -10.901975 -15.611114 -23.287827 -27.440748 -14.395382 -13.627357  -7.431927 088
11.489256 -13.569370 -17.945141 -12.432750  -9.214216 -10.944865 -20.118069 -18.530491  -8.118195  -9.759563 089
14.122083 -78.303956 -49.585916 -55.582458 -56.116640 -36.263594  -7.680308   3.973335 -18.159837 -55.635013 090